,0,1,2,3,4,5
0,[10 2 6 1 3 2 1 0 0 0 0 0 0 0 0 0 0 0 0 0 0 0 0 0 0],"tf.Tensor([2.8447878 1.7887958 1.8887436 2.9390953 3.231081  1.       ], shape=(6,), dtype=float32)",0.0,[10 3 6 1 3 2 1 0 0 0 0 0 0 0 0 0 0 0 0 0 0 0 0 0 0],False,"tf.Tensor(
[[2.8447878 1.7887958 1.8887436 2.9390953 3.231081  2.875667  4.269834
  3.0244806 3.6267066 2.1456044 3.2173653 2.7605805 3.9396377 2.4119592
  3.838068  4.203441  3.7466483 4.0034533]], shape=(1, 18), dtype=float32)"
1,[10 3 6 1 3 2 1 0 0 0 0 0 0 0 0 0 0 0 0 0 0 0 0 0 0],"tf.Tensor([2.9451656 1.8476433 2.000445  2.960981  3.3402429 1.       ], shape=(6,), dtype=float32)",4.0,[11 1 0 0 0 0 0 6 1 3 2 1 0 2 0 0 0 0 0 0 0 0 0 0 0],False,"tf.Tensor(
[[2.9451656 1.8476433 2.000445  2.960981  3.3402429 2.9396374 4.384129
  3.1167252 3.8119924 2.2398493 3.2963471 2.7972276 4.062487  2.4534423
  3.9399285 4.3072577 3.8068619 4.096056 ]], shape=(1, 18), dtype=float32)"
2,[11 1 0 0 0 0 0 6 1 3 2 1 0 2 0 0 0 0 0 0 0 0 0 0 0],[1 1 0 0 1 2],0.30000000000000004,[11 2 5 6 5 0 0 0 0 4 4 0 0 2 0 0 0 0 0 0 0 0 0 0 0],False,"tf.Tensor(
[[3.5265076 2.5855405 1.5582186 3.3119135 2.7958581 3.5844784 4.069958
  3.3830771 3.282134  1.3808495 3.2697337 2.7585459 4.357549  3.8711526
  3.7230835 3.8224475 4.8156357 3.5208964]], shape=(1, 18), dtype=float32)"
3,[11 2 5 6 5 0 0 0 0 4 4 0 0 2 0 0 0 0 0 0 0 0 0 0 0],"tf.Tensor([ 4.792229   3.7727299  2.7295988  3.8959026  4.05665   10.       ], shape=(6,), dtype=float32)",0.2,[11 3 5 6 5 4 4 0 0 0 0 0 0 2 0 0 0 0 0 0 0 0 0 0 0],False,"tf.Tensor(
[[4.792229  3.7727299 2.7295988 3.8959026 4.05665   3.4597232 4.303853
  4.1471033 4.837608  2.65273   4.5271645 3.698272  5.3747826 4.008725
  4.6340213 5.8520823 4.9499187 5.0284657]], shape=(1, 18), dtype=float32)"
4,[11 3 5 6 5 4 4 0 0 0 0 0 0 2 0 0 0 0 0 0 0 0 0 0 0],"tf.Tensor([ 4.4484386  3.4863603  2.9857273  4.3027782  4.004617  10.       ], shape=(6,), dtype=float32)",0.0,[12 1 0 0 0 0 0 5 6 2 3 5 0 2 0 0 0 0 0 0 0 0 0 0 0],False,"tf.Tensor(
[[4.4484386 3.4863603 2.9857273 4.3027782 4.004617  3.232831  4.475262
  4.707842  4.78241   2.9884481 4.8110213 3.6418388 5.485075  2.8353617
  5.2225165 5.7429147 4.8517632 5.6001887]], shape=(1, 18), dtype=float32)"
5,[12 1 0 0 0 0 0 5 6 2 3 5 0 2 0 0 0 0 0 0 0 0 0 0 0],"tf.Tensor([4.132093  3.142551  1.7547301 3.5747454 3.9482937 1.       ], shape=(6,), dtype=float32)",0.5,[12 2 6 2 5 2 5 0 0 0 0 0 0 2 0 0 0 0 0 0 0 0 0 0 0],False,"tf.Tensor(
[[4.132093  3.142551  1.7547301 3.5747454 3.9482937 4.099475  5.3232875
  4.1690893 4.350286  1.8454916 4.2240396 3.334275  5.09988   4.8922358
  4.278121  4.7547145 5.26932   4.2406454]], shape=(1, 18), dtype=float32)"
6,[12 2 6 2 5 2 5 0 0 0 0 0 0 2 0 0 0 0 0 0 0 0 0 0 0],"tf.Tensor([ 3.7913723  3.0000129  2.3464692  4.003183   3.6559148 10.       ], shape=(6,), dtype=float32)",0.0,[12 3 6 2 5 2 5 0 0 0 0 0 0 2 0 0 0 0 0 0 0 0 0 0 0],False,"tf.Tensor(
[[3.7913723 3.0000129 2.3464692 4.003183  3.6559148 3.0522387 4.196937
  3.9788783 4.013776  2.485824  4.406971  3.4016516 4.97694   2.8809357
  4.6094456 5.2272205 4.406981  5.083809 ]], shape=(1, 18), dtype=float32)"
7,[12 3 6 2 5 2 5 0 0 0 0 0 0 2 0 0 0 0 0 0 0 0 0 0 0],"tf.Tensor([ 3.869397   3.0317168  2.4839118  4.0326266  3.7393827 10.       ], shape=(6,), dtype=float32)",0.0,[13 1 0 0 0 0 0 6 2 5 2 5 0 2 0 0 0 0 0 0 0 0 0 0 0],False,"tf.Tensor(
[[3.869397  3.0317168 2.4839118 4.0326266 3.7393827 3.1370993 4.3393145
  4.0541525 4.219029  2.5909598 4.499926  3.4401324 5.0907297 2.9079957
  4.7473044 5.3236794 4.48124   5.172672 ]], shape=(1, 18), dtype=float32)"
8,[13 1 0 0 0 0 0 6 2 5 2 5 0 2 0 0 0 0 0 0 0 0 0 0 0],[1 0 0 0 0 0],0.1,[13 2 3 0 0 0 0 0 5 1 4 6 0 2 0 0 0 0 0 0 0 0 0 0 0],False,"tf.Tensor(
[[4.3056307 3.1720796 1.9833171 3.4869993 3.650587  4.528092  5.4639053
  4.0841403 4.588688  1.7091999 3.941722  3.406592  5.2493196 4.997594
  4.492222  4.5865626 5.9283776 3.9530349]], shape=(1, 18), dtype=float32)"
9,[13 2 3 0 0 0 0 0 5 1 4 6 0 2 0 0 0 0 0 0 0 0 0 0 0],"tf.Tensor([ 4.3717237  3.2596016  2.1763134  3.6410317  4.3073835 11.       ], shape=(6,), dtype=float32)",0.4,[13 3 3 5 1 4 6 0 0 0 0 0 0 2 0 0 0 0 0 0 0 0 0 0 0],False,"tf.Tensor(
[[4.3717237 3.2596016 2.1763134 3.6410317 4.3073835 3.8283184 5.2670517
  4.2150884 4.939083  2.2583756 4.5451026 3.7357788 5.1301136 4.4569845
  4.2236624 5.1218348 5.275584  4.489089 ]], shape=(1, 18), dtype=float32)"
10,[13 3 3 5 1 4 6 0 0 0 0 0 0 2 0 0 0 0 0 0 0 0 0 0 0],"tf.Tensor([ 3.9174232  2.8337352  2.1863508  3.5000088  3.359204  12.       ], shape=(6,), dtype=float32)",38.0,[14 1 0 0 0 0 0 3 2 4 2 6 0 2 0 0 0 0 0 0 0 0 0 0 19],True,"tf.Tensor(
[[3.9174232 2.8337352 2.1863508 3.5000088 3.359204  3.5212762 4.153787
  3.6515012 4.4289846 2.272804  4.036972  3.199294  4.6486335 3.3203895
  3.9908323 4.6336374 4.2753673 4.653784 ]], shape=(1, 18), dtype=float32)"
11,[1 1 0 0 0 0 0 2 1 3 2 2 0 0 0 0 0 0 0 0 0 0 0 0 0],"tf.Tensor([ 1.5671766  1.7461293  1.0538127  1.1512228  1.9847498 11.       ], shape=(6,), dtype=float32)",0.5,[1 2 2 1 3 2 2 0 0 0 0 0 0 0 0 0 0 0 0 0 0 0 0 0 0],False,"tf.Tensor(
[[1.5671766 1.7461293 1.0538127 1.1512228 1.9847498 1.6950319 1.713091
  1.2913959 2.084555  0.9798711 1.4926064 1.3129276 2.2212572 2.1047463
  1.6573447 1.7148046 2.2884514 1.4327892]], shape=(1, 18), dtype=float32)"
12,[1 2 2 1 3 2 2 0 0 0 0 0 0 0 0 0 0 0 0 0 0 0 0 0 0],"tf.Tensor([ 1.7900475  1.6952119  1.3387761  1.8340819  1.8056539 11.       ], shape=(6,), dtype=float32)",0.0,[1 3 2 1 3 2 2 0 0 0 0 0 0 0 0 0 0 0 0 0 0 0 0 0 0],False,"tf.Tensor(
[[1.7900475 1.6952119 1.3387761 1.8340819 1.8056539 1.3762767 1.526589
  1.813843  2.0828276 1.2865548 1.9285928 1.4889896 2.1549745 1.2359351
  2.1458151 2.1257613 2.2486036 2.0694966]], shape=(1, 18), dtype=float32)"
13,[1 3 2 1 3 2 2 0 0 0 0 0 0 0 0 0 0 0 0 0 0 0 0 0 0],"tf.Tensor([ 1.8165787  1.711037   1.4325397  1.8862302  1.8644116 11.       ], shape=(6,), dtype=float32)",0.0,[2 1 0 0 0 0 0 2 1 3 2 2 0 0 0 0 0 0 0 0 0 0 0 0 0],False,"tf.Tensor(
[[1.8165787 1.711037  1.4325397 1.8862302 1.8644116 1.4074904 1.6541024
  1.8576573 2.1709037 1.3515494 2.0279822 1.4920254 2.266661  1.2727689
  2.2500196 2.226982  2.2773652 2.1620152]], shape=(1, 18), dtype=float32)"
14,[2 1 0 0 0 0 0 2 1 3 2 2 0 0 0 0 0 0 0 0 0 0 0 0 0],"tf.Tensor([ 1.7013718  1.6673589  1.0238985  1.2123829  1.9846057 11.       ], shape=(6,), dtype=float32)",0.5,[2 2 2 5 3 4 1 0 0 0 0 0 0 0 0 0 0 0 0 0 0 0 0 0 0],False,"tf.Tensor(
[[1.7013718 1.6673589 1.0238985 1.2123829 1.9846057 1.8534377 1.9163065
  1.3423246 2.180633  0.9335188 1.5111837 1.3673683 2.2932918 2.1725018
  1.6818796 1.8069351 2.4208267 1.5173216]], shape=(1, 18), dtype=float32)"
15,[2 2 2 5 3 4 1 0 0 0 0 0 0 0 0 0 0 0 0 0 0 0 0 0 0],"tf.Tensor([ 2.6589751  2.1748936  1.8517226  2.4470484  2.425776  10.       ], shape=(6,), dtype=float32)",0.0,[2 3 2 5 3 4 1 0 0 0 0 0 0 0 0 0 0 0 0 0 0 0 0 0 0],False,"tf.Tensor(
[[2.6589751 2.1748936 1.8517226 2.4470484 2.425776  2.0141716 2.4991248
  2.6988115 3.1088054 1.7403102 2.5681865 1.9432287 2.911402  1.5304465
  3.0131655 3.250727  2.9635894 3.028002 ]], shape=(1, 18), dtype=float32)"
16,[2 3 2 5 3 4 1 0 0 0 0 0 0 0 0 0 0 0 0 0 0 0 0 0 0],"tf.Tensor([ 2.7067823  2.1991394  1.9645133  2.4584157  2.4865992 10.       ], shape=(6,), dtype=float32)",60.0,[3 1 0 0 0 0 0 2 5 3 4 1 0 0 0 0 0 0 0 0 0 0 30 0 0],False,"tf.Tensor(
[[2.7067823 2.1991394 1.9645133 2.4584157 2.4865992 2.046178  2.6433337
  2.7678237 3.2516427 1.8280327 2.6615934 1.9616101 3.0258672 1.5712912
  3.1287656 3.315829  3.0100994 3.0839226]], shape=(1, 18), dtype=float32)"
17,[3 1 0 0 0 0 0 2 5 3 4 1 0 0 0 0 0 0 0 0 0 0 30 0 0],"tf.Tensor([2.8948421 2.9769762 2.241983  2.7506783 1.5847925 9.       ], shape=(6,), dtype=float32)",0.5,[3 2 5 6 6 4 1 0 0 0 0 0 0 0 0 0 0 0 0 0 0 0 30 0 0],False,"tf.Tensor(
[[2.8948421 2.9769762 2.241983  2.7506783 1.5847925 2.226676  2.8906233
  2.9822173 3.9155502 2.9099236 2.9684052 1.5959375 2.5086854 1.9399385
  4.587414  2.9160428 4.416883  2.3704147]], shape=(1, 18), dtype=float32)"
18,[3 2 5 6 6 4 1 0 0 0 0 0 0 0 0 0 0 0 0 0 0 0 30 0 0],"tf.Tensor([2.4169712 3.8808296 2.5878944 2.6558578 2.2961857 9.       ], shape=(6,), dtype=float32)",0.0,[3 3 5 6 6 4 1 0 0 0 0 0 0 0 0 0 0 0 0 0 0 0 30 0 0],False,"tf.Tensor(
[[2.4169712 3.8808296 2.5878944 2.6558578 2.2961857 2.106487  2.6212556
  2.8104424 4.453531  3.1619327 3.0386324 1.6008544 2.4565756 2.4904664
  4.5589123 2.6697304 4.139381  2.5369682]], shape=(1, 18), dtype=float32)"
19,[3 3 5 6 6 4 1 0 0 0 0 0 0 0 0 0 0 0 0 0 0 0 30 0 0],"tf.Tensor([2.5101323 3.9050932 2.6032076 2.6913807 2.342083  9.       ], shape=(6,), dtype=float32)",0.0,[4 1 0 0 0 0 0 5 6 6 4 1 0 0 0 0 0 0 0 0 0 0 30 0 0],False,"tf.Tensor(
[[2.5101323 3.9050932 2.6032076 2.6913807 2.342083  2.194395  2.669875
  2.871736  4.512935  3.1880755 3.065656  1.6514697 2.539366  2.5265532
  4.64469   2.6873314 4.2834787 2.5901778]], shape=(1, 18), dtype=float32)"
20,[4 1 0 0 0 0 0 5 6 6 4 1 0 0 0 0 0 0 0 0 0 0 30 0 0],"tf.Tensor([3.3401885 3.457156  2.6025789 3.0906432 1.8774256 9.       ], shape=(6,), dtype=float32)",0.5,[4 2 2 3 5 2 3 0 0 0 0 0 0 0 0 0 0 0 0 0 0 0 30 0 0],False,"tf.Tensor(
[[3.3401885 3.457156  2.6025789 3.0906432 1.8774256 2.6858175 3.3866732
  3.520081  4.383821  3.2972603 3.3589408 2.0616498 3.180238  2.5334795
  5.3289013 3.4008732 5.111667  2.8088846]], shape=(1, 18), dtype=float32)"
21,[4 2 2 3 5 2 3 0 0 0 0 0 0 0 0 0 0 0 0 0 0 0 30 0 0],"tf.Tensor([2.4343143 3.304742  2.1487856 2.2945356 1.8981336 9.       ], shape=(6,), dtype=float32)",0.0,[4 3 2 3 5 2 3 0 0 0 0 0 0 0 0 0 0 0 0 0 0 0 30 0 0],False,"tf.Tensor(
[[2.4343143 3.304742  2.1487856 2.2945356 1.8981336 2.1096346 2.554765
  2.7553377 3.9176185 2.5947309 2.6470072 1.5217099 2.2333822 2.1095376
  4.0016975 2.5322804 3.91328   2.1694036]], shape=(1, 18), dtype=float32)"
22,[4 3 2 3 5 2 3 0 0 0 0 0 0 0 0 0 0 0 0 0 0 0 30 0 0],"tf.Tensor([2.5138683 3.3342671 2.1635072 2.3382525 1.9589882 9.       ], shape=(6,), dtype=float32)",0.0,[5 1 0 0 0 0 0 2 3 5 2 3 0 0 0 0 0 0 0 0 0 0 30 0 0],False,"tf.Tensor(
[[2.5138683 3.3342671 2.1635072 2.3382525 1.9589882 2.188258  2.614459
  2.8196704 3.9772058 2.6230826 2.6933644 1.5741291 2.3187704 2.151788
  4.085229  2.5589337 4.060623  2.2271662]], shape=(1, 18), dtype=float32)"
23,[5 1 0 0 0 0 0 2 3 5 2 3 0 0 0 0 0 0 0 0 0 0 30 0 0],"tf.Tensor([2.7823038 2.9153738 2.072149  2.4881997 1.6203817 9.       ], shape=(6,), dtype=float32)",0.5,[5 2 5 3 1 4 2 0 0 0 0 0 0 0 0 0 0 0 0 0 0 0 30 0 0],False,"tf.Tensor(
[[2.7823038 2.9153738 2.072149  2.4881997 1.6203817 2.3411534 2.795486
  2.8652952 3.6885495 2.8303216 2.6138585 1.462475  2.5935783 2.0906923
  4.473941  2.6828985 4.356839  2.2844772]], shape=(1, 18), dtype=float32)"
24,[5 2 5 3 1 4 2 0 0 0 0 0 0 0 0 0 0 0 0 0 0 0 30 0 0],[ 1  0  1  0  1 11],0.0,[5 3 5 3 1 4 2 0 0 0 0 0 0 0 0 0 0 0 0 0 0 0 30 0 0],False,"tf.Tensor(
[[2.6677315 3.128257  2.2946908 2.4014654 1.9553926 2.3302984 2.8393877
  2.7987766 4.0495834 2.5063353 2.9177468 1.6548486 2.4365196 2.1857278
  4.1439786 2.6009169 4.2915344 2.2697613]], shape=(1, 18), dtype=float32)"
25,[5 3 5 3 1 4 2 0 0 0 0 0 0 0 0 0 0 0 0 0 0 0 30 0 0],"tf.Tensor([ 2.7521453  3.173497   2.303867   2.4523082  2.022708  11.       ], shape=(6,), dtype=float32)",0.0,[6 1 0 0 0 0 0 5 3 1 4 2 0 0 0 0 0 0 0 0 0 0 30 0 0],False,"tf.Tensor(
[[2.7521453 3.173497  2.303867  2.4523082 2.022708  2.4090445 2.8772738
  2.8658745 4.105855  2.534832  2.9599304 1.7019588 2.5248203 2.2248478
  4.228232  2.6313744 4.43628   2.3321025]], shape=(1, 18), dtype=float32)"
26,[6 1 0 0 0 0 0 5 3 1 4 2 0 0 0 0 0 0 0 0 0 0 30 0 0],"tf.Tensor([ 3.1163044  2.7220032  2.0631409  2.445855   1.8412484 11.       ], shape=(6,), dtype=float32)",0.5,[6 2 3 6 4 4 1 0 0 0 0 0 0 0 0 0 0 0 0 0 0 0 30 0 0],False,"tf.Tensor(
[[3.1163044 2.7220032 2.0631409 2.445855  1.8412484 2.7203462 3.1445024
  2.9684103 3.9896302 2.6662521 2.7464097 1.6312524 2.7727907 2.0638041
  4.669873  2.6763024 4.9037642 2.4065447]], shape=(1, 18), dtype=float32)"
27,[6 2 3 6 4 4 1 0 0 0 0 0 0 0 0 0 0 0 0 0 0 0 30 0 0],"tf.Tensor([2.7207355 3.6030388 2.5085526 2.5355303 1.8508956 9.       ], shape=(6,), dtype=float32)",0.0,[6 3 3 6 4 4 1 0 0 0 0 0 0 0 0 0 0 0 0 0 0 0 30 0 0],False,"tf.Tensor(
[[2.7207355 3.6030388 2.5085526 2.5355303 1.8508956 2.2027793 2.8695524
  3.0002553 4.3863883 3.050879  2.827303  1.665527  2.428961  2.2098138
  4.5179305 2.763062  4.1228366 2.4560487]], shape=(1, 18), dtype=float32)"
28,[6 3 3 6 4 4 1 0 0 0 0 0 0 0 0 0 0 0 0 0 0 0 30 0 0],"tf.Tensor([2.7867465 3.6469038 2.506132  2.5660806 1.9210938 9.       ], shape=(6,), dtype=float32)",0.0,[7 1 0 0 0 0 0 3 6 4 4 1 0 0 0 0 0 0 0 0 0 0 30 0 0],False,"tf.Tensor(
[[2.7867465 3.6469038 2.506132  2.5660806 1.9210938 2.2793794 2.9212425
  3.0696173 4.437328  3.0804517 2.859634  1.7158688 2.5128975 2.2625182
  4.592015  2.7902255 4.2622256 2.5008996]], shape=(1, 18), dtype=float32)"
29,[7 1 0 0 0 0 0 3 6 4 4 1 0 0 0 0 0 0 0 0 0 0 30 0 0],"tf.Tensor([3.2211456 3.2913446 2.159655  2.7859836 1.8799701 9.       ], shape=(6,), dtype=float32)",0.5,[7 2 1 2 3 1 3 0 0 0 0 0 0 0 0 0 0 0 0 0 0 0 30 0 0],False,"tf.Tensor(
[[3.2211456 3.2913446 2.159655  2.7859836 1.8799701 2.7281177 3.1868668
  3.2510502 4.1324487 3.0046296 2.9205418 1.7651256 2.910976  2.435291
  4.9311943 3.1495206 4.884455  2.653452 ]], shape=(1, 18), dtype=float32)"
30,[7 2 1 2 3 1 3 0 0 0 0 0 0 0 0 0 0 0 0 0 0 0 30 0 0],"tf.Tensor([ 2.6257982  3.101785   1.8690336  2.2208786  1.977884  11.       ], shape=(6,), dtype=float32)",0.0,[7 3 1 2 3 1 3 0 0 0 0 0 0 0 0 0 0 0 0 0 0 0 30 0 0],False,"tf.Tensor(
[[2.6257982 3.101785  1.8690336 2.2208786 1.977884  2.3038287 2.6125731
  2.783886  3.7750778 2.442332  2.4953716 1.6102899 2.3919487 2.1159253
  3.902436  2.509457  4.07706   2.2391615]], shape=(1, 18), dtype=float32)"
31,[7 3 1 2 3 1 3 0 0 0 0 0 0 0 0 0 0 0 0 0 0 0 30 0 0],[1 0 1 0 1 4],0.0,[8 1 0 0 0 0 0 1 2 3 1 3 0 0 0 0 0 0 0 0 0 0 30 0 0],False,"tf.Tensor(
[[2.7123218 3.1411343 1.8812417 2.276054  2.0408144 2.381865  2.654257
  2.8493059 3.830925  2.466112  2.5439818 1.6577438 2.477073  2.1513677
  3.984821  2.54137   4.2240243 2.3027287]], shape=(1, 18), dtype=float32)"
32,[8 1 0 0 0 0 0 1 2 3 1 3 0 0 0 0 0 0 0 0 0 0 30 0 0],"tf.Tensor([ 2.7845602  2.7052178  1.7997584  2.2977843  1.750317  11.       ], shape=(6,), dtype=float32)",0.5,[8 2 6 1 1 2 4 0 0 0 0 0 0 0 0 0 0 0 0 0 0 0 30 0 0],False,"tf.Tensor(
[[2.7845602 2.7052178 1.7997584 2.2977843 1.750317  2.4387014 2.8524332
  2.7473567 3.5638828 2.5602555 2.476811  1.5481299 2.550729  2.1200833
  4.17131   2.595141  4.3232965 2.274459 ]], shape=(1, 18), dtype=float32)"
33,[8 2 6 1 1 2 4 0 0 0 0 0 0 0 0 0 0 0 0 0 0 0 30 0 0],"tf.Tensor([ 2.7717876  3.1419277  1.8925502  2.3430374  2.1660419 11.       ], shape=(6,), dtype=float32)",0.0,[8 3 6 1 1 2 4 0 0 0 0 0 0 0 0 0 0 0 0 0 0 0 30 0 0],False,"tf.Tensor(
[[2.7717876 3.1419277 1.8925502 2.3430374 2.1660419 2.5016198 2.8657882
  2.7300293 3.9587336 2.2441301 2.6172712 1.6430204 2.3101356 2.317544
  3.923671  2.6457658 4.4143105 2.2849665]], shape=(1, 18), dtype=float32)"
34,[8 3 6 1 1 2 4 0 0 0 0 0 0 0 0 0 0 0 0 0 0 0 30 0 0],"tf.Tensor([ 2.857359   3.1755908  1.9066191  2.395408   2.2232237 11.       ], shape=(6,), dtype=float32)",0.0,[9 1 0 0 0 0 0 6 1 1 2 4 0 0 0 0 0 0 0 0 0 0 30 0 0],False,"tf.Tensor(
[[2.857359  3.1755908 1.9066191 2.395408  2.2232237 2.5795617 2.9095776
  2.7924654 4.0199814 2.2726493 2.6664612 1.6843208 2.3943617 2.3446343
  4.0067477 2.6760902 4.5543537 2.349107 ]], shape=(1, 18), dtype=float32)"
35,[9 1 0 0 0 0 0 6 1 1 2 4 0 0 0 0 0 0 0 0 0 0 30 0 0],"tf.Tensor([ 3.1803787  2.6518588  1.8597856  2.3312666  2.1161752 11.       ], shape=(6,), dtype=float32)",0.5,[9 2 1 1 6 3 2 0 0 0 0 0 0 0 0 0 0 0 0 0 0 0 30 0 0],False,"tf.Tensor(
[[3.1803787 2.6518588 1.8597856 2.3312666 2.1161752 2.922178  3.2463896
  2.8612702 3.9897475 2.5802596 2.631557  1.5604787 2.9536378 2.2167172
  4.5725327 2.6665213 4.999491  2.4594688]], shape=(1, 18), dtype=float32)"
36,[9 2 1 1 6 3 2 0 0 0 0 0 0 0 0 0 0 0 0 0 0 0 30 0 0],"tf.Tensor([ 2.744761   3.1839778  1.9282056  2.2313194  2.1800158 11.       ], shape=(6,), dtype=float32)",0.0,[9 3 1 1 6 3 2 0 0 0 0 0 0 0 0 0 0 0 0 0 0 0 30 0 0],False,"tf.Tensor(
[[2.744761  3.1839778 1.9282056 2.2313194 2.1800158 2.4643357 2.8272302
  2.8476572 4.1452537 2.6780262 2.4135678 1.5172175 2.478045  2.1734192
  4.152219  2.4813828 4.210009  2.5057857]], shape=(1, 18), dtype=float32)"
37,[9 3 1 1 6 3 2 0 0 0 0 0 0 0 0 0 0 0 0 0 0 0 30 0 0],"tf.Tensor([ 2.8280869  3.2513764  1.9340551  2.2885394  2.2322843 11.       ], shape=(6,), dtype=float32)",0.0,[10 1 0 0 0 0 0 1 1 6 3 2 0 0 0 0 0 0 0 0 0 0 30 0 0],False,"tf.Tensor(
[[2.8280869 3.2513764 1.9340551 2.2885394 2.2322843 2.53669   2.8555748
  2.917037  4.192558  2.715185  2.456273  1.5682815 2.5591207 2.2305036
  4.2335296 2.5214412 4.344666  2.5604122]], shape=(1, 18), dtype=float32)"
38,[10 1 0 0 0 0 0 1 1 6 3 2 0 0 0 0 0 0 0 0 0 0 30 0 0],"tf.Tensor([ 2.8015087  2.869499   1.7093374  2.139836   1.7432659 11.       ], shape=(6,), dtype=float32)",0.5,[10 2 1 6 1 4 6 0 0 0 0 0 0 0 0 0 0 0 0 0 0 0 30 0 0],False,"tf.Tensor(
[[2.8015087 2.869499  1.7093374 2.139836  1.7432659 2.742182  2.928587
  2.815694  3.4892647 2.553711  2.0865479 1.3979207 2.7649224 2.4351358
  4.278978  2.5974293 4.3892126 2.300659 ]], shape=(1, 18), dtype=float32)"
39,[10 2 1 6 1 4 6 0 0 0 0 0 0 0 0 0 0 0 0 0 0 0 30 0 0],"tf.Tensor([2.5554512 3.2148657 2.395613  2.3361728 1.8429576 3.       ], shape=(6,), dtype=float32)",0.0,[10 3 1 6 1 4 6 0 0 0 0 0 0 0 0 0 0 0 0 0 0 0 30 0 0],False,"tf.Tensor(
[[2.5554512 3.2148657 2.395613  2.3361728 1.8429576 2.1505651 3.1822588
  2.8905573 4.4454055 3.0321224 2.575351  1.4352126 2.3458958 1.9935365
  4.397071  2.669316  3.8916426 2.5086787]], shape=(1, 18), dtype=float32)"
40,[10 3 1 6 1 4 6 0 0 0 0 0 0 0 0 0 0 0 0 0 0 0 30 0 0],"tf.Tensor([2.6466415 3.298225  2.3933568 2.3599856 1.9099927 3.       ], shape=(6,), dtype=float32)",8.0,[11 1 0 0 0 0 0 1 6 1 4 6 0 0 0 4 0 0 0 0 0 0 30 0 0],False,"tf.Tensor(
[[2.6466415 3.298225  2.3933568 2.3599856 1.9099927 2.2331717 3.203019
  2.956942  4.512645  3.0833523 2.5814586 1.5018232 2.4241977 2.0639303
  4.47783   2.67872   4.0172153 2.5677269]], shape=(1, 18), dtype=float32)"
41,[11 1 0 0 0 0 0 1 6 1 4 6 0 0 0 4 0 0 0 0 0 0 30 0 0],"tf.Tensor([3.3407567 3.4368503 2.1952472 2.629334  1.9750048 9.       ], shape=(6,), dtype=float32)",0.5,[11 2 6 4 2 5 6 0 0 0 0 0 0 0 0 4 0 0 0 0 0 0 30 0 0],False,"tf.Tensor(
[[3.3407567 3.4368503 2.1952472 2.629334  1.9750048 2.9439237 2.7490323
  3.2178428 4.1541457 3.0524614 2.60462   1.3871644 3.1015136 2.328231
  5.234468  2.720841  5.11217   2.6302664]], shape=(1, 18), dtype=float32)"
42,[11 2 6 4 2 5 6 0 0 0 0 0 0 0 0 4 0 0 0 0 0 0 30 0 0],[1 1 1 0 1 7],0.0,[11 3 6 4 2 5 6 0 0 0 0 0 0 0 0 4 0 0 0 0 0 0 30 0 0],False,"tf.Tensor(
[[2.793366  3.5753863 2.348135  2.2863753 2.4956667 2.6472616 3.0670817
  2.9859505 4.8543935 2.9920835 2.4821637 1.4316443 2.5880404 2.526707
  4.5073113 2.359715  4.5549903 2.807387 ]], shape=(1, 18), dtype=float32)"
43,[11 3 6 4 2 5 6 0 0 0 0 0 0 0 0 4 0 0 0 0 0 0 30 0 0],"tf.Tensor([2.8635278 3.610636  2.3762972 2.3324168 2.5297709 3.       ], shape=(6,), dtype=float32)",0.0,[12 1 0 0 0 0 0 6 4 2 5 6 0 0 0 4 0 0 0 0 0 0 30 0 0],False,"tf.Tensor(
[[2.8635278 3.610636  2.3762972 2.3324168 2.5297709 2.7062528 3.100472
  3.0486407 4.902382  3.0186539 2.5255644 1.470734  2.6548474 2.5531695
  4.584513  2.3789878 4.6766663 2.8551188]], shape=(1, 18), dtype=float32)"
44,[12 1 0 0 0 0 0 6 4 2 5 6 0 0 0 4 0 0 0 0 0 0 30 0 0],"tf.Tensor([ 3.8192677  3.574241   2.4820073  2.6713965  2.6030414 11.       ], shape=(6,), dtype=float32)",0.5,[12 2 3 6 6 1 5 0 0 0 0 0 0 0 0 4 0 0 0 0 0 0 30 0 0],False,"tf.Tensor(
[[3.8192677 3.574241  2.4820073 2.6713965 2.6030414 3.7178814 3.5620468
  3.5137587 4.728246  3.1665785 2.884085  1.8274387 4.0256042 3.0512154
  5.7770014 3.031176  6.024552  2.9832354]], shape=(1, 18), dtype=float32)"
45,[12 2 3 6 6 1 5 0 0 0 0 0 0 0 0 4 0 0 0 0 0 0 30 0 0],"tf.Tensor([2.8133643 3.7163916 2.4035754 2.3546152 2.6769142 3.       ], shape=(6,), dtype=float32)",0.0,[12 3 3 6 6 1 5 0 0 0 0 0 0 0 0 4 0 0 0 0 0 0 30 0 0],False,"tf.Tensor(
[[2.8133643 3.7163916 2.4035754 2.3546152 2.6769142 2.7540562 3.736808
  2.9932594 5.4041452 3.7397423 2.3256886 0.9559009 2.675203  2.5740995
  4.986184  2.7429836 4.3320436 3.1210294]], shape=(1, 18), dtype=float32)"
46,[12 3 3 6 6 1 5 0 0 0 0 0 0 0 0 4 0 0 0 0 0 0 30 0 0],"tf.Tensor([2.886862  3.781568  2.433592  2.3707526 2.7004392 3.       ], shape=(6,), dtype=float32)",-8.0,[13 1 0 0 0 0 0 3 6 6 1 5 0 0 0 0 0 0 0 0 0 0 30 0 0],False,"tf.Tensor(
[[2.886862  3.781568  2.433592  2.3707526 2.7004392 2.8301404 3.797889
  3.0772088 5.455714  3.7680116 2.348178  1.0208384 2.7674508 2.6294174
  5.0897655 2.7853963 4.441567  3.1674616]], shape=(1, 18), dtype=float32)"
47,[13 1 0 0 0 0 0 3 6 6 1 5 0 0 0 0 0 0 0 0 0 0 30 0 0],"tf.Tensor([ 3.5834332  3.676835   2.2039402  2.803103   2.334944  11.       ], shape=(6,), dtype=float32)",0.5,[13 2 4 6 3 2 3 0 0 0 0 0 0 0 0 0 0 0 0 0 0 0 30 0 0],False,"tf.Tensor(
[[3.5834332 3.676835  2.2039402 2.803103  2.334944  3.3896074 3.4659874
  3.5629873 4.280294  3.0593002 2.8976562 2.1426268 3.65994   3.237506
  5.330099  3.3844526 5.479368  2.997805 ]], shape=(1, 18), dtype=float32)"
48,[13 2 4 6 3 2 3 0 0 0 0 0 0 0 0 0 0 0 0 0 0 0 30 0 0],"tf.Tensor([2.9446478 3.7456124 2.2069747 2.3236046 2.2772126 3.       ], shape=(6,), dtype=float32)",0.0,[13 3 4 6 3 2 3 0 0 0 0 0 0 0 0 0 0 0 0 0 0 0 30 0 0],False,"tf.Tensor(
[[2.9446478 3.7456124 2.2069747 2.3236046 2.2772126 2.7963817 3.5960991
  3.10849   4.9524903 3.2414684 2.3447988 1.3594037 2.7067392 2.6505628
  4.7394266 2.9750578 4.278982  2.864551 ]], shape=(1, 18), dtype=float32)"
49,[13 3 4 6 3 2 3 0 0 0 0 0 0 0 0 0 0 0 0 0 0 0 30 0 0],[1 1 1 1 0 2],12.0,[14 1 0 0 0 0 0 4 6 3 2 3 0 0 6 0 0 0 0 0 0 0 30 0 0],True,"tf.Tensor(
[[3.019394  3.8083427 2.233135  2.3451557 2.3080242 2.8751132 3.6530302
  3.190905  5.001666  3.2656949 2.3716357 1.4195938 2.8010628 2.7041643
  4.8404303 3.017109  4.3967347 2.9120407]], shape=(1, 18), dtype=float32)"
50,[1 1 0 0 0 0 0 6 1 3 3 5 0 0 0 0 0 0 0 0 0 0 0 0 0],"tf.Tensor([ 2.2606812  2.9207294  1.5660629  1.5180908  3.481662  11.       ], shape=(6,), dtype=float32)",0.5,[1 2 6 1 3 3 5 0 0 0 0 0 0 0 0 0 0 0 0 0 0 0 0 0 0],False,"tf.Tensor(
[[2.2606812 2.9207294 1.5660629 1.5180908 3.481662  2.9414434 3.0267205
  1.8492537 3.770315  1.3236072 2.2967334 2.1774566 3.4622781 3.1728792
  2.9414666 2.5231175 4.0390973 2.0911474]], shape=(1, 18), dtype=float32)"
51,[1 2 6 1 3 3 5 0 0 0 0 0 0 0 0 0 0 0 0 0 0 0 0 0 0],[ 0  1  1  0  1 11],0.0,[1 3 6 1 3 3 5 0 0 0 0 0 0 0 0 0 0 0 0 0 0 0 0 0 0],False,"tf.Tensor(
[[2.3753164 2.8051488 1.6692765 2.2859156 3.567357  2.4692097 2.6405146
  1.9871688 3.6455433 1.8462008 2.6587157 2.0527158 3.380719  2.7446184
  3.0039618 2.9622073 3.598533  2.8463135]], shape=(1, 18), dtype=float32)"
52,[1 3 6 1 3 3 5 0 0 0 0 0 0 0 0 0 0 0 0 0 0 0 0 0 0],"tf.Tensor([2.449754  2.7932801 1.7757977 2.4269261 3.6408129 3.       ], shape=(6,), dtype=float32)",0.0,[2 1 0 0 0 0 0 6 1 3 3 5 0 0 0 0 0 0 0 0 0 0 0 0 0],False,"tf.Tensor(
[[2.449754  2.7932801 1.7757977 2.4269261 3.6408129 2.539407  2.747981
  2.040433  3.7142365 1.8587193 2.8187468 2.0586998 3.5230513 2.7805054
  3.1272397 3.1024735 3.6663005 3.035908 ]], shape=(1, 18), dtype=float32)"
53,[2 1 0 0 0 0 0 6 1 3 3 5 0 0 0 0 0 0 0 0 0 0 0 0 0],"tf.Tensor([ 2.3544173  2.8681507  1.5886556  1.5814818  3.4842265 11.       ], shape=(6,), dtype=float32)",0.5,[2 2 3 5 3 3 6 0 0 0 0 0 0 0 0 0 0 0 0 0 0 0 0 0 0],False,"tf.Tensor(
[[2.3544173 2.8681507 1.5886556 1.5814818 3.4842265 3.0601957 3.2096891
  1.9458091 3.8468876 1.3252729 2.3253586 2.2224069 3.507876  3.2733088
  2.9986038 2.6041493 4.1556015 2.1245542]], shape=(1, 18), dtype=float32)"
54,[2 2 3 5 3 3 6 0 0 0 0 0 0 0 0 0 0 0 0 0 0 0 0 0 0],"tf.Tensor([3.1016905 2.8987572 2.0988767 2.8602595 3.1383874 7.       ], shape=(6,), dtype=float32)",0.0,[2 3 3 5 3 3 6 0 0 0 0 0 0 0 0 0 0 0 0 0 0 0 0 0 0],False,"tf.Tensor(
[[3.1016905 2.8987572 2.0988767 2.8602595 3.1383874 2.385106  2.2943678
  2.774579  3.6163769 2.193456  2.9579573 1.8116713 3.704069  2.281432
  3.487893  3.368284  3.5120723 3.3512743]], shape=(1, 18), dtype=float32)"
55,[2 3 3 5 3 3 6 0 0 0 0 0 0 0 0 0 0 0 0 0 0 0 0 0 0],"tf.Tensor([3.1621382 2.9204872 2.167424  2.8381774 3.238009  7.       ], shape=(6,), dtype=float32)",0.0,[3 1 0 0 0 0 0 3 5 3 3 6 0 0 0 0 0 0 0 0 0 0 0 0 0],False,"tf.Tensor(
[[3.1621382 2.9204872 2.167424  2.8381774 3.238009  2.4797287 2.443359
  2.784245  3.7844584 2.2713153 2.9894974 1.7584143 3.8535879 2.3694513
  3.6002667 3.394412  3.571227  3.409774 ]], shape=(1, 18), dtype=float32)"
56,[3 1 0 0 0 0 0 3 5 3 3 6 0 0 0 0 0 0 0 0 0 0 0 0 0],"tf.Tensor([2.7462928 2.8284974 1.7208165 1.959621  3.3959289 3.       ], shape=(6,), dtype=float32)",0.5,[3 2 5 2 2 1 5 0 0 0 0 0 0 0 0 0 0 0 0 0 0 0 0 0 0],False,"tf.Tensor(
[[2.7462928 2.8284974 1.7208165 1.959621  3.3959289 2.9207633 3.3945882
  2.3614688 3.7979436 1.6303264 2.768184  2.2193506 3.7848363 3.4437225
  2.9718149 3.2560954 3.7975037 2.6238265]], shape=(1, 18), dtype=float32)"
57,[3 2 5 2 2 1 5 0 0 0 0 0 0 0 0 0 0 0 0 0 0 0 0 0 0],"tf.Tensor([2.3257442 2.4091916 1.565958  2.2668765 3.0019221 7.       ], shape=(6,), dtype=float32)",0.0,[3 3 5 2 2 1 5 0 0 0 0 0 0 0 0 0 0 0 0 0 0 0 0 0 0],False,"tf.Tensor(
[[2.3257442 2.4091916 1.565958  2.2668765 3.0019221 2.0622737 2.0904815
  1.999619  2.9673626 1.845864  2.5284593 1.6571492 3.2102516 2.2530453
  2.8594775 2.857405  2.9845924 2.738921 ]], shape=(1, 18), dtype=float32)"
58,[3 3 5 2 2 1 5 0 0 0 0 0 0 0 0 0 0 0 0 0 0 0 0 0 0],"tf.Tensor([2.36426   2.4501367 1.6698368 2.2750897 3.1089013 7.       ], shape=(6,), dtype=float32)",0.0,[4 1 0 0 0 0 0 5 2 2 1 5 0 0 0 0 0 0 0 0 0 0 0 0 0],False,"tf.Tensor(
[[2.36426   2.4501367 1.6698368 2.2750897 3.1089013 2.1422465 2.2596443
  2.026548  3.147064  1.9187502 2.5833862 1.6582589 3.3345401 2.3094916
  2.9725342 2.9338536 3.0642319 2.7935696]], shape=(1, 18), dtype=float32)"
59,[4 1 0 0 0 0 0 5 2 2 1 5 0 0 0 0 0 0 0 0 0 0 0 0 0],[ 0  1  1  0  0 10],0.2,[4 2 5 3 0 0 0 4 0 0 6 5 0 0 0 0 0 0 0 0 0 0 0 0 0],False,"tf.Tensor(
[[2.3433607 2.3824437 1.3735572 1.61185   2.9008694 2.6735353 2.886618
  2.0911558 3.255978  1.279566  2.1850553 1.9061103 3.0837002 2.9472103
  2.6418552 2.4763463 3.4964292 2.1007447]], shape=(1, 18), dtype=float32)"
60,[4 2 5 3 0 0 0 4 0 0 6 5 0 0 0 0 0 0 0 0 0 0 0 0 0],"tf.Tensor([ 2.6576426  3.4076939  1.9283575  2.426649   4.097688  11.       ], shape=(6,), dtype=float32)",0.30000000000000004,[4 3 5 3 4 6 5 0 0 0 0 0 0 0 0 0 0 0 0 0 0 0 0 0 0],False,"tf.Tensor(
[[2.6576426 3.4076939 1.9283575 2.426649  4.097688  3.2315805 3.8414905
  2.729117  4.0805383 2.0278902 3.1689184 3.2138808 4.4375105 4.1603656
  3.766947  3.5196443 4.8975    2.8548913]], shape=(1, 18), dtype=float32)"
61,[4 3 5 3 4 6 5 0 0 0 0 0 0 0 0 0 0 0 0 0 0 0 0 0 0],"tf.Tensor([3.5025115 3.2257345 2.3881967 3.3876858 3.657435  7.       ], shape=(6,), dtype=float32)",0.0,[5 1 0 0 0 0 0 6 5 3 3 2 0 0 0 0 0 0 0 0 0 0 0 0 0],False,"tf.Tensor(
[[3.5025115 3.2257345 2.3881967 3.3876858 3.657435  2.7195373 3.104942
  3.4275417 4.0544143 2.4315917 3.663045  2.812839  4.3874106 2.616007
  4.1226296 4.18514   4.3104277 4.0606194]], shape=(1, 18), dtype=float32)"
62,[5 1 0 0 0 0 0 6 5 3 3 2 0 0 0 0 0 0 0 0 0 0 0 0 0],"tf.Tensor([ 2.833129   2.7227302  1.3362933  2.5369098  3.4864554 11.       ], shape=(6,), dtype=float32)",0.5,[5 2 2 5 5 2 5 0 0 0 0 0 0 0 0 0 0 0 0 0 0 0 0 0 0],False,"tf.Tensor(
[[2.833129  2.7227302 1.3362933 2.5369098 3.4864554 3.2532437 3.7554207
  2.6288586 3.5428655 1.5097636 3.0522544 2.4218776 3.952784  3.763447
  3.3388772 3.3812382 4.1939836 2.9984841]], shape=(1, 18), dtype=float32)"
63,[5 2 2 5 5 2 5 0 0 0 0 0 0 0 0 0 0 0 0 0 0 0 0 0 0],"tf.Tensor([3.3981986 2.855836  2.3232179 3.206696  2.8787193 9.       ], shape=(6,), dtype=float32)",0.0,[5 3 2 5 5 2 5 0 0 0 0 0 0 0 0 0 0 0 0 0 0 0 0 0 0],False,"tf.Tensor(
[[3.3981986 2.855836  2.3232179 3.206696  2.8787193 2.4051578 2.609548
  3.3102412 3.6601665 2.3252888 3.2641375 2.083116  3.846791  2.0146198
  3.8694897 3.8185067 3.6057537 3.8309686]], shape=(1, 18), dtype=float32)"
64,[5 3 2 5 5 2 5 0 0 0 0 0 0 0 0 0 0 0 0 0 0 0 0 0 0],"tf.Tensor([3.4338477 2.8720882 2.42839   3.248612  2.9436393 9.       ], shape=(6,), dtype=float32)",0.0,[6 1 0 0 0 0 0 2 5 5 2 5 0 0 0 0 0 0 0 0 0 0 0 0 0],False,"tf.Tensor(
[[3.4338477 2.8720882 2.42839   3.248612  2.9436393 2.459391  2.7401595
  3.3540502 3.7841012 2.3970294 3.378153  2.1091845 3.9606683 2.0473125
  3.9783247 3.9297833 3.6328871 3.9224024]], shape=(1, 18), dtype=float32)"
65,[6 1 0 0 0 0 0 2 5 5 2 5 0 0 0 0 0 0 0 0 0 0 0 0 0],"tf.Tensor([3.0257611 2.6036804 1.6529206 2.2273831 3.3367865 7.       ], shape=(6,), dtype=float32)",0.5,[6 2 3 2 5 6 2 0 0 0 0 0 0 0 0 0 0 0 0 0 0 0 0 0 0],False,"tf.Tensor(
[[3.0257611 2.6036804 1.6529206 2.2273831 3.3367865 3.129386  3.8180273
  2.5198977 3.5949428 1.4873557 2.9506235 2.5467267 4.0771413 3.8792617
  2.8965123 3.5966864 4.035456  2.8723023]], shape=(1, 18), dtype=float32)"
66,[6 2 3 2 5 6 2 0 0 0 0 0 0 0 0 0 0 0 0 0 0 0 0 0 0],"tf.Tensor([ 3.1235406  2.4352822  2.0492551  3.2261155  2.7666867 10.       ], shape=(6,), dtype=float32)",0.0,[6 3 3 2 5 6 2 0 0 0 0 0 0 0 0 0 0 0 0 0 0 0 0 0 0],False,"tf.Tensor(
[[3.1235406 2.4352822 2.0492551 3.2261155 2.7666867 2.1980932 3.0763874
  3.4563932 3.1354039 2.0229049 3.4434702 2.7787442 3.685043  1.9493093
  3.6029615 4.102657  3.534796  3.907604 ]], shape=(1, 18), dtype=float32)"
67,[6 3 3 2 5 6 2 0 0 0 0 0 0 0 0 0 0 0 0 0 0 0 0 0 0],[0 0 1 1 0 1],8.0,[7 1 0 0 0 0 0 3 2 5 6 2 0 4 0 0 0 0 0 0 0 0 0 0 0],False,"tf.Tensor(
[[3.1351235 2.428357  2.1333628 3.2781098 2.8073804 2.2203252 3.2249982
  3.5070357 3.194453  2.098186  3.542739  2.793464  3.8006356 1.9901078
  3.71519   4.196988  3.566016  3.9859293]], shape=(1, 18), dtype=float32)"
68,[7 1 0 0 0 0 0 3 2 5 6 2 0 4 0 0 0 0 0 0 0 0 0 0 0],"tf.Tensor([ 3.4409223  3.2742116  2.0128965  2.35328    3.352129  11.       ], shape=(6,), dtype=float32)",0.5,[7 2 4 5 4 2 1 0 0 0 0 0 0 4 0 0 0 0 0 0 0 0 0 0 0],False,"tf.Tensor(
[[3.4409223 3.2742116 2.0128965 2.35328   3.352129  3.4603832 4.3939137
  2.8125765 4.2016635 1.6098168 2.9247572 3.0409782 4.3413086 4.726021
  3.5148005 3.8578682 4.9843664 2.7384639]], shape=(1, 18), dtype=float32)"
69,[7 2 4 5 4 2 1 0 0 0 0 0 0 4 0 0 0 0 0 0 0 0 0 0 0],"tf.Tensor([ 3.348295   2.7574003  2.4119353  3.3885036  2.7246587 10.       ], shape=(6,), dtype=float32)",0.0,[7 3 4 5 4 2 1 0 0 0 0 0 0 4 0 0 0 0 0 0 0 0 0 0 0],False,"tf.Tensor(
[[3.348295  2.7574003 2.4119353 3.3885036 2.7246587 2.0405385 3.0639827
  3.8845146 3.4058402 2.2917259 3.9159408 3.055796  3.762097  1.8802633
  3.9137585 4.3436613 3.6062822 4.0573955]], shape=(1, 18), dtype=float32)"
70,[7 3 4 5 4 2 1 0 0 0 0 0 0 4 0 0 0 0 0 0 0 0 0 0 0],"tf.Tensor([ 3.3931725  2.7681108  2.5267444  3.4222438  2.7920222 10.       ], shape=(6,), dtype=float32)",0.0,[8 1 0 0 0 0 0 4 5 4 2 1 0 4 0 0 0 0 0 0 0 0 0 0 0],False,"tf.Tensor(
[[3.3931725 2.7681108 2.5267444 3.4222438 2.7920222 2.0963516 3.2092428
  3.9374697 3.540181  2.3884518 4.008647  3.0458894 3.8791034 1.9097381
  4.039136  4.454103  3.6338658 4.146803 ]], shape=(1, 18), dtype=float32)"
71,[8 1 0 0 0 0 0 4 5 4 2 1 0 4 0 0 0 0 0 0 0 0 0 0 0],"tf.Tensor([ 3.4085023  2.5425787  1.4715408  2.9735656  3.0103314 11.       ], shape=(6,), dtype=float32)",0.5,[8 2 2 5 6 1 2 0 0 0 0 0 0 4 0 0 0 0 0 0 0 0 0 0 0],False,"tf.Tensor(
[[3.4085023 2.5425787 1.4715408 2.9735656 3.0103314 3.4053123 4.214599
  3.1560433 3.4503012 1.3917563 3.3710623 2.6523175 4.19238   4.101215
  3.3347418 3.8249564 4.4137926 3.2977836]], shape=(1, 18), dtype=float32)"
72,[8 2 2 5 6 1 2 0 0 0 0 0 0 4 0 0 0 0 0 0 0 0 0 0 0],"tf.Tensor([ 3.6343894  2.7280817  2.48336    3.6061528  2.5060203 10.       ], shape=(6,), dtype=float32)",0.0,[8 3 2 5 6 1 2 0 0 0 0 0 0 4 0 0 0 0 0 0 0 0 0 0 0],False,"tf.Tensor(
[[3.6343894 2.7280817 2.48336   3.6061528 2.5060203 2.3822258 2.9297907
  3.9888942 3.6592143 2.275214  4.233087  3.1618793 3.7269723 1.7526498
  4.091258  4.582571  3.4841247 4.476867 ]], shape=(1, 18), dtype=float32)"
73,[8 3 2 5 6 1 2 0 0 0 0 0 0 4 0 0 0 0 0 0 0 0 0 0 0],"tf.Tensor([ 3.6739063  2.732952   2.592306   3.6516945  2.5599098 10.       ], shape=(6,), dtype=float32)",0.0,[9 1 0 0 0 0 0 2 5 6 1 2 0 4 0 0 0 0 0 0 0 0 0 0 0],False,"tf.Tensor(
[[3.6739063 2.732952  2.592306  3.6516945 2.5599098 2.4218507 3.0460231
  4.0377955 3.763913  2.3684382 4.332563  3.1387682 3.8362668 1.7730162
  4.2055106 4.7009444 3.483151  4.5706873]], shape=(1, 18), dtype=float32)"
74,[9 1 0 0 0 0 0 2 5 6 1 2 0 4 0 0 0 0 0 0 0 0 0 0 0],"tf.Tensor([ 3.4736779  2.57659    1.5894892  2.9093297  3.1420789 11.       ], shape=(6,), dtype=float32)",0.5,[9 2 5 1 5 1 5 0 0 0 0 0 0 4 0 0 0 0 0 0 0 0 0 0 0],False,"tf.Tensor(
[[3.4736779 2.57659   1.5894892 2.9093297 3.1420789 3.5302827 4.553036
  3.072798  3.77018   1.4127486 3.349321  2.759568  4.2729306 4.318459
  3.2323523 3.9400704 4.578259  3.2169485]], shape=(1, 18), dtype=float32)"
75,[9 2 5 1 5 1 5 0 0 0 0 0 0 4 0 0 0 0 0 0 0 0 0 0 0],"tf.Tensor([ 3.3834622  3.1276102  2.3315585  3.7858853  3.1358387 10.       ], shape=(6,), dtype=float32)",0.0,[9 3 5 1 5 1 5 0 0 0 0 0 0 4 0 0 0 0 0 0 0 0 0 0 0],False,"tf.Tensor(
[[3.3834622 3.1276102 2.3315585 3.7858853 3.1358387 2.2739491 3.0366728
  3.684907  3.3993979 2.3129296 4.2153573 3.1680934 4.3429275 2.376167
  4.135659  4.612027  3.9197862 4.386157 ]], shape=(1, 18), dtype=float32)"
76,[9 3 5 1 5 1 5 0 0 0 0 0 0 4 0 0 0 0 0 0 0 0 0 0 0],"tf.Tensor([ 3.424238   3.120445   2.4254806  3.7989504  3.199797  10.       ], shape=(6,), dtype=float32)",0.0,[10 1 0 0 0 0 0 5 1 5 1 5 0 4 0 0 0 0 0 0 0 0 0 0 0],False,"tf.Tensor(
[[3.424238  3.120445  2.4254806 3.7989504 3.199797  2.3297095 3.1843169
  3.7368555 3.534262  2.3997035 4.2832146 3.182622  4.4379454 2.4037857
  4.2400126 4.700879  3.9501584 4.4606295]], shape=(1, 18), dtype=float32)"
77,[10 1 0 0 0 0 0 5 1 5 1 5 0 4 0 0 0 0 0 0 0 0 0 0 0],[0 1 0 1 0 9],0.2,[10 2 4 1 0 0 0 5 0 4 0 2 0 4 0 0 0 0 0 0 0 0 0 0 0],False,"tf.Tensor(
[[3.7686737 3.0325801 1.8855351 2.9568653 3.1079018 3.6779015 4.24451
  3.5943792 4.001006  1.6146063 3.478619  3.046898  4.426218  4.202128
  3.8069766 3.846123  5.070208  3.2775805]], shape=(1, 18), dtype=float32)"
78,[10 2 4 1 0 0 0 5 0 4 0 2 0 4 0 0 0 0 0 0 0 0 0 0 0],"tf.Tensor([ 3.6618462  2.9949567  1.7415807  3.1697512  3.2213838 11.       ], shape=(6,), dtype=float32)",0.30000000000000004,[10 3 4 1 5 4 2 0 0 0 0 0 0 4 0 0 0 0 0 0 0 0 0 0 0],False,"tf.Tensor(
[[3.6618462 2.9949567 1.7415807 3.1697512 3.2213838 3.539634  3.972141
  3.493965  3.9381802 1.790173  3.52694   3.05812   4.2815094 3.968159
  3.9086804 3.61327   5.1138134 3.3589737]], shape=(1, 18), dtype=float32)"
79,[10 3 4 1 5 4 2 0 0 0 0 0 0 4 0 0 0 0 0 0 0 0 0 0 0],"tf.Tensor([ 3.3999307  2.5355144  2.1793776  3.832089   2.7452633 10.       ], shape=(6,), dtype=float32)",0.0,[11 1 0 0 0 0 0 3 4 3 1 1 0 4 0 0 0 0 0 0 0 0 0 0 0],False,"tf.Tensor(
[[3.3999307 2.5355144 2.1793776 3.832089  2.7452633 2.2481034 3.6800396
  4.1263833 3.1455925 2.1781578 4.4389234 3.5033023 4.041347  2.2807586
  4.0696096 4.853863  3.7038321 4.5556145]], shape=(1, 18), dtype=float32)"
80,[11 1 0 0 0 0 0 3 4 3 1 1 0 4 0 0 0 0 0 0 0 0 0 0 0],[0 0 0 0 1 0],0.1,[11 2 1 0 0 0 0 1 3 5 3 0 0 4 0 0 0 0 0 0 0 0 0 0 0],False,"tf.Tensor(
[[3.6160145 2.318242  1.4508232 3.3355505 2.8245587 3.2413297 4.2820563
  3.50758   3.3802423 1.4246566 3.6697168 2.8128972 4.0216184 3.8796175
  3.2627625 3.8791046 4.3464794 3.5431511]], shape=(1, 18), dtype=float32)"
81,[11 2 1 0 0 0 0 1 3 5 3 0 0 4 0 0 0 0 0 0 0 0 0 0 0],"tf.Tensor([ 3.850149   2.370636   1.7314866  3.245744   2.7555838 11.       ], shape=(6,), dtype=float32)",0.4,[11 3 1 1 3 5 3 0 0 0 0 0 0 4 0 0 0 0 0 0 0 0 0 0 0],False,"tf.Tensor(
[[3.850149  2.370636  1.7314866 3.245744  2.7555838 3.491687  4.590641
  3.3929722 3.9187696 1.3852785 3.5457191 2.8406756 4.103317  3.9731994
  3.3132799 3.9491765 4.7067056 3.3597872]], shape=(1, 18), dtype=float32)"
82,[11 3 1 1 3 5 3 0 0 0 0 0 0 4 0 0 0 0 0 0 0 0 0 0 0],[0 0 1 1 1 0],2.0,[12 1 0 0 0 0 0 2 4 4 4 1 2 4 0 0 0 0 0 0 0 0 0 0 0],False,"tf.Tensor(
[[3.3081124 2.0358248 1.7688822 3.3807962 2.1768966 2.4997413 3.5196478
  3.710793  3.0566137 1.8157079 4.1391153 3.1370783 3.4484034 2.3936687
  3.4454875 4.381157  3.146893  4.233755 ]], shape=(1, 18), dtype=float32)"
83,[12 1 0 0 0 0 0 2 4 4 4 1 2 4 0 0 0 0 0 0 0 0 0 0 0],[0 1 1 0 1 4],0.30000000000000004,[12 2 2 4 4 0 0 1 0 0 4 0 2 4 0 0 0 0 0 0 0 0 0 0 0],False,"tf.Tensor(
[[4.202406  2.6599314 1.7534611 3.6736045 2.989338  3.765412  4.934879
  3.9128726 4.0053554 1.560839  4.03966   3.185624  4.559286  4.3427367
  3.81245   4.5035486 5.0511527 3.9114387]], shape=(1, 18), dtype=float32)"
84,[12 2 2 4 4 0 0 1 0 0 4 0 2 4 0 0 0 0 0 0 0 0 0 0 0],[1 1 0 1 0 7],0.2,[12 3 2 4 4 1 4 0 0 0 0 0 2 4 0 0 0 0 0 0 0 0 0 0 0],False,"tf.Tensor(
[[4.1808825 2.4761105 2.175914  3.8009446 2.536051  3.272646  4.114058
  4.2586203 4.1268525 2.2470293 4.560396  3.8068419 4.0235066 2.8467004
  4.2436557 5.0982056 4.1002374 4.851029 ]], shape=(1, 18), dtype=float32)"
85,[12 3 2 4 4 1 4 0 0 0 0 0 2 4 0 0 0 0 0 0 0 0 0 0 0],"tf.Tensor([ 4.2130775  2.7642534  2.3521047  3.6687522  2.6866214 10.       ], shape=(6,), dtype=float32)",0.0,[13 1 0 0 0 0 0 3 2 4 1 4 2 4 0 0 0 0 0 0 0 0 0 0 0],False,"tf.Tensor(
[[4.2130775 2.7642534 2.3521047 3.6687522 2.6866214 3.2696466 3.8335836
  4.0650516 4.3073754 2.230013  4.5326157 3.3661752 4.231554  2.8252842
  4.0436306 5.035586  3.875472  4.833236 ]], shape=(1, 18), dtype=float32)"
86,[13 1 0 0 0 0 0 3 2 4 1 4 2 4 0 0 0 0 0 0 0 0 0 0 0],"tf.Tensor([ 4.1563964  2.6690125  1.9219502  3.498903   3.0020387 11.       ], shape=(6,), dtype=float32)",0.5,[13 2 2 3 1 1 5 0 0 0 0 0 2 4 0 0 0 0 0 0 0 0 0 0 0],False,"tf.Tensor(
[[4.1563964 2.6690125 1.9219502 3.498903  3.0020387 3.7938097 5.00599
  4.0818057 4.0655613 1.5947727 4.037981  3.3409693 4.587674  4.1824346
  3.9861345 4.486074  5.148662  3.868825 ]], shape=(1, 18), dtype=float32)"
87,[13 2 2 3 1 1 5 0 0 0 0 0 2 4 0 0 0 0 0 0 0 0 0 0 0],"tf.Tensor([ 4.016759   2.762632   1.9233649  3.4117396  2.761658  10.       ], shape=(6,), dtype=float32)",0.0,[13 3 2 3 1 1 5 0 0 0 0 0 2 4 0 0 0 0 0 0 0 0 0 0 0],False,"tf.Tensor(
[[4.016759  2.762632  1.9233649 3.4117396 2.761658  3.3686473 3.9511764
  3.6772428 4.1147995 1.9392698 3.9941    3.2966545 4.0726485 3.4328983
  3.5373726 4.565517  4.125999  4.336265 ]], shape=(1, 18), dtype=float32)"
88,[13 3 2 3 1 1 5 0 0 0 0 0 2 4 0 0 0 0 0 0 0 0 0 0 0],"tf.Tensor([ 4.105991   2.8335772  2.0051405  3.432848   2.8486562 10.       ], shape=(6,), dtype=float32)",0.0,[14 1 0 0 0 0 0 2 3 1 1 5 2 4 0 0 0 0 0 0 0 0 0 0 0],True,"tf.Tensor(
[[4.105991  2.8335772 2.0051405 3.432848  2.8486562 3.435069  4.011608
  3.758341  4.284453  2.0143535 4.099772  3.3364007 4.1602526 3.487875
  3.6012483 4.637496  4.163677  4.3971767]], shape=(1, 18), dtype=float32)"
89,[1 1 0 0 0 0 0 3 2 5 6 6 0 0 0 0 0 0 0 0 0 0 0 0 0],[ 1  0  0  0  1 11],0.2,[1 2 3 6 0 0 0 0 1 6 6 0 0 0 0 0 0 0 0 0 0 0 0 0 0],False,"tf.Tensor(
[[2.6215672 3.5088341 1.9408327 1.770602  3.6370418 2.9244344 3.2590792
  1.9945893 3.64856   1.439934  2.6735609 2.69365   4.2982254 4.167574
  2.9582477 3.3998232 4.110662  2.4938438]], shape=(1, 18), dtype=float32)"
90,[1 2 3 6 0 0 0 0 1 6 6 0 0 0 0 0 0 0 0 0 0 0 0 0 0],"tf.Tensor([3.2742019 4.110146  2.4369235 2.232987  3.762508  8.       ], shape=(6,), dtype=float32)",0.30000000000000004,[1 3 3 6 1 6 6 0 0 0 0 0 0 0 0 0 0 0 0 0 0 0 0 0 0],False,"tf.Tensor(
[[3.2742019 4.110146  2.4369235 2.232987  3.762508  2.0012465 2.2635052
  2.3834932 3.8032503 2.5536714 3.104496  2.736042  3.9134264 4.139335
  2.916866  3.6823938 4.0394444 2.6180906]], shape=(1, 18), dtype=float32)"
91,[1 3 3 6 1 6 6 0 0 0 0 0 0 0 0 0 0 0 0 0 0 0 0 0 0],[0 1 1 0 0 3],0.0,[2 1 0 0 0 0 0 3 2 5 6 6 0 0 0 0 0 0 0 0 0 0 0 0 0],False,"tf.Tensor(
[[3.2569642 2.9003382 2.2381663 2.898223  3.4012032 2.5466726 2.677981
  2.9015834 3.9076269 2.0819223 3.17052   1.8839198 3.8403783 2.3102837
  3.4646506 3.8049638 3.4873087 3.530344 ]], shape=(1, 18), dtype=float32)"
92,[2 1 0 0 0 0 0 3 2 5 6 6 0 0 0 0 0 0 0 0 0 0 0 0 0],"tf.Tensor([2.7504354 3.5012236 1.979981  1.7967126 3.6502512 7.       ], shape=(6,), dtype=float32)",0.5,[2 2 2 4 2 2 6 0 0 0 0 0 0 0 0 0 0 0 0 0 0 0 0 0 0],False,"tf.Tensor(
[[2.7504354 3.5012236 1.979981  1.7967126 3.6502512 3.0261643 3.415133
  2.0672157 3.7896922 1.4737066 2.7106674 2.7242413 4.342459  4.25878
  3.0074754 3.4934986 4.200192  2.5323522]], shape=(1, 18), dtype=float32)"
93,[2 2 2 4 2 2 6 0 0 0 0 0 0 0 0 0 0 0 0 0 0 0 0 0 0],"tf.Tensor([2.5987206 2.3720353 1.7539146 2.3948896 2.5844274 7.       ], shape=(6,), dtype=float32)",0.0,[2 3 2 4 2 2 6 0 0 0 0 0 0 0 0 0 0 0 0 0 0 0 0 0 0],False,"tf.Tensor(
[[2.5987206 2.3720353 1.7539146 2.3948896 2.5844274 1.9712483 1.841241
  2.2700186 2.9236064 1.7846422 2.502427  1.3295411 3.136765  1.8984404
  2.8368812 2.8193772 2.7516317 2.8318117]], shape=(1, 18), dtype=float32)"
94,[2 3 2 4 2 2 6 0 0 0 0 0 0 0 0 0 0 0 0 0 0 0 0 0 0],"tf.Tensor([2.6452174 2.4097254 1.8655641 2.415391  2.6868832 7.       ], shape=(6,), dtype=float32)",0.0,[3 1 0 0 0 0 0 2 4 2 2 6 0 0 0 0 0 0 0 0 0 0 0 0 0],False,"tf.Tensor(
[[2.6452174 2.4097254 1.8655641 2.415391  2.6868832 2.0525303 2.0137
  2.3147962 3.0967252 1.8865992 2.5663776 1.3472887 3.2755446 1.9570246
  2.9844213 2.891908  2.8587747 2.9006686]], shape=(1, 18), dtype=float32)"
95,[3 1 0 0 0 0 0 2 4 2 2 6 0 0 0 0 0 0 0 0 0 0 0 0 0],"tf.Tensor([ 2.3165808  2.3295677  1.4219397  1.6453526  2.8080382 11.       ], shape=(6,), dtype=float32)",0.5,[3 2 3 4 6 2 3 0 0 0 0 0 0 0 0 0 0 0 0 0 0 0 0 0 0],False,"tf.Tensor(
[[2.3165808 2.3295677 1.4219397 1.6453526 2.8080382 2.4230149 2.8339279
  2.0366397 3.1244545 1.3647391 2.333322  1.8966656 3.1265864 2.8345933
  2.4669006 2.7279587 3.1379845 2.2360694]], shape=(1, 18), dtype=float32)"
96,[3 2 3 4 6 2 3 0 0 0 0 0 0 0 0 0 0 0 0 0 0 0 0 0 0],"tf.Tensor([3.1260376 2.7376413 2.3117695 3.1288185 2.7523124 9.       ], shape=(6,), dtype=float32)",0.0,[3 3 3 4 6 2 3 0 0 0 0 0 0 0 0 0 0 0 0 0 0 0 0 0 0],False,"tf.Tensor(
[[3.1260376 2.7376413 2.3117695 3.1288185 2.7523124 2.2333217 2.6709633
  3.2547307 3.5462277 2.2136211 3.1893685 2.426261  3.5606842 1.786616
  3.803838  3.7277792 3.7174873 3.5946982]], shape=(1, 18), dtype=float32)"
97,[3 3 3 4 6 2 3 0 0 0 0 0 0 0 0 0 0 0 0 0 0 0 0 0 0],"tf.Tensor([3.166716  2.7699955 2.4224327 3.1764905 2.8366096 9.       ], shape=(6,), dtype=float32)",0.0,[4 1 0 0 0 0 0 3 4 6 2 3 0 0 0 0 0 0 0 0 0 0 0 0 0],False,"tf.Tensor(
[[3.166716  2.7699955 2.4224327 3.1764905 2.8366096 2.2825828 2.8324425
  3.3100228 3.6754258 2.2836065 3.2936587 2.4450727 3.6977015 1.8256768
  3.9212227 3.8524632 3.7666447 3.6861813]], shape=(1, 18), dtype=float32)"
98,[4 1 0 0 0 0 0 3 4 6 2 3 0 0 0 0 0 0 0 0 0 0 0 0 0],"tf.Tensor([ 2.904666   2.3911521  1.5868169  2.2130685  3.0765064 11.       ], shape=(6,), dtype=float32)",0.5,[4 2 3 4 2 5 4 0 0 0 0 0 0 0 0 0 0 0 0 0 0 0 0 0 0],False,"tf.Tensor(
[[2.904666  2.3911521 1.5868169 2.2130685 3.0765064 2.937031  3.2429242
  2.3051758 3.323638  1.4051706 2.6725357 2.2280905 3.8043041 3.3166862
  2.7262363 3.2702444 3.8119376 2.7583652]], shape=(1, 18), dtype=float32)"
99,[4 2 3 4 2 5 4 0 0 0 0 0 0 0 0 0 0 0 0 0 0 0 0 0 0],"tf.Tensor([2.891501  2.554137  1.9405875 2.6447783 2.856925  7.       ], shape=(6,), dtype=float32)",0.0,[4 3 3 4 2 5 4 0 0 0 0 0 0 0 0 0 0 0 0 0 0 0 0 0 0],False,"tf.Tensor(
[[2.891501  2.554137  1.9405875 2.6447783 2.856925  2.154272  2.430654
  2.8223066 3.2801344 2.080879  2.8700433 2.0530317 3.4609413 2.106594
  3.2627053 3.2450573 3.2985725 3.2427366]], shape=(1, 18), dtype=float32)"
100,[4 3 3 4 2 5 4 0 0 0 0 0 0 0 0 0 0 0 0 0 0 0 0 0 0],[1 0 0 1 1 3],16.0,[5 1 0 0 0 0 0 3 4 2 5 4 0 0 0 8 0 0 0 0 0 0 0 0 0],False,"tf.Tensor(
[[2.9180112 2.570093  2.0288293 2.6713922 2.9366655 2.2105544 2.600725
  2.86398   3.3956406 2.1648474 2.9426866 2.0809894 3.600432  2.1586523
  3.3874872 3.3302007 3.3690276 3.3261833]], shape=(1, 18), dtype=float32)"
101,[5 1 0 0 0 0 0 3 4 2 5 4 0 0 0 8 0 0 0 0 0 0 0 0 0],"tf.Tensor([ 3.1700087  3.1143055  1.8641905  3.4888103  2.9504693 11.       ], shape=(6,), dtype=float32)",0.5,[5 2 5 1 4 1 2 0 0 0 0 0 0 0 0 8 0 0 0 0 0 0 0 0 0],False,"tf.Tensor(
[[3.1700087 3.1143055 1.8641905 3.4888103 2.9504693 2.467095  2.2570143
  3.0099218 3.3001807 2.1970267 3.1279674 2.1403356 3.5913806 1.9710797
  4.0176067 3.926132  4.0418944 3.7388415]], shape=(1, 18), dtype=float32)"
102,[5 2 5 1 4 1 2 0 0 0 0 0 0 0 0 8 0 0 0 0 0 0 0 0 0],"tf.Tensor([ 2.7070007  2.4431117  1.4401593  3.612434   2.1520433 12.       ], shape=(6,), dtype=float32)",0.0,[5 3 5 1 4 1 2 0 0 0 0 0 0 0 0 8 0 0 0 0 0 0 0 0 0],False,"tf.Tensor(
[[2.7070007 2.4431117 1.4401593 3.612434  2.1520433 1.9185051 1.4983782
  2.622893  2.4086287 2.0292072 2.9282687 1.9284703 2.868682  1.2634468
  3.4660017 3.7259376 3.171832  3.7329497]], shape=(1, 18), dtype=float32)"
103,[5 3 5 1 4 1 2 0 0 0 0 0 0 0 0 8 0 0 0 0 0 0 0 0 0],"tf.Tensor([ 2.7884827  2.460593   1.5246905  3.7372608  2.1272047 10.       ], shape=(6,), dtype=float32)",0.0,[6 1 0 0 0 0 0 5 1 4 1 2 0 0 0 8 0 0 0 0 0 0 0 0 0],False,"tf.Tensor(
[[2.7884827 2.460593  1.5246905 3.7372608 2.1272047 1.9250655 1.5332712
  2.7797198 2.439542  2.0615077 3.0487244 1.9731293 2.94774   1.1469254
  3.5877032 3.814339  3.2503877 3.7925372]], shape=(1, 18), dtype=float32)"
104,[6 1 0 0 0 0 0 5 1 4 1 2 0 0 0 8 0 0 0 0 0 0 0 0 0],"tf.Tensor([ 2.8185759  2.7215545  1.387134   3.1906984  2.16043   11.       ], shape=(6,), dtype=float32)",0.5,[6 2 6 4 5 1 3 0 0 0 0 0 0 0 0 8 0 0 0 0 0 0 0 0 0],False,"tf.Tensor(
[[2.8185759 2.7215545 1.387134  3.1906984 2.16043   2.09366   1.2565682
  2.7359421 2.4069324 2.0507257 2.5565956 1.9322858 3.049262  1.5716138
  3.6168554 2.6391964 3.694447  3.2398486]], shape=(1, 18), dtype=float32)"
105,[6 2 6 4 5 1 3 0 0 0 0 0 0 0 0 8 0 0 0 0 0 0 0 0 0],"tf.Tensor([ 3.5222516  2.774483   1.9104757  4.160701   2.6124551 12.       ], shape=(6,), dtype=float32)",0.0,[6 3 6 4 5 1 3 0 0 0 0 0 0 0 0 8 0 0 0 0 0 0 0 0 0],False,"tf.Tensor(
[[3.5222516 2.774483  1.9104757 4.160701  2.6124551 2.71727   2.1508975
  3.354164  3.3256667 2.458545  3.4095235 2.4986246 3.5675826 1.5129502
  4.3702593 4.5410523 3.9055498 4.636078 ]], shape=(1, 18), dtype=float32)"
106,[6 3 6 4 5 1 3 0 0 0 0 0 0 0 0 8 0 0 0 0 0 0 0 0 0],"tf.Tensor([ 3.5338974  2.7454062  2.0080197  4.200566   2.6280663 12.       ], shape=(6,), dtype=float32)",38.0,[7 1 0 0 0 0 0 6 4 5 1 3 0 0 0 8 0 0 0 0 0 0 0 0 19],False,"tf.Tensor(
[[3.5338974 2.7454062 2.0080197 4.200566  2.6280663 2.7315571 2.2804365
  3.398357  3.3876712 2.5305781 3.4983714 2.5020313 3.6749597 1.4997588
  4.481122  4.6287036 3.9165993 4.7193413]], shape=(1, 18), dtype=float32)"
107,[7 1 0 0 0 0 0 6 4 5 1 3 0 0 0 8 0 0 0 0 0 0 0 0 19],"tf.Tensor([3.1049442 1.8347793 2.8603904 3.9373057 1.7014158 9.       ], shape=(6,), dtype=float32)",0.5,[7 2 1 2 3 1 3 0 0 0 0 0 0 0 0 8 0 0 0 0 0 0 0 0 19],False,"tf.Tensor(
[[3.1049442 1.8347793 2.8603904 3.9373057 1.7014158 1.9389845 3.460889
  4.35059   2.489693  3.294243  3.523632  3.3259385 4.355622  1.3660127
  5.1665525 3.559171  4.6068754 4.4818983]], shape=(1, 18), dtype=float32)"
108,[7 2 1 2 3 1 3 0 0 0 0 0 0 0 0 8 0 0 0 0 0 0 0 0 19],[ 1  1  0  1  0 10],0.0,[7 3 1 2 3 1 3 0 0 0 0 0 0 0 0 8 0 0 0 0 0 0 0 0 19],False,"tf.Tensor(
[[3.0512943  1.2586204  2.032031   3.405253   0.35203892 1.6467533
  2.32274    4.704962   2.0397518  3.3117192  3.7544746  3.6304607
  2.1922488  0.9289304  4.337046   3.36299    3.01406    4.1966434 ]], shape=(1, 18), dtype=float32)"
109,[7 3 1 2 3 1 3 0 0 0 0 0 0 0 0 8 0 0 0 0 0 0 0 0 19],[1 1 1 0 1 4],0.0,[8 1 0 0 0 0 0 1 2 3 1 3 0 0 0 8 0 0 0 0 0 0 0 0 19],False,"tf.Tensor(
[[3.0911484  1.2369245  2.1744773  3.4157593  0.42281753 1.6997298
  2.473256   4.7302427  2.183077   3.3648028  3.8197231  3.6336443
  2.3566294  0.9129208  4.4653683  3.4231126  3.0826106  4.2660685 ]], shape=(1, 18), dtype=float32)"
110,[8 1 0 0 0 0 0 1 2 3 1 3 0 0 0 8 0 0 0 0 0 0 0 0 19],[1 1 0 1 0 2],0.30000000000000004,[8 2 3 1 5 0 0 0 0 2 0 6 0 0 0 8 0 0 0 0 0 0 0 0 19],False,"tf.Tensor(
[[2.8851504  1.3773458  2.6940672  3.437772   0.64540005 1.3425792
  2.4487674  4.4879017  2.170951   3.185571   3.6025887  3.5205142
  2.7963738  0.8046404  4.356568   2.9688241  3.4756413  3.8097606 ]], shape=(1, 18), dtype=float32)"
111,[8 2 3 1 5 0 0 0 0 2 0 6 0 0 0 8 0 0 0 0 0 0 0 0 19],"tf.Tensor([2.9875479 2.388731  3.298291  4.4963875 1.2155217 9.       ], shape=(6,), dtype=float32)",0.2,[8 3 3 1 5 2 6 0 0 0 0 0 0 0 0 8 0 0 0 0 0 0 0 0 19],False,"tf.Tensor(
[[2.9875479 2.388731  3.298291  4.4963875 1.2155217 1.0884641 2.9241679
  4.9272103 2.4761171 3.7527385 4.515477  3.9545958 3.9801602 1.1138948
  5.4944663 4.054673  4.1307826 4.554101 ]], shape=(1, 18), dtype=float32)"
112,[8 3 3 1 5 2 6 0 0 0 0 0 0 0 0 8 0 0 0 0 0 0 0 0 19],"tf.Tensor([3.4982462  1.4003242  2.4450037  4.12704    0.76541907 9.        ], shape=(6,), dtype=float32)",0.0,[9 1 0 0 0 0 0 3 1 1 5 5 0 0 0 8 0 0 0 0 0 0 0 0 19],False,"tf.Tensor(
[[3.4982462  1.4003242  2.4450037  4.12704    0.76541907 2.1289108
  3.4240758  4.929492   2.689351   3.3516612  4.400409   3.6790328
  3.1984053  1.259625   5.2366223  4.2621455  3.5148482  4.9975424 ]], shape=(1, 18), dtype=float32)"
113,[9 1 0 0 0 0 0 3 1 1 5 5 0 0 0 8 0 0 0 0 0 0 0 0 19],"tf.Tensor([3.506267  2.0841284 3.3822637 3.9873595 1.3968179 9.       ], shape=(6,), dtype=float32)",0.5,[9 2 3 1 5 5 1 0 0 0 0 0 0 0 0 8 0 0 0 0 0 0 0 0 19],False,"tf.Tensor(
[[3.506267  2.0841284 3.3822637 3.9873595 1.3968179 1.962634  2.9488351
  4.7814956 3.180937  3.2662082 4.1062293 3.8804858 3.8762221 0.9268601
  5.171014  3.5847368 4.5451427 4.4518723]], shape=(1, 18), dtype=float32)"
114,[9 2 3 1 5 5 1 0 0 0 0 0 0 0 0 8 0 0 0 0 0 0 0 0 19],[0 0 1 0 1 4],0.0,[9 3 3 1 5 5 1 0 0 0 0 0 0 0 0 8 0 0 0 0 0 0 0 0 19],False,"tf.Tensor(
[[3.2253704  1.3540044  2.7352421  4.3248987  0.40952295 1.9157547
  3.2075567  4.9582644  2.4916651  3.5950773  4.43368    3.9875257
  3.0868516  0.826837   5.447548   4.2235503  3.5735462  5.058471  ]], shape=(1, 18), dtype=float32)"
115,[9 3 3 1 5 5 1 0 0 0 0 0 0 0 0 8 0 0 0 0 0 0 0 0 19],"tf.Tensor([3.255072  1.3862559 2.9156036 4.3591876 0.4888906 9.       ], shape=(6,), dtype=float32)",0.0,[10 1 0 0 0 0 0 3 1 5 5 1 0 0 0 8 0 0 0 0 0 0 0 0 19],False,"tf.Tensor(
[[3.255072   1.3862559  2.9156036  4.3591876  0.4888906  1.9293345
  3.3239286  4.988503   2.6446936  3.6670268  4.5090737  3.9744163
  3.2695813  0.80307245 5.5791802  4.2882767  3.6378467  5.1156483 ]], shape=(1, 18), dtype=float32)"
116,[10 1 0 0 0 0 0 3 1 5 5 1 0 0 0 8 0 0 0 0 0 0 0 0 19],"tf.Tensor([3.3902507 1.6040137 3.121703  4.264935  1.0230464 9.       ], shape=(6,), dtype=float32)",0.5,[10 2 6 6 2 3 2 0 0 0 0 0 0 0 0 8 0 0 0 0 0 0 0 0 19],False,"tf.Tensor(
[[3.3902507 1.6040137 3.121703  4.264935  1.0230464 1.9198145 3.183405
  4.8816648 2.6638322 3.332959  3.9723501 4.0140753 3.7912283 0.5753603
  5.4191284 3.9626808 4.42194   4.87778  ]], shape=(1, 18), dtype=float32)"
117,[10 2 6 6 2 3 2 0 0 0 0 0 0 0 0 8 0 0 0 0 0 0 0 0 19],"tf.Tensor([3.6364536 2.0434637 3.6100423 3.9919672 1.8360939 9.       ], shape=(6,), dtype=float32)",0.0,[10 3 6 6 2 3 2 0 0 0 0 0 0 0 0 8 0 0 0 0 0 0 0 0 19],False,"tf.Tensor(
[[3.6364536 2.0434637 3.6100423 3.9919672 1.8360939 2.336699  4.681982
  5.0395103 4.3886847 4.2960577 4.268164  3.609549  4.533412  1.1533084
  6.4411216 4.878131  4.2626038 5.3914247]], shape=(1, 18), dtype=float32)"
118,[10 3 6 6 2 3 2 0 0 0 0 0 0 0 0 8 0 0 0 0 0 0 0 0 19],[0 0 1 0 1 0],0.0,[11 1 0 0 0 0 0 6 6 2 3 2 0 0 0 8 0 0 0 0 0 0 0 0 19],False,"tf.Tensor(
[[3.6864061 2.0705442 3.7569642 4.0353146 1.9221714 2.4037988 4.855464
  5.088997  4.549581  4.375678  4.351737  3.6155088 4.704063  1.1648539
  6.595188  4.978921  4.35431   5.484212 ]], shape=(1, 18), dtype=float32)"
119,[11 1 0 0 0 0 0 6 6 2 3 2 0 0 0 8 0 0 0 0 0 0 0 0 19],"tf.Tensor([3.708889  1.6097326 2.7995465 4.21467   1.4872656 9.       ], shape=(6,), dtype=float32)",0.5,[11 2 3 6 1 6 4 0 0 0 0 0 0 0 0 8 0 0 0 0 0 0 0 0 19],False,"tf.Tensor(
[[3.708889  1.6097326 2.7995465 4.21467   1.4872656 2.2416499 3.758034
  5.067691  2.6439223 3.4408407 3.9403183 3.6629128 4.239807  1.4644945
  5.4181304 3.9465709 4.656063  4.9771686]], shape=(1, 18), dtype=float32)"
120,[11 2 3 6 1 6 4 0 0 0 0 0 0 0 0 8 0 0 0 0 0 0 0 0 19],"tf.Tensor([3.8699617 1.7305765 3.2234402 4.0139213 1.509148  9.       ], shape=(6,), dtype=float32)",0.0,[11 3 3 6 1 6 4 0 0 0 0 0 0 0 0 8 0 0 0 0 0 0 0 0 19],False,"tf.Tensor(
[[3.8699617 1.7305765 3.2234402 4.0139213 1.509148  2.5309107 4.765758
  5.3542967 4.0187535 3.8566375 4.663494  3.9354124 4.145645  1.464821
  6.0195994 4.787772  4.1641426 5.4030967]], shape=(1, 18), dtype=float32)"
121,[11 3 3 6 1 6 4 0 0 0 0 0 0 0 0 8 0 0 0 0 0 0 0 0 19],"tf.Tensor([3.9141788 1.7095379 3.3588123 4.0219083 1.5740037 9.       ], shape=(6,), dtype=float32)",0.0,[12 1 0 0 0 0 0 3 6 1 6 4 0 0 0 8 0 0 0 0 0 0 0 0 19],False,"tf.Tensor(
[[3.9141788 1.7095379 3.3588123 4.0219083 1.5740037 2.595764  4.9132857
  5.376627  4.1706533 3.9068413 4.724202  3.9299812 4.3000045 1.4517059
  6.1473856 4.836932  4.2370734 5.467981 ]], shape=(1, 18), dtype=float32)"
122,[12 1 0 0 0 0 0 3 6 1 6 4 0 0 0 8 0 0 0 0 0 0 0 0 19],"tf.Tensor([3.8846598 2.2834077 3.1836052 4.4404526 1.9490848 9.       ], shape=(6,), dtype=float32)",0.5,[12 2 4 2 2 2 2 0 0 0 0 0 0 0 0 8 0 0 0 0 0 0 0 0 19],False,"tf.Tensor(
[[3.8846598 2.2834077 3.1836052 4.4404526 1.9490848 2.1300542 3.862444
  5.313342  3.2446926 3.5297983 4.5327144 4.0447288 4.536363  1.5904781
  5.5935736 4.532553  4.745526  5.153351 ]], shape=(1, 18), dtype=float32)"
123,[12 2 4 2 2 2 2 0 0 0 0 0 0 0 0 8 0 0 0 0 0 0 0 0 19],"tf.Tensor([3.228487  1.0985308 2.7440112 3.759156  0.9043761 9.       ], shape=(6,), dtype=float32)",0.0,[12 3 4 2 2 2 2 0 0 0 0 0 0 0 0 8 0 0 0 0 0 0 0 0 19],False,"tf.Tensor(
[[3.228487  1.0985308 2.7440112 3.759156  0.9043761 2.1769602 3.9225647
  4.796459  3.0433753 3.788468  4.055847  3.8899317 3.3902788 0.9581591
  5.54546   4.2199163 3.6476934 5.0592394]], shape=(1, 18), dtype=float32)"
124,[12 3 4 2 2 2 2 0 0 0 0 0 0 0 0 8 0 0 0 0 0 0 0 0 19],"tf.Tensor([3.2745214  1.139129   2.91936    3.792957   0.96585727 9.        ], shape=(6,), dtype=float32)",0.0,[13 1 0 0 0 0 0 4 2 2 2 2 0 0 0 8 0 0 0 0 0 0 0 0 19],False,"tf.Tensor(
[[3.2745214  1.139129   2.91936    3.792957   0.96585727 2.2172508
  4.0518107  4.840774   3.2135818  3.8644695  4.120049   3.8666437
  3.5524316  0.9368353  5.6819797  4.285319   3.7174714  5.125418  ]], shape=(1, 18), dtype=float32)"
125,[13 1 0 0 0 0 0 4 2 2 2 2 0 0 0 8 0 0 0 0 0 0 0 0 19],"tf.Tensor([3.3855643 1.2036904 2.9828842 4.132673  0.7047669 9.       ], shape=(6,), dtype=float32)",0.4,[13 2 2 4 3 4 0 0 0 0 0 6 0 0 0 8 0 0 0 0 0 0 0 0 19],False,"tf.Tensor(
[[3.3855643  1.2036904  2.9828842  4.132673   0.7047669  2.0539591
  3.5182116  5.0357223  2.5967271  3.4968643  4.1234035  4.0538635
  3.5535288  0.76485944 5.4881225  3.8472877  4.2438326  4.91761   ]], shape=(1, 18), dtype=float32)"
126,[13 2 2 4 3 4 0 0 0 0 0 6 0 0 0 8 0 0 0 0 0 0 0 0 19],"tf.Tensor([3.5380592 2.1272156 3.484117  4.4130783 1.4703965 9.       ], shape=(6,), dtype=float32)",0.1,[13 3 2 4 3 4 6 0 0 0 0 0 0 0 0 8 0 0 0 0 0 0 0 0 19],False,"tf.Tensor(
[[3.5380592 2.1272156 3.484117  4.4130783 1.4703965 1.9223217 4.4309616
  5.5204673 3.6326892 4.1480083 5.0058036 4.4439697 4.3281674 1.5552622
  6.154981  4.6819177 4.3976784 5.2624984]], shape=(1, 18), dtype=float32)"
127,[13 3 2 4 3 4 6 0 0 0 0 0 0 0 0 8 0 0 0 0 0 0 0 0 19],"tf.Tensor([4.1102843 1.7319229 2.9704115 4.2956204 1.459229  9.       ], shape=(6,), dtype=float32)",0.0,[14 1 0 0 0 0 0 2 4 3 4 2 0 0 0 8 0 0 0 0 0 0 0 0 19],True,"tf.Tensor(
[[4.1102843 1.7319229 2.9704115 4.2956204 1.459229  2.8316195 4.8950367
  5.566335  4.046333  3.843427  5.0572667 4.155246  4.0366435 1.732499
  6.0931044 5.2413535 4.035129  5.8312817]], shape=(1, 18), dtype=float32)"
128,[1 1 0 0 0 0 0 4 6 3 6 4 0 0 0 0 0 0 0 0 0 0 0 0 0],"tf.Tensor([ 2.7567928  3.3228788  2.0144422  2.2937434  3.9850795 11.       ], shape=(6,), dtype=float32)",0.5,[1 2 4 6 3 6 4 0 0 0 0 0 0 0 0 0 0 0 0 0 0 0 0 0 0],False,"tf.Tensor(
[[2.7567928 3.3228788 2.0144422 2.2937434 3.9850795 3.1193135 3.4837966
  2.2797766 4.238548  1.8715127 3.0443404 2.3684094 4.2417197 3.5856245
  3.469209  3.55863   4.2718973 2.9048607]], shape=(1, 18), dtype=float32)"
129,[1 2 4 6 3 6 4 0 0 0 0 0 0 0 0 0 0 0 0 0 0 0 0 0 0],"tf.Tensor([3.4035165 3.0736663 2.2665246 3.1223996 3.6024802 3.       ], shape=(6,), dtype=float32)",0.0,[1 3 4 6 3 6 4 0 0 0 0 0 0 0 0 0 0 0 0 0 0 0 0 0 0],False,"tf.Tensor(
[[3.4035165 3.0736663 2.2665246 3.1223996 3.6024802 2.787247  3.0133953
  3.1330078 4.167028  2.2163322 3.2517114 2.411217  3.987478  2.397107
  3.822374  4.0463686 4.06538   3.7787075]], shape=(1, 18), dtype=float32)"
130,[1 3 4 6 3 6 4 0 0 0 0 0 0 0 0 0 0 0 0 0 0 0 0 0 0],[1 1 0 1 1 1],0.0,[2 1 0 0 0 0 0 4 6 3 6 4 0 0 0 0 0 0 0 0 0 0 0 0 0],False,"tf.Tensor(
[[3.4384284 3.0693557 2.3254724 3.1364582 3.6645646 2.8526423 3.1837685
  3.1502264 4.2782974 2.281005  3.3171408 2.3904915 4.1400957 2.4491184
  3.9548593 4.126945  4.0993953 3.8758287]], shape=(1, 18), dtype=float32)"
131,[2 1 0 0 0 0 0 4 6 3 6 4 0 0 0 0 0 0 0 0 0 0 0 0 0],"tf.Tensor([ 2.862989   3.31796    1.9949079  2.294671   4.002922  11.       ], shape=(6,), dtype=float32)",0.5,[2 2 5 2 2 1 2 0 0 0 0 0 0 0 0 0 0 0 0 0 0 0 0 0 0],False,"tf.Tensor(
[[2.862989  3.31796   1.9949079 2.294671  4.002922  3.227085  3.6477292
  2.3513854 4.311237  1.8534529 3.0454578 2.4269917 4.318859  3.7122266
  3.4725528 3.656429  4.3310046 2.965942 ]], shape=(1, 18), dtype=float32)"
132,[2 2 5 2 2 1 2 0 0 0 0 0 0 0 0 0 0 0 0 0 0 0 0 0 0],"tf.Tensor([1.9557153 2.0807338 1.5802529 2.0101607 2.6403918 3.       ], shape=(6,), dtype=float32)",0.0,[2 3 5 2 2 1 2 0 0 0 0 0 0 0 0 0 0 0 0 0 0 0 0 0 0],False,"tf.Tensor(
[[1.9557153 2.0807338 1.5802529 2.0101607 2.6403918 1.7875016 2.134015
  1.8847123 2.8056552 1.731539  2.2837574 1.7574382 2.745192  1.8342829
  2.6746447 2.622159  2.796734  2.3794272]], shape=(1, 18), dtype=float32)"
133,[2 3 5 2 2 1 2 0 0 0 0 0 0 0 0 0 0 0 0 0 0 0 0 0 0],"tf.Tensor([2.0030603 2.0931935 1.7158487 2.0353744 2.7285957 3.       ], shape=(6,), dtype=float32)",0.0,[3 1 0 0 0 0 0 5 2 2 1 2 0 0 0 0 0 0 0 0 0 0 0 0 0],False,"tf.Tensor(
[[2.0030603 2.0931935 1.7158487 2.0353744 2.7285957 1.8591267 2.3319745
  1.9421778 2.9770777 1.8114305 2.3714674 1.7762402 2.884971  1.8581706
  2.816077  2.727186  2.8791418 2.4586942]], shape=(1, 18), dtype=float32)"
134,[3 1 0 0 0 0 0 5 2 2 1 2 0 0 0 0 0 0 0 0 0 0 0 0 0],"tf.Tensor([ 1.8922834  2.1341848  1.034245   1.6175547  2.5525322 11.       ], shape=(6,), dtype=float32)",0.5,[3 2 4 3 5 4 4 0 0 0 0 0 0 0 0 0 0 0 0 0 0 0 0 0 0],False,"tf.Tensor(
[[1.8922834 2.1341848 1.034245  1.6175547 2.5525322 2.3322048 2.4122334
  1.8356243 2.6821082 1.2414088 2.002596  1.6657691 2.6731112 2.5276108
  2.5422661 1.960871  3.1324704 1.9045599]], shape=(1, 18), dtype=float32)"
135,[3 2 4 3 5 4 4 0 0 0 0 0 0 0 0 0 0 0 0 0 0 0 0 0 0],"tf.Tensor([ 3.1559522  2.9720943  2.3122468  3.1656034  3.057515  11.       ], shape=(6,), dtype=float32)",0.0,[3 3 4 3 5 4 4 0 0 0 0 0 0 0 0 0 0 0 0 0 0 0 0 0 0],False,"tf.Tensor(
[[3.1559522 2.9720943 2.3122468 3.1656034 3.057515  2.341677  2.6825097
  3.2570167 3.6412208 2.2627168 3.3311584 2.62701   3.7901044 2.1336765
  3.8633997 3.7571206 3.956952  3.6067092]], shape=(1, 18), dtype=float32)"
136,[3 3 4 3 5 4 4 0 0 0 0 0 0 0 0 0 0 0 0 0 0 0 0 0 0],"tf.Tensor([ 3.19519    2.9840188  2.399712   3.2254765  3.1336882 11.       ], shape=(6,), dtype=float32)",0.0,[4 1 0 0 0 0 0 4 3 5 4 4 0 0 0 0 0 0 0 0 0 0 0 0 0],False,"tf.Tensor(
[[3.19519   2.9840188 2.399712  3.2254765 3.1336882 2.3728278 2.8198566
  3.2956095 3.7584927 2.3463638 3.4264803 2.655688  3.9020221 2.1519186
  3.9680393 3.847656  4.013863  3.7012808]], shape=(1, 18), dtype=float32)"
137,[4 1 0 0 0 0 0 4 3 5 4 4 0 0 0 0 0 0 0 0 0 0 0 0 0],"tf.Tensor([ 2.861409   2.8400285  1.7173821  1.9748157  3.5013125 11.       ], shape=(6,), dtype=float32)",0.5,[4 2 4 4 6 4 3 0 0 0 0 0 0 0 0 0 0 0 0 0 0 0 0 0 0],False,"tf.Tensor(
[[2.861409  2.8400285 1.7173821 1.9748157 3.5013125 3.2917027 3.655027
  2.277875  3.9031951 1.484308  2.6134408 2.4195862 4.0812182 3.8362236
  2.9878018 3.2708402 4.258914  2.5834768]], shape=(1, 18), dtype=float32)"
138,[4 2 4 4 6 4 3 0 0 0 0 0 0 0 0 0 0 0 0 0 0 0 0 0 0],"tf.Tensor([ 3.5149133  3.1208234  2.5491958  3.5262969  3.1819048 10.       ], shape=(6,), dtype=float32)",0.0,[4 3 4 4 6 4 3 0 0 0 0 0 0 0 0 0 0 0 0 0 0 0 0 0 0],False,"tf.Tensor(
[[3.5149133 3.1208234 2.5491958 3.5262969 3.1819048 2.4800587 3.021453
  3.7064111 3.9609127 2.4389882 3.6794636 2.9403489 4.0150194 2.094404
  4.209559  4.2421675 4.239926  4.0411596]], shape=(1, 18), dtype=float32)"
139,[4 3 4 4 6 4 3 0 0 0 0 0 0 0 0 0 0 0 0 0 0 0 0 0 0],"tf.Tensor([ 3.537864   3.1370246  2.645076   3.5714786  3.236429  10.       ], shape=(6,), dtype=float32)",0.0,[5 1 0 0 0 0 0 4 4 6 4 3 0 0 0 0 0 0 0 0 0 0 0 0 0],False,"tf.Tensor(
[[3.537864  3.1370246 2.645076  3.5714786 3.236429  2.5097604 3.1658144
  3.757078  4.0538616 2.5166898 3.7718873 2.961528  4.135627  2.120433
  4.330269  4.347041  4.2802625 4.1261787]], shape=(1, 18), dtype=float32)"
140,[5 1 0 0 0 0 0 4 4 6 4 3 0 0 0 0 0 0 0 0 0 0 0 0 0],[1 1 0 1 1 4],0.4,[5 2 2 6 5 4 0 0 0 1 0 0 0 0 0 0 0 0 0 0 0 0 0 0 0],False,"tf.Tensor(
[[3.1739473 2.7793133 1.6640753 2.372634  3.5850084 3.5827968 4.0514774
  2.5484998 3.9194949 1.4935899 2.9090855 2.5917878 4.4011836 4.140181
  3.181554  3.649388  4.551366  2.9678798]], shape=(1, 18), dtype=float32)"
141,[5 2 2 6 5 4 0 0 0 1 0 0 0 0 0 0 0 0 0 0 0 0 0 0 0],"tf.Tensor([ 3.392884   2.7022605  2.2973301  3.0901763  2.804335  10.       ], shape=(6,), dtype=float32)",0.1,[5 3 2 6 5 4 1 0 0 0 0 0 0 0 0 0 0 0 0 0 0 0 0 0 0],False,"tf.Tensor(
[[3.392884  2.7022605 2.2973301 3.0901763 2.804335  2.3812394 3.0807664
  3.5651765 3.8334029 2.1877313 3.3215952 2.4843397 3.4982889 1.8006809
  3.7525184 4.181125  3.4926848 3.8611734]], shape=(1, 18), dtype=float32)"
142,[5 3 2 6 5 4 1 0 0 0 0 0 0 0 0 0 0 0 0 0 0 0 0 0 0],"tf.Tensor([ 3.4523773  2.6843886  2.502031   3.1573384  2.7703109 10.       ], shape=(6,), dtype=float32)",0.0,[6 1 0 0 0 0 0 2 6 5 5 4 0 0 0 0 0 0 0 0 0 0 0 0 0],False,"tf.Tensor(
[[3.4523773 2.6843886 2.502031  3.1573384 2.7703109 2.4116786 3.1512806
  3.6771023 3.962744  2.3447008 3.4785256 2.5752141 3.6237962 1.7680926
  3.9602754 4.18453   3.596108  3.9488673]], shape=(1, 18), dtype=float32)"
143,[6 1 0 0 0 0 0 2 6 5 5 4 0 0 0 0 0 0 0 0 0 0 0 0 0],"tf.Tensor([3.3807404 3.0810652 1.937834  2.4472966 3.7074394 7.       ], shape=(6,), dtype=float32)",0.5,[6 2 4 4 6 3 1 0 0 0 0 0 0 0 0 0 0 0 0 0 0 0 0 0 0],False,"tf.Tensor(
[[3.3807404 3.0810652 1.937834  2.4472966 3.7074394 3.287303  4.0553327
  2.5644186 3.8228343 1.6708028 3.2195184 2.929848  4.675675  4.4248195
  3.2622645 4.2790723 4.386486  3.295259 ]], shape=(1, 18), dtype=float32)"
144,[6 2 4 4 6 3 1 0 0 0 0 0 0 0 0 0 0 0 0 0 0 0 0 0 0],"tf.Tensor([ 3.3513439  2.6812115  2.3798633  3.3892863  2.9334574 10.       ], shape=(6,), dtype=float32)",0.0,[6 3 4 4 6 3 1 0 0 0 0 0 0 0 0 0 0 0 0 0 0 0 0 0 0],False,"tf.Tensor(
[[3.3513439 2.6812115 2.3798633 3.3892863 2.9334574 2.376765  3.2832518
  3.6710246 3.609266  2.2388213 3.5538628 2.9077754 3.913771  1.8563924
  3.995825  4.3648825 3.8672729 4.1363125]], shape=(1, 18), dtype=float32)"
145,[6 3 4 4 6 3 1 0 0 0 0 0 0 0 0 0 0 0 0 0 0 0 0 0 0],"tf.Tensor([ 3.3775523  2.6927648  2.4856536  3.4310331  3.0097723 10.       ], shape=(6,), dtype=float32)",0.0,[7 1 0 0 0 0 0 4 4 6 3 1 0 0 0 0 0 0 0 0 0 0 0 0 0],False,"tf.Tensor(
[[3.3775523 2.6927648 2.4856536 3.4310331 3.0097723 2.4161203 3.4499965
  3.723163  3.7149003 2.3097286 3.653628  2.9368155 4.0510073 1.8904353
  4.1072764 4.481912  3.9114826 4.2264533]], shape=(1, 18), dtype=float32)"
146,[7 1 0 0 0 0 0 4 4 6 3 1 0 0 0 0 0 0 0 0 0 0 0 0 0],"tf.Tensor([ 3.1392586  2.3430443  1.2468591  2.7457974  3.2205818 11.       ], shape=(6,), dtype=float32)",0.5,[7 2 4 6 3 6 3 0 0 0 0 0 0 0 0 0 0 0 0 0 0 0 0 0 0],False,"tf.Tensor(
[[3.1392586 2.3430443 1.2468591 2.7457974 3.2205818 3.6373086 4.275422
  2.5555928 3.549502  1.1867125 2.863842  2.4140694 4.0216365 4.0727057
  3.1159856 3.5264838 4.538311  2.9924088]], shape=(1, 18), dtype=float32)"
147,[7 2 4 6 3 6 3 0 0 0 0 0 0 0 0 0 0 0 0 0 0 0 0 0 0],"tf.Tensor([3.675266  2.916601  2.4227154 3.336302  3.4827445 7.       ], shape=(6,), dtype=float32)",0.0,[7 3 4 6 3 6 3 0 0 0 0 0 0 0 0 0 0 0 0 0 0 0 0 0 0],False,"tf.Tensor(
[[3.675266  2.916601  2.4227154 3.336302  3.4827445 2.7342331 3.5754879
  3.7837288 4.073007  2.5604434 3.6512563 2.831854  4.413632  2.4808445
  4.177091  4.40632   4.1282506 4.3401146]], shape=(1, 18), dtype=float32)"
148,[7 3 4 6 3 6 3 0 0 0 0 0 0 0 0 0 0 0 0 0 0 0 0 0 0],"tf.Tensor([3.7100983 2.9319139 2.5171177 3.3620622 3.5748026 7.       ], shape=(6,), dtype=float32)",0.0,[8 1 0 0 0 0 0 4 6 3 6 3 0 0 0 0 0 0 0 0 0 0 0 0 0],False,"tf.Tensor(
[[3.7100983 2.9319139 2.5171177 3.3620622 3.5748026 2.7973814 3.757862
  3.8244991 4.2038035 2.6294465 3.7289245 2.8486497 4.5575113 2.5233622
  4.2910466 4.522053  4.179528  4.4351535]], shape=(1, 18), dtype=float32)"
149,[8 1 0 0 0 0 0 4 6 3 6 3 0 0 0 0 0 0 0 0 0 0 0 0 0],"tf.Tensor([3.4632976 2.8903265 1.5890752 2.8258533 3.7412782 1.       ], shape=(6,), dtype=float32)",0.5,[8 2 1 5 3 6 4 0 0 0 0 0 0 0 0 0 0 0 0 0 0 0 0 0 0],False,"tf.Tensor(
[[3.4632976 2.8903265 1.5890752 2.8258533 3.7412782 3.914255  5.0131974
  3.1567137 4.1556816 1.5515702 3.4528925 2.890686  4.708652  4.702605
  3.7016406 4.271044  4.8454766 3.4651754]], shape=(1, 18), dtype=float32)"
150,[8 2 1 5 3 6 4 0 0 0 0 0 0 0 0 0 0 0 0 0 0 0 0 0 0],"tf.Tensor([ 3.4044838  2.5079827  2.047328   3.1383977  2.760985  12.       ], shape=(6,), dtype=float32)",0.0,[8 3 1 5 3 6 4 0 0 0 0 0 0 0 0 0 0 0 0 0 0 0 0 0 0],False,"tf.Tensor(
[[3.4044838 2.5079827 2.047328  3.1383977 2.760985  2.5192404 3.0270205
  3.4485838 3.5006192 2.0906463 3.492745  2.4302373 3.7636423 2.2028537
  3.613395  3.9871333 3.3636189 4.024449 ]], shape=(1, 18), dtype=float32)"
151,[8 3 1 5 3 6 4 0 0 0 0 0 0 0 0 0 0 0 0 0 0 0 0 0 0],[ 0  0  1  0  1 11],0.0,[9 1 0 0 0 0 0 1 5 3 6 4 0 0 0 0 0 0 0 0 0 0 0 0 0],False,"tf.Tensor(
[[3.427913  2.549405  2.164349  3.1548193 2.851984  2.572103  3.1582808
  3.484111  3.6522417 2.198389  3.5374732 2.4576702 3.883306  2.234688
  3.7341669 4.051041  3.4463205 4.083561 ]], shape=(1, 18), dtype=float32)"
152,[9 1 0 0 0 0 0 1 5 3 6 4 0 0 0 0 0 0 0 0 0 0 0 0 0],"tf.Tensor([ 3.494409   2.8461578  1.7962216  2.5739646  3.474522  11.       ], shape=(6,), dtype=float32)",0.5,[9 2 5 4 6 2 3 0 0 0 0 0 0 0 0 0 0 0 0 0 0 0 0 0 0],False,"tf.Tensor(
[[3.494409  2.8461578 1.7962216 2.5739646 3.474522  3.5192225 4.505588
  2.9239948 4.100134  1.613303  3.2243447 2.8546078 4.361442  4.387454
  3.416945  4.056827  4.627322  3.1701179]], shape=(1, 18), dtype=float32)"
153,[9 2 5 4 6 2 3 0 0 0 0 0 0 0 0 0 0 0 0 0 0 0 0 0 0],"tf.Tensor([ 3.6842978  2.8767018  2.5039294  3.707268   3.448544  10.       ], shape=(6,), dtype=float32)",0.0,[9 3 5 4 6 2 3 0 0 0 0 0 0 0 0 0 0 0 0 0 0 0 0 0 0],False,"tf.Tensor(
[[3.6842978 2.8767018 2.5039294 3.707268  3.448544  2.791653  3.8682714
  3.8852842 3.9901118 2.5522928 3.9280746 2.989319  4.638202  2.315428
  4.4963865 4.9703865 4.1624207 4.777627 ]], shape=(1, 18), dtype=float32)"
154,[9 3 5 4 6 2 3 0 0 0 0 0 0 0 0 0 0 0 0 0 0 0 0 0 0],"tf.Tensor([ 3.7124832  2.8697271  2.6059382  3.7134273  3.54132   10.       ], shape=(6,), dtype=float32)",60.0,[10 1 0 0 0 0 0 5 4 6 2 3 0 0 0 0 0 0 0 0 0 0 30 0 0],False,"tf.Tensor(
[[3.7124832 2.8697271 2.6059382 3.7134273 3.54132   2.8816113 4.041104
  3.9046903 4.161785  2.6321738 3.9996455 3.0233963 4.7567797 2.343049
  4.6071486 5.0804753 4.1992426 4.8742704]], shape=(1, 18), dtype=float32)"
155,[10 1 0 0 0 0 0 5 4 6 2 3 0 0 0 0 0 0 0 0 0 0 30 0 0],"tf.Tensor([ 3.4975808  3.4324     2.2460716  2.6828465  2.2805605 11.       ], shape=(6,), dtype=float32)",0.5,[10 2 4 6 6 5 6 0 0 0 0 0 0 0 0 0 0 0 0 0 0 0 30 0 0],False,"tf.Tensor(
[[3.4975808 3.4324    2.2460716 2.6828465 2.2805605 3.307731  3.5061965
  3.4599953 4.255952  2.989186  2.8856463 2.1254895 3.5929236 3.0452247
  5.2364993 3.1956224 5.4640007 2.875082 ]], shape=(1, 18), dtype=float32)"
156,[10 2 4 6 6 5 6 0 0 0 0 0 0 0 0 0 0 0 0 0 0 0 30 0 0],"tf.Tensor([2.626823  3.5911617 2.472893  2.3901336 2.585965  3.       ], shape=(6,), dtype=float32)",0.0,[10 3 4 6 6 5 6 0 0 0 0 0 0 0 0 0 0 0 0 0 0 0 30 0 0],False,"tf.Tensor(
[[2.626823  3.5911617 2.472893  2.3901336 2.585965  2.5998697 3.4100485
  2.7184262 5.2323966 3.3682914 2.457655  0.9451949 2.4477441 2.4608872
  4.713582  2.631944  4.148336  2.958097 ]], shape=(1, 18), dtype=float32)"
157,[10 3 4 6 6 5 6 0 0 0 0 0 0 0 0 0 0 0 0 0 0 0 30 0 0],[1 1 1 0 0 1],0.0,[11 1 0 0 0 0 0 4 6 6 5 6 0 0 0 0 0 0 0 0 0 0 30 0 0],False,"tf.Tensor(
[[2.7567446 3.6391523 2.5162349 2.4487247 2.639364  2.700094  3.5182314
  2.8235083 5.328347  3.4028246 2.5155623 1.0406373 2.6052303 2.501697
  4.8334785 2.7226782 4.318296  3.0393364]], shape=(1, 18), dtype=float32)"
158,[11 1 0 0 0 0 0 4 6 6 5 6 0 0 0 0 0 0 0 0 0 0 30 0 0],"tf.Tensor([ 3.8085468  3.9614441  2.595446   2.8950937  2.4528096 11.       ], shape=(6,), dtype=float32)",0.5,[11 2 1 6 4 1 6 0 0 0 0 0 0 0 0 0 0 0 0 0 0 0 30 0 0],False,"tf.Tensor(
[[3.8085468 3.9614441 2.595446  2.8950937 2.4528096 3.8289087 3.6609945
  3.774964  4.5178547 3.085738  2.9855542 2.311951  4.2202296 3.6794372
  5.773475  3.5639315 5.940431  3.0854852]], shape=(1, 18), dtype=float32)"
159,[11 2 1 6 4 1 6 0 0 0 0 0 0 0 0 0 0 0 0 0 0 0 30 0 0],"tf.Tensor([2.6622934 3.4753683 2.1892347 2.2735023 2.2603805 3.       ], shape=(6,), dtype=float32)",0.0,[11 3 1 6 4 1 6 0 0 0 0 0 0 0 0 0 0 0 0 0 0 0 30 0 0],False,"tf.Tensor(
[[2.6622934 3.4753683 2.1892347 2.2735023 2.2603805 2.4778914 3.4027119
  2.8285716 4.854595  3.3110664 2.27003   1.0938888 2.414274  2.3652258
  4.503638  2.7540872 3.913994  2.7800627]], shape=(1, 18), dtype=float32)"
160,[11 3 1 6 4 1 6 0 0 0 0 0 0 0 0 0 0 0 0 0 0 0 30 0 0],"tf.Tensor([2.7340581 3.5423675 2.216196  2.2901237 2.2867265 3.       ], shape=(6,), dtype=float32)",8.0,[12 1 0 0 0 0 0 1 6 4 1 6 0 0 0 4 0 0 0 0 0 0 30 0 0],False,"tf.Tensor(
[[2.7340581 3.5423675 2.216196  2.2901237 2.2867265 2.5538967 3.4597745
  2.9138281 4.9042435 3.3377151 2.291316  1.1577532 2.507671  2.4198394
  4.605254  2.7948225 4.025733  2.8249626]], shape=(1, 18), dtype=float32)"
161,[12 1 0 0 0 0 0 1 6 4 1 6 0 0 0 4 0 0 0 0 0 0 30 0 0],"tf.Tensor([3.272464  3.5539837 2.1531606 2.690452  1.9851388 9.       ], shape=(6,), dtype=float32)",0.5,[12 2 6 3 5 4 4 0 0 0 0 0 0 0 0 4 0 0 0 0 0 0 30 0 0],False,"tf.Tensor(
[[3.272464  3.5539837 2.1531606 2.690452  1.9851388 2.8066149 2.603232
  3.3832843 3.9743385 3.1138787 2.646717  1.5852363 3.1070712 2.3754573
  5.1681685 2.731558  5.0591927 2.6791425]], shape=(1, 18), dtype=float32)"
162,[12 2 6 3 5 4 4 0 0 0 0 0 0 0 0 4 0 0 0 0 0 0 30 0 0],"tf.Tensor([2.9517808 3.7374125 2.3117173 2.2814448 2.5991426 3.       ], shape=(6,), dtype=float32)",0.0,[12 3 6 3 5 4 4 0 0 0 0 0 0 0 0 4 0 0 0 0 0 0 30 0 0],False,"tf.Tensor(
[[2.9517808 3.7374125 2.3117173 2.2814448 2.5991426 2.8807492 3.3691669
  3.0637064 5.0775294 3.168173  2.3957224 1.3909804 2.7415564 2.7505293
  4.758056  2.5658026 4.611872  3.020148 ]], shape=(1, 18), dtype=float32)"
163,[12 3 6 3 5 4 4 0 0 0 0 0 0 0 0 4 0 0 0 0 0 0 30 0 0],"tf.Tensor([3.0188332 3.7929282 2.3555965 2.3120503 2.6019287 3.       ], shape=(6,), dtype=float32)",8.0,[13 1 0 0 0 0 0 6 3 5 4 4 0 0 0 8 0 0 0 0 0 0 30 0 0],False,"tf.Tensor(
[[3.0188332 3.7929282 2.3555965 2.3120503 2.6019287 2.9445894 3.4177094
  3.135484  5.1151214 3.206906  2.4299974 1.4375939 2.822139  2.7959967
  4.8594933 2.602473  4.713372  3.0522976]], shape=(1, 18), dtype=float32)"
164,[13 1 0 0 0 0 0 6 3 5 4 4 0 0 0 8 0 0 0 0 0 0 30 0 0],"tf.Tensor([ 3.895014   3.9569283  2.5281157  2.6648152  2.9171975 11.       ], shape=(6,), dtype=float32)",0.5,[13 2 4 2 1 2 5 0 0 0 0 0 0 0 0 8 0 0 0 0 0 0 30 0 0],False,"tf.Tensor(
[[3.895014  3.9569283 2.5281157 2.6648152 2.9171975 3.809757  3.5887637
  3.718684  4.9693694 3.561611  2.8250961 1.7764785 4.336111  3.2739284
  6.0628376 2.9673266 6.1696625 3.2077355]], shape=(1, 18), dtype=float32)"
165,[13 2 4 2 1 2 5 0 0 0 0 0 0 0 0 8 0 0 0 0 0 0 30 0 0],"tf.Tensor([2.9671357 3.7579484 2.3445582 2.1076517 2.5513244 9.       ], shape=(6,), dtype=float32)",0.0,[13 3 4 2 1 2 5 0 0 0 0 0 0 0 0 8 0 0 0 0 0 0 30 0 0],False,"tf.Tensor(
[[2.9671357 3.7579484 2.3445582 2.1076517 2.5513244 2.9581122 3.2459447
  3.2628155 4.8415527 3.22397   2.2912269 1.4645644 3.1331742 2.8194396
  4.946803  2.352825  4.8368144 2.8557937]], shape=(1, 18), dtype=float32)"
166,[13 3 4 2 1 2 5 0 0 0 0 0 0 0 0 8 0 0 0 0 0 0 30 0 0],"tf.Tensor([3.0448198 3.8042507 2.350572  2.1690693 2.5838485 9.       ], shape=(6,), dtype=float32)",0.0,[14 1 0 0 0 0 0 4 2 1 2 5 0 0 0 8 0 0 0 0 0 0 30 0 0],True,"tf.Tensor(
[[3.0448198 3.8042507 2.350572  2.1690693 2.5838485 3.0342088 3.2944245
  3.3189209 4.84777   3.2551422 2.3480713 1.5013534 3.2366483 2.8479931
  5.0317774 2.4225667 4.964032  2.8729224]], shape=(1, 18), dtype=float32)"
167,[1 1 0 0 0 0 0 4 4 1 3 1 0 0 0 0 0 0 0 0 0 0 0 0 0],"tf.Tensor([ 1.8174427  2.1131253  1.2056     1.5802367  2.68389   11.       ], shape=(6,), dtype=float32)",0.5,[1 2 4 4 1 3 1 0 0 0 0 0 0 0 0 0 0 0 0 0 0 0 0 0 0],False,"tf.Tensor(
[[1.8174427 2.1131253 1.2056    1.5802367 2.68389   2.0216143 2.2907736
  1.6167544 2.7436974 1.3272084 2.052452  1.604701  2.6753438 2.3506615
  2.299647  2.241633  2.7707741 1.9957159]], shape=(1, 18), dtype=float32)"
168,[1 2 4 4 1 3 1 0 0 0 0 0 0 0 0 0 0 0 0 0 0 0 0 0 0],"tf.Tensor([2.0711358 1.9822689 1.5853397 1.9785655 2.5407274 3.       ], shape=(6,), dtype=float32)",0.0,[1 3 4 4 1 3 1 0 0 0 0 0 0 0 0 0 0 0 0 0 0 0 0 0 0],False,"tf.Tensor(
[[2.0711358 1.9822689 1.5853397 1.9785655 2.5407274 1.8373821 2.2735407
  1.9695411 2.8328216 1.5759575 2.2144527 1.7683288 2.7376049 1.7109463
  2.595037  2.735869  2.7181146 2.4802372]], shape=(1, 18), dtype=float32)"
169,[1 3 4 4 1 3 1 0 0 0 0 0 0 0 0 0 0 0 0 0 0 0 0 0 0],"tf.Tensor([2.1132803 1.9627842 1.7152287 2.01482   2.5872006 3.       ], shape=(6,), dtype=float32)",16.0,[2 1 0 0 0 0 0 4 4 1 3 1 0 0 0 8 0 0 0 0 0 0 0 0 0],False,"tf.Tensor(
[[2.1132803 1.9627842 1.7152287 2.01482   2.5872006 1.8890065 2.44298
  2.0658937 2.9773042 1.6859007 2.3128357 1.7615666 2.86194   1.7045417
  2.7438788 2.7724435 2.7947903 2.5467408]], shape=(1, 18), dtype=float32)"
170,[2 1 0 0 0 0 0 4 4 1 3 1 0 0 0 8 0 0 0 0 0 0 0 0 0],"tf.Tensor([ 2.428968   2.8131495  1.255356   3.059038   2.3645818 11.       ], shape=(6,), dtype=float32)",0.5,[2 2 4 2 4 3 4 0 0 0 0 0 0 0 0 8 0 0 0 0 0 0 0 0 0],False,"tf.Tensor(
[[2.428968  2.8131495 1.255356  3.059038  2.3645818 1.8958471 1.1565218
  2.8343523 2.131714  1.9371171 2.5086312 1.4230738 3.0003462 1.5677605
  3.3544912 3.0631845 3.4879372 2.893411 ]], shape=(1, 18), dtype=float32)"
171,[2 2 4 2 4 3 4 0 0 0 0 0 0 0 0 8 0 0 0 0 0 0 0 0 0],"tf.Tensor([ 2.993941   2.78508    1.6969112  3.7891672  2.1325579 12.       ], shape=(6,), dtype=float32)",0.0,[2 3 4 2 4 3 4 0 0 0 0 0 0 0 0 8 0 0 0 0 0 0 0 0 0],False,"tf.Tensor(
[[2.993941  2.78508   1.6969112 3.7891672 2.1325579 2.1143212 1.2335538
  2.7875462 2.696615  2.0247316 2.8301108 1.8333131 2.9464035 1.1794024
  3.6581497 3.5940716 3.5006554 3.6867962]], shape=(1, 18), dtype=float32)"
172,[2 3 4 2 4 3 4 0 0 0 0 0 0 0 0 8 0 0 0 0 0 0 0 0 0],"tf.Tensor([3.0262551 2.7595167 1.8476892 3.8857455 2.0454056 9.       ], shape=(6,), dtype=float32)",0.0,[3 1 0 0 0 0 0 4 2 4 3 4 0 0 0 8 0 0 0 0 0 0 0 0 0],False,"tf.Tensor(
[[3.0262551 2.7595167 1.8476892 3.8857455 2.0454056 2.0626545 1.2590315
  2.9047406 2.6461978 2.0870504 2.9423199 1.898991  3.0410895 1.0962496
  3.8035955 3.6362379 3.5559838 3.76232  ]], shape=(1, 18), dtype=float32)"
173,[3 1 0 0 0 0 0 4 2 4 3 4 0 0 0 8 0 0 0 0 0 0 0 0 0],"tf.Tensor([ 2.5999532  2.7725518  1.6465193  2.9003186  2.5769448 11.       ], shape=(6,), dtype=float32)",0.5,[3 2 5 6 6 6 2 0 0 0 0 0 0 0 0 8 0 0 0 0 0 0 0 0 0],False,"tf.Tensor(
[[2.5999532 2.7725518 1.6465193 2.9003186 2.5769448 2.2739859 1.8273323
  2.6423476 2.6951115 1.8492544 2.615228  2.0298905 3.2509394 1.8214753
  3.5768175 3.0813692 3.867284  3.0505314]], shape=(1, 18), dtype=float32)"
174,[3 2 5 6 6 6 2 0 0 0 0 0 0 0 0 8 0 0 0 0 0 0 0 0 0],[ 1  1  1  0  0 11],0.0,[3 3 5 6 6 6 2 0 0 0 0 0 0 0 0 8 0 0 0 0 0 0 0 0 0],False,"tf.Tensor(
[[4.183474  3.2603748 2.6222706 4.7765427 2.6131186 2.782174  2.4754927
  4.2933517 3.7113643 2.486403  3.7338994 2.951155  3.9669425 1.2652702
  4.8800416 5.107498  4.570812  5.0573416]], shape=(1, 18), dtype=float32)"
175,[3 3 5 6 6 6 2 0 0 0 0 0 0 0 0 8 0 0 0 0 0 0 0 0 0],"tf.Tensor([ 4.216332   3.2364757  2.7719939  4.8583493  2.5626695 10.       ], shape=(6,), dtype=float32)",0.0,[4 1 0 0 0 0 0 5 6 6 6 2 0 0 0 8 0 0 0 0 0 0 0 0 0],False,"tf.Tensor(
[[4.216332  3.2364757 2.7719939 4.8583493 2.5626695 2.7500765 2.5388405
  4.4033875 3.6956298 2.5707397 3.846372  3.0115213 4.0878744 1.218029
  5.0299687 5.1576324 4.62594   5.142731 ]], shape=(1, 18), dtype=float32)"
176,[4 1 0 0 0 0 0 5 6 6 6 2 0 0 0 8 0 0 0 0 0 0 0 0 0],"tf.Tensor([ 3.5658069  3.5868587  1.961173   3.9390295  3.6054273 11.       ], shape=(6,), dtype=float32)",0.5,[4 2 5 1 6 4 5 0 0 0 0 0 0 0 0 8 0 0 0 0 0 0 0 0 0],False,"tf.Tensor(
[[3.5658069 3.5868587 1.961173  3.9390295 3.6054273 3.0625358 2.738778
  3.230027  3.6176727 2.1402655 3.6460702 2.8754027 4.4238505 2.602715
  4.4867916 4.5536933 4.778448  4.4290085]], shape=(1, 18), dtype=float32)"
177,[4 2 5 1 6 4 5 0 0 0 0 0 0 0 0 8 0 0 0 0 0 0 0 0 0],"tf.Tensor([ 3.559309   3.3069756  1.9982036  4.6103244  2.5120296 12.       ], shape=(6,), dtype=float32)",0.0,[4 3 5 1 6 4 5 0 0 0 0 0 0 0 0 8 0 0 0 0 0 0 0 0 0],False,"tf.Tensor(
[[3.559309  3.3069756 1.9982036 4.6103244 2.5120296 2.4259725 1.6896753
  3.4321024 3.1022425 2.3713026 3.561958  2.3528748 3.6650481 1.4348311
  4.4125805 4.5792255 4.0629635 4.603162 ]], shape=(1, 18), dtype=float32)"
178,[4 3 5 1 6 4 5 0 0 0 0 0 0 0 0 8 0 0 0 0 0 0 0 0 0],[1 0 0 0 1 2],0.0,[5 1 0 0 0 0 0 5 1 6 4 5 0 0 0 8 0 0 0 0 0 0 0 0 0],False,"tf.Tensor(
[[3.6137037 3.2945652 2.0762324 4.667437  2.5285833 2.4706    1.7332133
  3.4964392 3.1765227 2.3983862 3.6600065 2.4023714 3.7183096 1.4065409
  4.496229  4.631069  4.119111  4.6650805]], shape=(1, 18), dtype=float32)"
179,[5 1 0 0 0 0 0 5 1 6 4 5 0 0 0 8 0 0 0 0 0 0 0 0 0],"tf.Tensor([ 3.0305064  3.1219409  2.0152245  3.1182745  3.114329  11.       ], shape=(6,), dtype=float32)",0.5,[5 2 6 2 3 3 6 0 0 0 0 0 0 0 0 8 0 0 0 0 0 0 0 0 0],False,"tf.Tensor(
[[3.0305064 3.1219409 2.0152245 3.1182745 3.114329  2.8715327 2.6470742
  2.8804939 3.463744  2.0540626 2.894188  2.6141346 3.985712  2.3303537
  4.2146897 3.5153694 4.642466  3.562993 ]], shape=(1, 18), dtype=float32)"
180,[5 2 6 2 3 3 6 0 0 0 0 0 0 0 0 8 0 0 0 0 0 0 0 0 0],"tf.Tensor([ 3.3280416  3.1497982  1.8059975  4.2020473  2.8044362 12.       ], shape=(6,), dtype=float32)",0.0,[5 3 6 2 3 3 6 0 0 0 0 0 0 0 0 8 0 0 0 0 0 0 0 0 0],False,"tf.Tensor(
[[3.3280416 3.1497982 1.8059975 4.2020473 2.8044362 2.4353292 1.6478441
  3.0716438 2.907087  2.4346611 3.2346807 2.159805  3.7791872 1.855922
  4.203409  4.1947846 3.954435  4.3227396]], shape=(1, 18), dtype=float32)"
181,[5 3 6 2 3 3 6 0 0 0 0 0 0 0 0 8 0 0 0 0 0 0 0 0 0],"tf.Tensor([ 3.3254387  3.1487355  1.8723102  4.1981974  2.8521013 12.       ], shape=(6,), dtype=float32)",40.0,[6 1 0 0 0 0 0 6 2 3 3 6 0 0 0 8 0 0 0 0 0 0 0 0 20],False,"tf.Tensor(
[[3.3254387 3.1487355 1.8723102 4.1981974 2.8521013 2.4801474 1.7651968
  3.0670059 3.0339355 2.5075371 3.2716172 2.1504102 3.8562706 1.8732681
  4.292121  4.2118974 4.002919  4.350827 ]], shape=(1, 18), dtype=float32)"
182,[6 1 0 0 0 0 0 6 2 3 3 6 0 0 0 8 0 0 0 0 0 0 0 0 20],"tf.Tensor([3.3841207 2.7418175 3.1429558 3.9796896 2.2424126 9.       ], shape=(6,), dtype=float32)",0.5,[6 2 3 6 1 5 2 0 0 0 0 0 0 0 0 8 0 0 0 0 0 0 0 0 20],False,"tf.Tensor(
[[3.3841207 2.7418175 3.1429558 3.9796896 2.2424126 2.4140432 3.3927753
  4.4276457 3.2114942 3.4045055 3.6411607 3.4894087 4.8676953 1.945982
  5.5709314 3.578691  5.298793  4.4709625]], shape=(1, 18), dtype=float32)"
183,[6 2 3 6 1 5 2 0 0 0 0 0 0 0 0 8 0 0 0 0 0 0 0 0 20],"tf.Tensor([3.3860357 2.0388436 3.3515058 3.7063797 1.1936197 9.       ], shape=(6,), dtype=float32)",0.0,[6 3 3 6 1 5 2 0 0 0 0 0 0 0 0 8 0 0 0 0 0 0 0 0 20],False,"tf.Tensor(
[[3.3860357 2.0388436 3.3515058 3.7063797 1.1936197 1.7224178 3.402342
  4.9491043 3.5313423 4.0061164 4.0310287 3.4797509 3.6109855 0.9902977
  5.559385  3.879032  3.8555627 4.5378265]], shape=(1, 18), dtype=float32)"
184,[6 3 3 6 1 5 2 0 0 0 0 0 0 0 0 8 0 0 0 0 0 0 0 0 20],"tf.Tensor([3.4155722 2.0298715 3.5011442 3.7233765 1.2886877 9.       ], shape=(6,), dtype=float32)",0.0,[7 1 0 0 0 0 0 3 6 1 5 2 0 0 0 8 0 0 0 0 0 0 0 0 20],False,"tf.Tensor(
[[3.4155722 2.0298715 3.5011442 3.7233765 1.2886877 1.7617965 3.564099
  4.973949  3.6722887 4.070983  4.103114  3.4926808 3.8012733 0.9808061
  5.6956925 3.953605  3.9348068 4.6118684]], shape=(1, 18), dtype=float32)"
185,[7 1 0 0 0 0 0 3 6 1 5 2 0 0 0 8 0 0 0 0 0 0 0 0 20],"tf.Tensor([3.540679  1.8137999 2.6154609 3.8761992 1.4004505 2.       ], shape=(6,), dtype=float32)",0.5,[7 2 4 5 4 1 1 0 0 0 0 0 0 0 0 8 0 0 0 0 0 0 0 0 20],False,"tf.Tensor(
[[3.540679  1.8137999 2.6154609 3.8761992 1.4004505 1.8036367 2.7049983
  4.7924786 2.4705145 3.2253087 3.8441944 3.4605992 3.5192828 1.2624996
  4.6064    3.557498  4.053289  4.3912506]], shape=(1, 18), dtype=float32)"
186,[7 2 4 5 4 1 1 0 0 0 0 0 0 0 0 8 0 0 0 0 0 0 0 0 20],"tf.Tensor([3.4285204 2.0063405 3.1541407 3.8436189 1.1025107 9.       ], shape=(6,), dtype=float32)",0.0,[7 3 4 5 4 1 1 0 0 0 0 0 0 0 0 8 0 0 0 0 0 0 0 0 20],False,"tf.Tensor(
[[3.4285204 2.0063405 3.1541407 3.8436189 1.1025107 1.8461092 3.3503518
  5.020328  3.5804935 4.235613  4.1490865 3.6677144 3.3548658 0.8919464
  5.6771407 4.3061695 3.611082  4.920498 ]], shape=(1, 18), dtype=float32)"
187,[7 3 4 5 4 1 1 0 0 0 0 0 0 0 0 8 0 0 0 0 0 0 0 0 20],"tf.Tensor([3.4574656 1.9811206 3.3048182 3.8738284 1.1752727 9.       ], shape=(6,), dtype=float32)",0.0,[8 1 0 0 0 0 0 4 5 4 1 1 0 0 0 8 0 0 0 0 0 0 0 0 20],False,"tf.Tensor(
[[3.4574656  1.9811206  3.3048182  3.8738284  1.1752727  1.8801495
  3.52737    5.0589375  3.7145476  4.3020363  4.2356296  3.6650355
  3.5288215  0.88809866 5.8190265  4.3782115  3.6835537  4.9845705 ]], shape=(1, 18), dtype=float32)"
188,[8 1 0 0 0 0 0 4 5 4 1 1 0 0 0 8 0 0 0 0 0 0 0 0 20],"tf.Tensor([3.2001138 1.3123523 2.6571465 3.7636755 0.9922096 9.       ], shape=(6,), dtype=float32)",0.5,[8 2 3 2 2 2 1 0 0 0 0 0 0 0 0 8 0 0 0 0 0 0 0 0 20],False,"tf.Tensor(
[[3.2001138  1.3123523  2.6571465  3.7636755  0.9922096  1.7334276
  3.1498063  4.6912775  2.2832563  3.3756084  3.5549514  3.3980038
  3.4484308  0.97570026 4.8899126  3.5457926  3.8571632  4.443562  ]], shape=(1, 18), dtype=float32)"
189,[8 2 3 2 2 2 1 0 0 0 0 0 0 0 0 8 0 0 0 0 0 0 0 0 20],"tf.Tensor([2.975467  1.2346196 2.728639  3.58303   0.506044  9.       ], shape=(6,), dtype=float32)",0.0,[8 3 3 2 2 2 1 0 0 0 0 0 0 0 0 8 0 0 0 0 0 0 0 0 20],False,"tf.Tensor(
[[2.975467   1.2346196  2.728639   3.58303    0.506044   1.5523407
  2.7899053  4.683558   2.436349   3.7091084  3.8741672  3.7988758
  2.7862434  0.62074006 5.000543   3.5938158  3.326441   4.4518657 ]], shape=(1, 18), dtype=float32)"
190,[8 3 3 2 2 2 1 0 0 0 0 0 0 0 0 8 0 0 0 0 0 0 0 0 20],"tf.Tensor([2.9643848 1.2207618 2.832649  3.5589197 0.5765363 9.       ], shape=(6,), dtype=float32)",0.0,[9 1 0 0 0 0 0 3 2 2 2 1 0 0 0 8 0 0 0 0 0 0 0 0 20],False,"tf.Tensor(
[[2.9643848 1.2207618 2.832649  3.5589197 0.5765363 1.5806293 2.910638
  4.659211  2.5522773 3.7641547 3.865106  3.7644172 2.9211917 0.6166958
  5.077744  3.6140878 3.3530512 4.481456 ]], shape=(1, 18), dtype=float32)"
191,[9 1 0 0 0 0 0 3 2 2 2 1 0 0 0 8 0 0 0 0 0 0 0 0 20],"tf.Tensor([3.1662025  1.1053112  2.6839333  3.6435368  0.48755977 2.        ], shape=(6,), dtype=float32)",0.4,[9 2 6 4 6 4 0 0 0 0 0 5 0 0 0 8 0 0 0 0 0 0 0 0 20],False,"tf.Tensor(
[[3.1662025  1.1053112  2.6839333  3.6435368  0.48755977 1.7597195
  2.6451216  4.7450023  2.2026713  3.2763631  3.800184   3.8681524
  2.8164806  0.73011976 4.670743   3.1612575  3.750511   4.257748  ]], shape=(1, 18), dtype=float32)"
192,[9 2 6 4 6 4 0 0 0 0 0 5 0 0 0 8 0 0 0 0 0 0 0 0 20],"tf.Tensor([3.7208204 2.8755152 3.971445  4.993941  1.9434725 9.       ], shape=(6,), dtype=float32)",0.1,[9 3 6 4 6 4 5 0 0 0 0 0 0 0 0 8 0 0 0 0 0 0 0 0 20],False,"tf.Tensor(
[[3.7208204 2.8755152 3.971445  4.993941  1.9434725 1.9337847 4.3442707
  5.624349  4.0141177 4.4342384 5.2589636 4.4879527 4.9861293 1.5051818
  6.7651744 5.2328897 4.9214077 5.637877 ]], shape=(1, 18), dtype=float32)"
193,[9 3 6 4 6 4 5 0 0 0 0 0 0 0 0 8 0 0 0 0 0 0 0 0 20],"tf.Tensor([4.001472  2.5262077 3.5822897 4.9428606 2.1984262 9.       ], shape=(6,), dtype=float32)",0.0,[10 1 0 0 0 0 0 6 4 6 4 3 0 0 0 8 0 0 0 0 0 0 0 0 20],False,"tf.Tensor(
[[4.001472  2.5262077 3.5822897 4.9428606 2.1984262 2.823268  5.184529
  5.388008  4.5084915 4.4399786 5.096367  3.9419918 5.251821  1.9714165
  7.1494994 5.559275  4.959652  6.099331 ]], shape=(1, 18), dtype=float32)"
194,[10 1 0 0 0 0 0 6 4 6 4 3 0 0 0 8 0 0 0 0 0 0 0 0 20],"tf.Tensor([3.5453744 2.2741513 3.276387  4.6431947 2.1052442 9.       ], shape=(6,), dtype=float32)",0.5,[10 2 2 6 6 2 2 0 0 0 0 0 0 0 0 8 0 0 0 0 0 0 0 0 20],False,"tf.Tensor(
[[3.5453744 2.2741513 3.276387  4.6431947 2.1052442 2.3494494 4.094099
  4.9319406 2.9115617 3.5198088 4.2000895 3.9853737 5.202463  1.6630456
  5.9735975 4.346773  5.42296   5.236096 ]], shape=(1, 18), dtype=float32)"
195,[10 2 2 6 6 2 2 0 0 0 0 0 0 0 0 8 0 0 0 0 0 0 0 0 20],"tf.Tensor([4.164052  1.9700152 3.0308714 4.302583  1.0471952 9.       ], shape=(6,), dtype=float32)",0.0,[10 3 2 6 6 2 2 0 0 0 0 0 0 0 0 8 0 0 0 0 0 0 0 0 20],False,"tf.Tensor(
[[4.164052  1.9700152 3.0308714 4.302583  1.0471952 2.6410794 4.1590786
  5.7953973 4.0545382 4.3372293 4.977097  4.2238827 3.4128869 1.479979
  6.097428  5.1204996 3.7343056 5.8085313]], shape=(1, 18), dtype=float32)"
196,[10 3 2 6 6 2 2 0 0 0 0 0 0 0 0 8 0 0 0 0 0 0 0 0 20],"tf.Tensor([4.198685  1.9543914 3.1810431 4.3157644 1.1264937 9.       ], shape=(6,), dtype=float32)",0.0,[11 1 0 0 0 0 0 2 6 6 2 2 0 0 0 8 0 0 0 0 0 0 0 0 20],False,"tf.Tensor(
[[4.198685  1.9543914 3.1810431 4.3157644 1.1264937 2.6841023 4.314345
  5.8225183 4.2013707 4.397067  5.045788  4.2314243 3.5876424 1.4592404
  6.2304325 5.188335  3.8055012 5.8793488]], shape=(1, 18), dtype=float32)"
197,[11 1 0 0 0 0 0 2 6 6 2 2 0 0 0 8 0 0 0 0 0 0 0 0 20],"tf.Tensor([3.3901668 1.8426131 2.9185214 4.376666  1.5904012 9.       ], shape=(6,), dtype=float32)",0.5,[11 2 6 3 5 6 5 0 0 0 0 0 0 0 0 8 0 0 0 0 0 0 0 0 20],False,"tf.Tensor(
[[3.3901668 1.8426131 2.9185214 4.376666  1.5904012 1.7938205 3.8110936
  5.051196  2.5597456 3.5088162 4.124543  3.8593347 4.2641354 1.3212545
  5.4121    4.409013  4.3844357 5.0071406]], shape=(1, 18), dtype=float32)"
198,[11 2 6 3 5 6 5 0 0 0 0 0 0 0 0 8 0 0 0 0 0 0 0 0 20],"tf.Tensor([3.9641333 2.1533525 3.4051392 4.987641  1.8936912 9.       ], shape=(6,), dtype=float32)",0.0,[11 3 6 3 5 6 5 0 0 0 0 0 0 0 0 8 0 0 0 0 0 0 0 0 20],False,"tf.Tensor(
[[3.9641333 2.1533525 3.4051392 4.987641  1.8936912 2.8613102 5.3363767
  5.4379334 4.206763  4.1604896 5.1329613 4.0973487 5.0628796 1.8116951
  7.051008  5.574448  4.908076  6.151082 ]], shape=(1, 18), dtype=float32)"
199,[11 3 6 3 5 6 5 0 0 0 0 0 0 0 0 8 0 0 0 0 0 0 0 0 20],"tf.Tensor([4.055028  2.2146046 3.5769873 5.0258985 1.9864047 9.       ], shape=(6,), dtype=float32)",0.0,[12 1 0 0 0 0 0 6 3 5 6 5 0 0 0 8 0 0 0 0 0 0 0 0 20],False,"tf.Tensor(
[[4.055028  2.2146046 3.5769873 5.0258985 1.9864047 2.905166  5.4376736
  5.5409427 4.3794293 4.2627406 5.230859  4.161646  5.2120986 1.8038194
  7.1845846 5.662151  5.01441   6.2397556]], shape=(1, 18), dtype=float32)"
200,[12 1 0 0 0 0 0 6 3 5 6 5 0 0 0 8 0 0 0 0 0 0 0 0 20],"tf.Tensor([3.9782364 2.8660738 3.8337717 4.8301992 2.6515741 9.       ], shape=(6,), dtype=float32)",0.5,[12 2 3 5 4 5 4 0 0 0 0 0 0 0 0 8 0 0 0 0 0 0 0 0 20],False,"tf.Tensor(
[[3.9782364 2.8660738 3.8337717 4.8301992 2.6515741 2.9374611 4.8636622
  5.267835  3.9531791 3.6615627 4.603995  4.3129344 5.946255  2.0982614
  6.6221743 4.9120812 6.1561575 5.5489483]], shape=(1, 18), dtype=float32)"
201,[12 2 3 5 4 5 4 0 0 0 0 0 0 0 0 8 0 0 0 0 0 0 0 0 20],"tf.Tensor([4.1679063 1.6934378 3.130069  4.4577565 1.2845778 9.       ], shape=(6,), dtype=float32)",0.0,[12 3 3 5 4 5 4 0 0 0 0 0 0 0 0 8 0 0 0 0 0 0 0 0 20],False,"tf.Tensor(
[[4.1679063 1.6934378 3.130069  4.4577565 1.2845778 2.8172271 4.9425707
  5.767244  4.087365  4.051071  5.1305823 4.278594  4.036263  1.5837271
  6.362295  5.2977376 4.148657  5.962997 ]], shape=(1, 18), dtype=float32)"
202,[12 3 3 5 4 5 4 0 0 0 0 0 0 0 0 8 0 0 0 0 0 0 0 0 20],"tf.Tensor([4.212613  1.70846   3.2798297 4.477922  1.3539265 9.       ], shape=(6,), dtype=float32)",0.0,[13 1 0 0 0 0 0 3 5 4 5 4 0 0 0 8 0 0 0 0 0 0 0 0 20],False,"tf.Tensor(
[[4.212613  1.70846   3.2798297 4.477922  1.3539265 2.867502  5.0597925
  5.789625  4.247801  4.1086717 5.19615   4.266711  4.193731  1.570643
  6.494534  5.3428097 4.226972  6.018289 ]], shape=(1, 18), dtype=float32)"
203,[13 1 0 0 0 0 0 3 5 4 5 4 0 0 0 8 0 0 0 0 0 0 0 0 20],"tf.Tensor([3.747766  2.312333  3.320381  4.8230352 1.9841832 9.       ], shape=(6,), dtype=float32)",0.5,[13 2 4 4 6 1 2 0 0 0 0 0 0 0 0 8 0 0 0 0 0 0 0 0 20],False,"tf.Tensor(
[[3.747766  2.312333  3.320381  4.8230352 1.9841832 2.0693405 4.206909
  5.4076285 3.0349069 3.6619675 4.685346  4.2727165 4.9384284 1.600626
  5.9804044 4.792721  5.087343  5.41417  ]], shape=(1, 18), dtype=float32)"
204,[13 2 4 4 6 1 2 0 0 0 0 0 0 0 0 8 0 0 0 0 0 0 0 0 20],"tf.Tensor([4.0189056 1.5392293 2.981286  4.416886  1.2121572 9.       ], shape=(6,), dtype=float32)",0.0,[13 3 4 4 6 1 2 0 0 0 0 0 0 0 0 8 0 0 0 0 0 0 0 0 20],False,"tf.Tensor(
[[4.0189056 1.5392293 2.981286  4.416886  1.2121572 2.773438  4.738085
  5.6683073 3.9501483 4.3545675 4.974561  4.386441  3.8222735 1.4226701
  6.425374  5.431503  3.9048963 6.130982 ]], shape=(1, 18), dtype=float32)"
205,[13 3 4 4 6 1 2 0 0 0 0 0 0 0 0 8 0 0 0 0 0 0 0 0 20],"tf.Tensor([4.0526724 1.5224092 3.1308923 4.4309216 1.2933323 9.       ], shape=(6,), dtype=float32)",0.0,[14 1 0 0 0 0 0 4 4 6 1 2 0 0 0 8 0 0 0 0 0 0 0 0 20],True,"tf.Tensor(
[[4.0526724 1.5224092 3.1308923 4.4309216 1.2933323 2.8097537 4.8950086
  5.698834  4.0902553 4.4143763 5.0444155 4.3941073 3.9986587 1.4002554
  6.554966  5.5048356 3.972261  6.2028656]], shape=(1, 18), dtype=float32)"
206,[1 1 0 0 0 0 0 6 6 6 4 5 0 0 0 0 0 0 0 0 0 0 0 0 0],[1 1 0 0 0 5],0.2,[1 2 6 6 0 0 0 0 0 3 1 3 0 0 0 0 0 0 0 0 0 0 0 0 0],False,"tf.Tensor(
[[3.2032008 3.8175197 2.219762  2.542705  4.572383  3.5079296 3.816981
  2.7929025 4.6262255 2.2262914 3.5433562 2.7953203 4.9165196 4.29191
  3.9634874 3.9704838 4.8757324 3.2925532]], shape=(1, 18), dtype=float32)"
207,[1 2 6 6 0 0 0 0 0 3 1 3 0 0 0 0 0 0 0 0 0 0 0 0 0],"tf.Tensor([2.5779264 3.0959325 2.121727  2.2229795 3.5675411 7.       ], shape=(6,), dtype=float32)",0.30000000000000004,[1 3 6 6 3 1 3 0 0 0 0 0 0 0 0 0 0 0 0 0 0 0 0 0 0],False,"tf.Tensor(
[[2.5779264 3.0959325 2.121727  2.2229795 3.5675411 1.9688557 2.8148832
  2.0008063 3.2934792 2.0490162 3.0290139 2.7161818 3.9844317 3.327019
  3.0093656 3.943001  3.3366666 3.032975 ]], shape=(1, 18), dtype=float32)"
208,[1 3 6 6 3 1 3 0 0 0 0 0 0 0 0 0 0 0 0 0 0 0 0 0 0],[1 0 1 1 1 0],1.0,[2 1 0 0 0 0 0 6 6 6 4 5 1 0 0 0 0 0 0 0 0 0 0 0 0],False,"tf.Tensor(
[[2.9435198 3.099826  2.4125822 2.813357  3.6736107 2.428268  2.9497528
  2.6283743 4.02805   2.4205928 3.1982887 2.4354405 4.016956  2.636822
  3.8386436 4.0093293 3.8119178 3.46959  ]], shape=(1, 18), dtype=float32)"
209,[2 1 0 0 0 0 0 6 6 6 4 5 1 0 0 0 0 0 0 0 0 0 0 0 0],[1 1 0 0 1 1],0.30000000000000004,[2 2 2 1 4 0 0 0 0 3 5 0 1 0 0 0 0 0 0 0 0 0 0 0 0],False,"tf.Tensor(
[[3.3682492 3.896186  2.164354  2.4832463 4.6034265 3.6893485 3.9037063
  2.9061463 4.7077236 2.2046962 3.4647853 2.7373016 5.0369267 4.5048814
  3.9854813 4.01871   4.9155474 3.3422039]], shape=(1, 18), dtype=float32)"
210,[2 2 2 1 4 0 0 0 0 3 5 0 1 0 0 0 0 0 0 0 0 0 0 0 0],"tf.Tensor([ 2.177634   2.812235   1.4590913  1.7466362  2.6782317 11.       ], shape=(6,), dtype=float32)",0.2,[2 3 2 1 4 3 5 0 0 0 0 0 1 0 0 0 0 0 0 0 0 0 0 0 0],False,"tf.Tensor(
[[2.177634  2.812235  1.4590913 1.7466362 2.6782317 1.9355927 2.1410375
  1.7978419 2.888091  1.5581052 2.027836  2.0296226 2.887884  2.7407472
  2.5609372 2.7216263 3.036496  2.2121322]], shape=(1, 18), dtype=float32)"
211,[2 3 2 1 4 3 5 0 0 0 0 0 1 0 0 0 0 0 0 0 0 0 0 0 0],"tf.Tensor([2.5382583 2.4419386 1.7155747 2.5823894 2.5070624 7.       ], shape=(6,), dtype=float32)",0.0,[3 1 0 0 0 0 0 2 1 1 2 4 1 0 0 0 0 0 0 0 0 0 0 0 0],False,"tf.Tensor(
[[2.5382583 2.4419386 1.7155747 2.5823894 2.5070624 1.8790995 1.8158277
  2.3538485 2.752386  1.6619005 2.6699805 1.7206244 3.1099477 1.8210797
  2.8628333 2.9321907 2.9026914 2.9015975]], shape=(1, 18), dtype=float32)"
212,[3 1 0 0 0 0 0 2 1 1 2 4 1 0 0 0 0 0 0 0 0 0 0 0 0],"tf.Tensor([ 1.7729111  1.688122   1.0340133  1.1433351  2.0379653 11.       ], shape=(6,), dtype=float32)",0.5,[3 2 3 1 3 5 4 0 0 0 0 0 1 0 0 0 0 0 0 0 0 0 0 0 0],False,"tf.Tensor(
[[1.7729111 1.688122  1.0340133 1.1433351 2.0379653 1.96174   2.1571615
  1.5514729 2.373113  0.9203579 1.5766349 1.383923  2.2797713 2.1541705
  1.8177904 1.8735117 2.4421046 1.5696532]], shape=(1, 18), dtype=float32)"
213,[3 2 3 1 3 5 4 0 0 0 0 0 1 0 0 0 0 0 0 0 0 0 0 0 0],[0 1 1 0 1 5],0.0,[3 3 3 1 3 5 4 0 0 0 0 0 1 0 0 0 0 0 0 0 0 0 0 0 0],False,"tf.Tensor(
[[2.590717  2.4417894 1.6708097 2.5532796 2.6206033 1.9406929 2.1060581
  2.506164  2.857068  1.6841737 2.7418606 2.0036197 3.1356304 1.9217005
  2.8794608 3.0885768 3.0014837 2.9995215]], shape=(1, 18), dtype=float32)"
214,[3 3 3 1 3 5 4 0 0 0 0 0 1 0 0 0 0 0 0 0 0 0 0 0 0],"tf.Tensor([2.6583047 2.4467034 1.7430334 2.602387  2.7268434 7.       ], shape=(6,), dtype=float32)",0.0,[4 1 0 0 0 0 0 3 1 3 5 4 1 0 0 0 0 0 0 0 0 0 0 0 0],False,"tf.Tensor(
[[2.6583047 2.4467034 1.7430334 2.602387  2.7268434 2.0085878 2.2116778
  2.554975  2.9470632 1.7230386 2.8307526 2.0336645 3.2561867 1.9621867
  2.9607072 3.2011497 3.068141  3.0885575]], shape=(1, 18), dtype=float32)"
215,[4 1 0 0 0 0 0 3 1 3 5 4 1 0 0 0 0 0 0 0 0 0 0 0 0],"tf.Tensor([ 2.5221226  2.5780747  1.5274868  1.5904458  3.013671  11.       ], shape=(6,), dtype=float32)",0.5,[4 2 4 3 5 5 6 0 0 0 0 0 1 0 0 0 0 0 0 0 0 0 0 0 0],False,"tf.Tensor(
[[2.5221226 2.5780747 1.5274868 1.5904458 3.013671  3.0414147 3.2322903
  1.9468607 3.7029407 1.2455211 2.0995595 1.9913007 3.4268057 3.3288677
  2.6409614 2.645029  3.8659706 2.0530024]], shape=(1, 18), dtype=float32)"
216,[4 2 4 3 5 5 6 0 0 0 0 0 1 0 0 0 0 0 0 0 0 0 0 0 0],"tf.Tensor([3.6209111 3.4346082 2.4253662 3.5296323 3.5130494 7.       ], shape=(6,), dtype=float32)",0.0,[4 3 4 3 5 5 6 0 0 0 0 0 1 0 0 0 0 0 0 0 0 0 0 0 0],False,"tf.Tensor(
[[3.6209111 3.4346082 2.4253662 3.5296323 3.5130494 2.6697607 2.778157
  3.5248396 4.025562  2.4404647 3.696098  2.7119367 4.3152466 2.5697746
  4.178747  4.144682  4.312239  4.0459514]], shape=(1, 18), dtype=float32)"
217,[4 3 4 3 5 5 6 0 0 0 0 0 1 0 0 0 0 0 0 0 0 0 0 0 0],"tf.Tensor([3.656244  3.4506257 2.524458  3.5823321 3.5770156 7.       ], shape=(6,), dtype=float32)",0.0,[5 1 0 0 0 0 0 4 3 5 5 6 1 0 0 0 0 0 0 0 0 0 0 0 0],False,"tf.Tensor(
[[3.656244  3.4506257 2.524458  3.5823321 3.5770156 2.6947312 2.8947616
  3.571089  4.130781  2.5328596 3.7898307 2.7460945 4.4296885 2.5918047
  4.2952003 4.2088127 4.3837204 4.1220875]], shape=(1, 18), dtype=float32)"
218,[5 1 0 0 0 0 0 4 3 5 5 6 1 0 0 0 0 0 0 0 0 0 0 0 0],"tf.Tensor([ 3.2734208  3.413194   2.0144527  2.0005305  3.9009655 11.       ], shape=(6,), dtype=float32)",0.5,[5 2 5 6 4 2 4 0 0 0 0 0 1 0 0 0 0 0 0 0 0 0 0 0 0],False,"tf.Tensor(
[[3.2734208 3.413194  2.0144527 2.0005305 3.9009655 3.636194  4.0783105
  2.535612  4.4535937 1.6735693 2.8648891 2.6808925 4.620151  4.542881
  3.3206973 3.7549915 4.642359  2.8027205]], shape=(1, 18), dtype=float32)"
219,[5 2 5 6 4 2 4 0 0 0 0 0 1 0 0 0 0 0 0 0 0 0 0 0 0],[0 1 1 1 0 0],0.0,[5 3 5 6 4 2 4 0 0 0 0 0 1 0 0 0 0 0 0 0 0 0 0 0 0],False,"tf.Tensor(
[[3.5638084 3.1603408 2.4146016 3.3283246 3.5007744 2.6833754 3.0749218
  3.4289408 4.1674004 2.5889215 3.524969  2.3424773 4.223441  2.475469
  4.177352  4.245132  3.9704845 4.0708213]], shape=(1, 18), dtype=float32)"
220,[5 3 5 6 4 2 4 0 0 0 0 0 1 0 0 0 0 0 0 0 0 0 0 0 0],[1 0 0 1 0 2],0.0,[6 1 0 0 0 0 0 5 6 4 2 4 1 0 0 0 0 0 0 0 0 0 0 0 0],False,"tf.Tensor(
[[3.6082861 3.181311  2.5225742 3.3612108 3.5910378 2.7476566 3.2662838
  3.4859276 4.311222  2.658248  3.6234584 2.3674722 4.3610783 2.5160336
  4.301693  4.370993  4.031209  4.163903 ]], shape=(1, 18), dtype=float32)"
221,[6 1 0 0 0 0 0 5 6 4 2 4 1 0 0 0 0 0 0 0 0 0 0 0 0],"tf.Tensor([ 3.2962253  2.9449382  1.5650227  2.6318088  3.707013  11.       ], shape=(6,), dtype=float32)",0.5,[6 2 6 1 4 3 3 0 0 0 0 0 1 0 0 0 0 0 0 0 0 0 0 0 0],False,"tf.Tensor(
[[3.2962253 2.9449382 1.5650227 2.6318088 3.707013  3.5138338 4.0302596
  2.9579046 3.8523252 1.6585064 3.2494977 2.5413318 4.3997755 4.1373243
  3.5062714 3.8112648 4.4310193 3.3211067]], shape=(1, 18), dtype=float32)"
222,[6 2 6 1 4 3 3 0 0 0 0 0 1 0 0 0 0 0 0 0 0 0 0 0 0],"tf.Tensor([ 2.8433175  2.5966408  2.1296453  3.068356   3.1913233 11.       ], shape=(6,), dtype=float32)",0.0,[6 3 6 1 4 3 3 0 0 0 0 0 1 0 0 0 0 0 0 0 0 0 0 0 0],False,"tf.Tensor(
[[2.8433175 2.5966408 2.1296453 3.068356  3.1913233 2.3823955 3.1360288
  2.9773376 3.4523456 2.2145321 3.2694242 2.7808044 3.9458613 2.1923857
  3.8395927 3.823461  3.9526722 3.699223 ]], shape=(1, 18), dtype=float32)"
223,[6 3 6 1 4 3 3 0 0 0 0 0 1 0 0 0 0 0 0 0 0 0 0 0 0],"tf.Tensor([2.881059  2.6203067 2.2625408 3.1048284 3.2805738 7.       ], shape=(6,), dtype=float32)",0.0,[7 1 0 0 0 0 0 6 1 4 3 3 1 0 0 0 0 0 0 0 0 0 0 0 0],False,"tf.Tensor(
[[2.881059  2.6203067 2.2625408 3.1048284 3.2805738 2.4438772 3.3093402
  3.0263486 3.607186  2.2895007 3.3523526 2.8115492 4.0903583 2.2126184
  3.9700718 3.92511   4.0348797 3.7891023]], shape=(1, 18), dtype=float32)"
224,[7 1 0 0 0 0 0 6 1 4 3 3 1 0 0 0 0 0 0 0 0 0 0 0 0],"tf.Tensor([ 2.9765882  2.6773276  1.4599426  2.4036455  3.1297812 11.       ], shape=(6,), dtype=float32)",0.5,[7 2 1 6 2 3 3 0 0 0 0 0 1 0 0 0 0 0 0 0 0 0 0 0 0],False,"tf.Tensor(
[[2.9765882 2.6773276 1.4599426 2.4036455 3.1297812 3.5654204 3.8458211
  2.7095413 3.703019  1.418188  2.7136302 2.4486613 3.9534702 3.7766829
  3.4983094 2.982646  4.691383  2.7087066]], shape=(1, 18), dtype=float32)"
225,[7 2 1 6 2 3 3 0 0 0 0 0 1 0 0 0 0 0 0 0 0 0 0 0 0],"tf.Tensor([3.0270493 2.3219402 1.9053599 2.5406044 2.5143197 3.       ], shape=(6,), dtype=float32)",0.0,[7 3 1 6 2 3 3 0 0 0 0 0 1 0 0 0 0 0 0 0 0 0 0 0 0],False,"tf.Tensor(
[[3.0270493 2.3219402 1.9053599 2.5406044 2.5143197 2.3992138 2.5868285
  2.8648827 3.4738114 1.8725061 2.9111707 2.0615025 3.270771  1.9149851
  3.136817  3.3464527 2.9739492 3.4444046]], shape=(1, 18), dtype=float32)"
226,[7 3 1 6 2 3 3 0 0 0 0 0 1 0 0 0 0 0 0 0 0 0 0 0 0],"tf.Tensor([3.0170488 2.3308682 2.0293012 2.5722804 2.5997858 3.       ], shape=(6,), dtype=float32)",0.0,[8 1 0 0 0 0 0 1 6 2 3 3 1 0 0 0 0 0 0 0 0 0 0 0 0],False,"tf.Tensor(
[[3.0170488 2.3308682 2.0293012 2.5722804 2.5997858 2.4381065 2.7257893
  2.8876147 3.6085145 1.9850616 2.9796596 2.0782168 3.389859  1.917208
  3.270595  3.4356446 3.0064063 3.530238 ]], shape=(1, 18), dtype=float32)"
227,[8 1 0 0 0 0 0 1 6 2 3 3 1 0 0 0 0 0 0 0 0 0 0 0 0],"tf.Tensor([ 3.0290432  2.148862   1.4317737  2.6624572  3.1234179 11.       ], shape=(6,), dtype=float32)",0.5,[8 2 4 2 6 3 3 0 0 0 0 0 1 0 0 0 0 0 0 0 0 0 0 0 0],False,"tf.Tensor(
[[3.0290432 2.148862  1.4317737 2.6624572 3.1234179 2.9757307 3.7832136
  2.7044249 3.3578317 1.4312179 3.124377  2.483011  3.7408051 3.4815497
  2.8606124 3.3815758 3.9714007 3.0286875]], shape=(1, 18), dtype=float32)"
228,[8 2 4 2 6 3 3 0 0 0 0 0 1 0 0 0 0 0 0 0 0 0 0 0 0],"tf.Tensor([ 3.385426   2.7065802  2.2129445  3.557116   3.000546  10.       ], shape=(6,), dtype=float32)",0.0,[8 3 4 2 6 3 3 0 0 0 0 0 1 0 0 0 0 0 0 0 0 0 0 0 0],False,"tf.Tensor(
[[3.385426  2.7065802 2.2129445 3.557116  3.000546  2.4204202 3.2649796
  3.605411  3.3885279 2.1919324 3.6830616 2.7927456 4.1768274 2.0568674
  4.0079007 4.5406213 3.7440977 4.389023 ]], shape=(1, 18), dtype=float32)"
229,[8 3 4 2 6 3 3 0 0 0 0 0 1 0 0 0 0 0 0 0 0 0 0 0 0],"tf.Tensor([ 3.4155457  2.736419   2.3216357  3.580198   3.09927   10.       ], shape=(6,), dtype=float32)",0.0,[9 1 0 0 0 0 0 4 2 6 3 3 1 0 0 0 0 0 0 0 0 0 0 0 0],False,"tf.Tensor(
[[3.4155457 2.736419  2.3216357 3.580198  3.09927   2.4741142 3.4310725
  3.6467996 3.5322886 2.2581573 3.757472  2.8339906 4.311917  2.0834332
  4.113397  4.6516857 3.8066404 4.471641 ]], shape=(1, 18), dtype=float32)"
230,[9 1 0 0 0 0 0 4 2 6 3 3 1 0 0 0 0 0 0 0 0 0 0 0 0],"tf.Tensor([ 3.5001042  2.5335577  1.5168129  2.6781754  3.3222778 11.       ], shape=(6,), dtype=float32)",0.5,[9 2 2 1 5 3 6 0 0 0 0 0 1 0 0 0 0 0 0 0 0 0 0 0 0],False,"tf.Tensor(
[[3.5001042 2.5335577 1.5168129 2.6781754 3.3222778 3.95029   4.5004363
  2.843853  3.9704623 1.3243319 2.9553277 2.561535  4.385012  4.2333584
  3.4084988 3.7355237 4.867713  3.1623995]], shape=(1, 18), dtype=float32)"
231,[9 2 2 1 5 3 6 0 0 0 0 0 1 0 0 0 0 0 0 0 0 0 0 0 0],"tf.Tensor([ 3.2504807  2.5729132  1.8391589  3.2910163  2.7238228 12.       ], shape=(6,), dtype=float32)",0.0,[9 3 2 1 5 3 6 0 0 0 0 0 1 0 0 0 0 0 0 0 0 0 0 0 0],False,"tf.Tensor(
[[3.2504807 2.5729132 1.8391589 3.2910163 2.7238228 2.4943416 2.673523
  3.0980787 3.196087  1.9076573 3.4875638 2.302135  3.8575654 2.1651113
  3.5662017 4.050566  3.2072294 4.1445065]], shape=(1, 18), dtype=float32)"
232,[9 3 2 1 5 3 6 0 0 0 0 0 1 0 0 0 0 0 0 0 0 0 0 0 0],"tf.Tensor([ 3.284995   2.5935013  1.963459   3.2964704  2.8261647 12.       ], shape=(6,), dtype=float32)",34.0,[10 1 0 0 0 0 0 2 1 5 3 6 1 0 0 0 0 0 0 0 0 0 0 0 17],False,"tf.Tensor(
[[3.284995  2.5935013 1.963459  3.2964704 2.8261647 2.5675251 2.8074272
  3.1233442 3.3744798 1.9964937 3.5575364 2.3291686 3.9763825 2.1695535
  3.6823084 4.154507  3.2462623 4.2326717]], shape=(1, 18), dtype=float32)"
233,[10 1 0 0 0 0 0 2 1 5 3 6 1 0 0 0 0 0 0 0 0 0 0 0 17],"tf.Tensor([ 2.9026413  2.847689   3.9399884  3.411964   2.7098975 11.       ], shape=(6,), dtype=float32)",0.5,[10 2 1 1 1 4 3 0 0 0 0 0 1 0 0 0 0 0 0 0 0 0 0 0 17],False,"tf.Tensor(
[[2.9026413 2.847689  3.9399884 3.411964  2.7098975 2.5435946 5.208621
  3.8131475 4.783125  3.2114213 4.2994094 3.7774389 5.045066  2.951467
  5.1516666 4.1567993 5.299041  3.4427428]], shape=(1, 18), dtype=float32)"
234,[10 2 1 1 1 4 3 0 0 0 0 0 1 0 0 0 0 0 0 0 0 0 0 0 17],[1 1 0 1 1 7],0.0,[10 3 1 1 1 4 3 0 0 0 0 0 1 0 0 0 0 0 0 0 0 0 0 0 17],False,"tf.Tensor(
[[2.4699512 1.677845  2.7561738 2.7503467 1.2759879 1.7613429 4.007024
  3.809898  3.733852  3.074372  3.9590383 3.315157  2.9922652 1.4246172
  4.5243845 3.6890118 2.9019866 3.7161667]], shape=(1, 18), dtype=float32)"
235,[10 3 1 1 1 4 3 0 0 0 0 0 1 0 0 0 0 0 0 0 0 0 0 0 17],"tf.Tensor([2.454312  1.6614082 2.8817322 2.7535422 1.3718727 9.       ], shape=(6,), dtype=float32)",0.0,[11 1 0 0 0 0 0 1 1 1 4 3 1 0 0 0 0 0 0 0 0 0 0 0 17],False,"tf.Tensor(
[[2.454312  1.6614082 2.8817322 2.7535422 1.3718727 1.7650561 4.135551
  3.8070796 3.832783  3.154211  4.0115266 3.2840762 3.178531  1.4150051
  4.6486273 3.7239668 2.9249895 3.7842696]], shape=(1, 18), dtype=float32)"
236,[11 1 0 0 0 0 0 1 1 1 4 3 1 0 0 0 0 0 0 0 0 0 0 0 17],"tf.Tensor([2.8926957 2.1582215 3.6701224 3.2687545 1.4405754 9.       ], shape=(6,), dtype=float32)",0.5,[11 2 5 4 6 5 4 0 0 0 0 0 1 0 0 0 0 0 0 0 0 0 0 0 17],False,"tf.Tensor(
[[2.8926957 2.1582215 3.6701224 3.2687545 1.4405754 1.7704229 4.2237167
  4.1941953 4.071638  2.979658  4.3206325 3.8192627 3.6238806 1.640839
  4.6796036 3.8376763 4.1780934 3.330707 ]], shape=(1, 18), dtype=float32)"
237,[11 2 5 4 6 5 4 0 0 0 0 0 1 0 0 0 0 0 0 0 0 0 0 0 17],"tf.Tensor([3.8264518 3.0385923 3.5854702 4.206265  3.1820853 9.       ], shape=(6,), dtype=float32)",0.0,[11 3 5 4 6 5 4 0 0 0 0 0 1 0 0 0 0 0 0 0 0 0 0 0 17],False,"tf.Tensor(
[[3.8264518 3.0385923 3.5854702 4.206265  3.1820853 3.0119586 5.9842477
  5.08524   5.652042  4.4010367 5.390827  4.1006017 5.320783  2.9466918
  6.722897  5.707002  4.745805  5.637051 ]], shape=(1, 18), dtype=float32)"
238,[11 3 5 4 6 5 4 0 0 0 0 0 1 0 0 0 0 0 0 0 0 0 0 0 17],[0 1 1 1 1 9],0.0,[12 1 0 0 0 0 0 5 4 6 5 4 1 0 0 0 0 0 0 0 0 0 0 0 17],False,"tf.Tensor(
[[3.88905   3.0485446 3.7340474 4.209349  3.2637036 3.0546741 6.1183233
  5.1734877 5.8094606 4.496694  5.4695897 4.1541176 5.4531713 2.9196625
  6.853848  5.773063  4.8206353 5.7259507]], shape=(1, 18), dtype=float32)"
239,[12 1 0 0 0 0 0 5 4 6 5 4 1 0 0 0 0 0 0 0 0 0 0 0 17],[1 0 0 0 0 2],0.1,[12 2 5 0 0 0 0 0 6 3 1 6 1 0 0 0 0 0 0 0 0 0 0 0 17],False,"tf.Tensor(
[[3.9705992 3.331609  3.738524  4.028949  3.4493537 3.7948234 6.126274
  4.402459  5.352371  3.226818  4.684348  4.0936832 6.1679854 4.18875
  5.8012238 5.1251564 6.352711  4.4141216]], shape=(1, 18), dtype=float32)"
240,[12 2 5 0 0 0 0 0 6 3 1 6 1 0 0 0 0 0 0 0 0 0 0 0 17],"tf.Tensor([3.6907964 3.1735783 4.026957  3.975101  3.4564543 1.       ], shape=(6,), dtype=float32)",0.4,[12 3 5 6 3 1 6 0 0 0 0 0 1 0 0 0 0 0 0 0 0 0 0 0 17],False,"tf.Tensor(
[[3.6907964 3.1735783 4.026957  3.975101  3.4564543 2.849821  6.165688
  4.717806  5.502434  3.9504588 5.199494  4.3601007 5.6042976 3.6065185
  5.794274  5.5088706 5.508528  4.4886723]], shape=(1, 18), dtype=float32)"
241,[12 3 5 6 3 1 6 0 0 0 0 0 1 0 0 0 0 0 0 0 0 0 0 0 17],"tf.Tensor([4.199584  3.4094942 3.633147  3.7468536 3.7048495 3.       ], shape=(6,), dtype=float32)",0.0,[13 1 0 0 0 0 0 5 3 4 3 1 1 0 0 0 0 0 0 0 0 0 0 0 17],False,"tf.Tensor(
[[4.199584  3.4094942 3.633147  3.7468536 3.7048495 3.5610013 6.2976885
  4.718856  6.426405  4.327241  5.0244827 3.722795  5.6557255 3.8178566
  6.2973347 5.682289  5.0724983 5.1984086]], shape=(1, 18), dtype=float32)"
242,[13 1 0 0 0 0 0 5 3 4 3 1 1 0 0 0 0 0 0 0 0 0 0 0 17],"tf.Tensor([3.4015598 2.3431194 3.3886054 3.9092255 2.1100771 9.       ], shape=(6,), dtype=float32)",0.5,[13 2 2 5 6 1 5 0 0 0 0 0 1 0 0 0 0 0 0 0 0 0 0 0 17],False,"tf.Tensor(
[[3.4015598 2.3431194 3.3886054 3.9092255 2.1100771 2.6687243 5.356827
  4.4229536 4.183923  3.1474347 4.358507  3.8259149 4.863784  2.6732678
  5.4878173 4.486464  5.254404  4.1673903]], shape=(1, 18), dtype=float32)"
243,[13 2 2 5 6 1 5 0 0 0 0 0 1 0 0 0 0 0 0 0 0 0 0 0 17],"tf.Tensor([3.8589497 2.9430249 3.0016284 3.7697496 2.6930988 9.       ], shape=(6,), dtype=float32)",0.0,[13 3 2 5 6 1 5 0 0 0 0 0 1 0 0 0 0 0 0 0 0 0 0 0 17],False,"tf.Tensor(
[[3.8589497 2.9430249 3.0016284 3.7697496 2.6930988 3.2043092 5.792071
  4.8303013 5.5772705 4.0713854 5.213517  3.8779652 4.5847387 3.310146
  5.8544497 5.675116  3.9597042 5.438237 ]], shape=(1, 18), dtype=float32)"
244,[13 3 2 5 6 1 5 0 0 0 0 0 1 0 0 0 0 0 0 0 0 0 0 0 17],"tf.Tensor([3.8959994 2.9049606 3.1402855 3.7749736 2.7405107 9.       ], shape=(6,), dtype=float32)",0.0,[14 1 0 0 0 0 0 2 5 6 1 5 1 0 0 0 0 0 0 0 0 0 0 0 17],True,"tf.Tensor(
[[3.8959994 2.9049606 3.1402855 3.7749736 2.7405107 3.2412117 5.8649898
  4.886632  5.7051053 4.118562  5.2964735 3.94229   4.668528  3.2469456
  5.9722757 5.6753993 4.0286007 5.4786353]], shape=(1, 18), dtype=float32)"
245,[1 1 0 0 0 0 0 2 5 5 3 3 0 0 0 0 0 0 0 0 0 0 0 0 0],"tf.Tensor([2.690873  2.67267   1.8308414 2.0856576 2.8283167 7.       ], shape=(6,), dtype=float32)",0.5,[1 2 2 5 5 3 3 0 0 0 0 0 0 0 0 0 0 0 0 0 0 0 0 0 0],False,"tf.Tensor(
[[2.690873  2.67267   1.8308414 2.0856576 2.8283167 2.1449306 2.3602507
  2.072978  2.7765653 1.6556948 2.7777505 2.059899  3.5605423 3.1987967
  2.617252  3.273426  3.135956  2.5951076]], shape=(1, 18), dtype=float32)"
246,[1 2 2 5 5 3 3 0 0 0 0 0 0 0 0 0 0 0 0 0 0 0 0 0 0],"tf.Tensor([ 2.9812367  2.6512594  2.1890714  2.9039457  2.7366648 11.       ], shape=(6,), dtype=float32)",0.0,[1 3 2 5 5 3 3 0 0 0 0 0 0 0 0 0 0 0 0 0 0 0 0 0 0],False,"tf.Tensor(
[[2.9812367 2.6512594 2.1890714 2.9039457 2.7366648 2.2487323 2.5288365
  2.9696417 3.5198507 2.057715  2.9050777 2.1724002 3.3647492 1.7459284
  3.5580008 3.4869769 3.575839  3.3384   ]], shape=(1, 18), dtype=float32)"
247,[1 3 2 5 5 3 3 0 0 0 0 0 0 0 0 0 0 0 0 0 0 0 0 0 0],"tf.Tensor([3.03054   2.6655955 2.2984793 2.909205  2.789837  9.       ], shape=(6,), dtype=float32)",0.0,[2 1 0 0 0 0 0 2 5 5 3 3 0 0 0 0 0 0 0 0 0 0 0 0 0],False,"tf.Tensor(
[[3.03054   2.6655955 2.2984793 2.909205  2.789837  2.2815907 2.6778266
  3.0396602 3.6593285 2.144097  2.992657  2.1832302 3.4755063 1.7812452
  3.672391  3.550633  3.614966  3.3956301]], shape=(1, 18), dtype=float32)"
248,[2 1 0 0 0 0 0 2 5 5 3 3 0 0 0 0 0 0 0 0 0 0 0 0 0],"tf.Tensor([2.794471  2.60678   1.8141669 2.1083288 2.8626406 7.       ], shape=(6,), dtype=float32)",0.5,[2 2 5 2 4 1 6 0 0 0 0 0 0 0 0 0 0 0 0 0 0 0 0 0 0],False,"tf.Tensor(
[[2.794471  2.60678   1.8141669 2.1083288 2.8626406 2.304727  2.5824366
  2.1384304 2.8812509 1.6056737 2.797383  2.1496356 3.641956  3.2997305
  2.6153238 3.330111  3.2865877 2.636571 ]], shape=(1, 18), dtype=float32)"
249,[2 2 5 2 4 1 6 0 0 0 0 0 0 0 0 0 0 0 0 0 0 0 0 0 0],"tf.Tensor([2.668995  2.816704  1.7724429 2.622848  3.3617797 7.       ], shape=(6,), dtype=float32)",0.0,[2 3 5 2 4 1 6 0 0 0 0 0 0 0 0 0 0 0 0 0 0 0 0 0 0],False,"tf.Tensor(
[[2.668995  2.816704  1.7724429 2.622848  3.3617797 2.3823361 2.307673
  2.2709556 3.4186063 2.004685  2.8029995 1.9470941 3.5786254 2.473502
  3.260644  3.208785  3.536439  3.074864 ]], shape=(1, 18), dtype=float32)"
250,[2 3 5 2 4 1 6 0 0 0 0 0 0 0 0 0 0 0 0 0 0 0 0 0 0],[ 0  0  1  0  1 10],0.0,[3 1 0 0 0 0 0 5 2 4 1 6 0 0 0 0 0 0 0 0 0 0 0 0 0],False,"tf.Tensor(
[[2.73027   2.838521  1.8721076 2.6867309 3.429573  2.4300349 2.4026918
  2.3203204 3.5126426 2.0797448 2.8975363 1.9305233 3.7267265 2.5077343
  3.3843179 3.3023849 3.583459  3.1728895]], shape=(1, 18), dtype=float32)"
251,[3 1 0 0 0 0 0 5 2 4 1 6 0 0 0 0 0 0 0 0 0 0 0 0 0],"tf.Tensor([ 2.4602933  2.6846123  1.5244223  1.6445024  3.147766  11.       ], shape=(6,), dtype=float32)",0.5,[3 2 2 4 5 6 4 0 0 0 0 0 0 0 0 0 0 0 0 0 0 0 0 0 0],False,"tf.Tensor(
[[2.4602933 2.6846123 1.5244223 1.6445024 3.147766  2.7267497 2.9272847
  2.187938  3.4184287 1.4403651 2.376034  2.1052911 3.4338112 3.2110538
  2.744232  2.6878426 3.6318865 2.2411616]], shape=(1, 18), dtype=float32)"
252,[3 2 2 4 5 6 4 0 0 0 0 0 0 0 0 0 0 0 0 0 0 0 0 0 0],"tf.Tensor([ 3.3796675  2.9791498  2.3859785  3.3208075  2.952011  10.       ], shape=(6,), dtype=float32)",0.0,[3 3 2 4 5 6 4 0 0 0 0 0 0 0 0 0 0 0 0 0 0 0 0 0 0],False,"tf.Tensor(
[[3.3796675 2.9791498 2.3859785 3.3208075 2.952011  2.2895641 2.6377816
  3.506782  3.6826649 2.2230399 3.4709575 2.6187487 3.6649535 1.9410121
  3.8115833 3.9862037 3.8288257 3.7528903]], shape=(1, 18), dtype=float32)"
253,[3 3 2 4 5 6 4 0 0 0 0 0 0 0 0 0 0 0 0 0 0 0 0 0 0],"tf.Tensor([ 3.4376867  3.0205276  2.4742274  3.321848   3.0222394 10.       ], shape=(6,), dtype=float32)",0.0,[4 1 0 0 0 0 0 2 4 5 6 4 0 0 0 0 0 0 0 0 0 0 0 0 0],False,"tf.Tensor(
[[3.4376867 3.0205276 2.4742274 3.321848  3.0222394 2.3216875 2.7180805
  3.5603101 3.809945  2.319949  3.5417838 2.6045616 3.772394  2.0134933
  3.904046  4.0065312 3.8695302 3.7885845]], shape=(1, 18), dtype=float32)"
254,[4 1 0 0 0 0 0 2 4 5 6 4 0 0 0 0 0 0 0 0 0 0 0 0 0],"tf.Tensor([3.155766  3.1111202 2.0910952 2.0863612 3.4175265 7.       ], shape=(6,), dtype=float32)",0.5,[4 2 1 3 1 5 3 0 0 0 0 0 0 0 0 0 0 0 0 0 0 0 0 0 0],False,"tf.Tensor(
[[3.155766  3.1111202 2.0910952 2.0863612 3.4175265 2.988107  3.545341
  2.2004278 3.667356  1.6094942 2.9054546 2.6857135 4.3436136 4.2733326
  3.020034  3.8775432 4.163392  2.7633178]], shape=(1, 18), dtype=float32)"
255,[4 2 1 3 1 5 3 0 0 0 0 0 0 0 0 0 0 0 0 0 0 0 0 0 0],"tf.Tensor([2.255667  1.8414563 1.4589821 2.050711  2.117056  7.       ], shape=(6,), dtype=float32)",0.0,[4 3 1 3 1 5 3 0 0 0 0 0 0 0 0 0 0 0 0 0 0 0 0 0 0],False,"tf.Tensor(
[[2.255667  1.8414563 1.4589821 2.050711  2.117056  1.6444001 1.9870548
  2.2526898 2.402791  1.4937433 2.2693696 1.5479882 2.6619418 1.5889521
  2.3801785 2.616061  2.335662  2.601708 ]], shape=(1, 18), dtype=float32)"
256,[4 3 1 3 1 5 3 0 0 0 0 0 0 0 0 0 0 0 0 0 0 0 0 0 0],"tf.Tensor([2.2819848 1.8537759 1.5838283 2.0891442 2.1693826 7.       ], shape=(6,), dtype=float32)",0.0,[5 1 0 0 0 0 0 1 3 1 5 3 0 0 0 0 0 0 0 0 0 0 0 0 0],False,"tf.Tensor(
[[2.2819848 1.8537759 1.5838283 2.0891442 2.1693826 1.6790946 2.1367302
  2.323594  2.5241504 1.6160011 2.3345218 1.585619  2.7704394 1.6015658
  2.5297225 2.6898353 2.4216928 2.6697798]], shape=(1, 18), dtype=float32)"
257,[5 1 0 0 0 0 0 1 3 1 5 3 0 0 0 0 0 0 0 0 0 0 0 0 0],[0 0 0 0 0 6],0.0,[5 2 0 0 0 0 0 1 5 5 2 1 0 0 0 0 0 0 0 0 0 0 0 0 0],False,"tf.Tensor(
[[2.4256978 2.158849  1.3697217 1.7171912 2.490997  2.4535522 2.942329
  1.975017  3.0752046 1.1897554 2.18124   1.8176682 3.0406313 2.7727842
  2.395107  2.7698433 3.17356   2.2021956]], shape=(1, 18), dtype=float32)"
258,[5 2 0 0 0 0 0 1 5 5 2 1 0 0 0 0 0 0 0 0 0 0 0 0 0],"tf.Tensor([ 2.679967   1.864097   1.4072644  2.30971    2.6570706 11.       ], shape=(6,), dtype=float32)",0.5,[5 3 1 5 5 2 1 0 0 0 0 0 0 0 0 0 0 0 0 0 0 0 0 0 0],False,"tf.Tensor(
[[2.679967  1.864097  1.4072644 2.30971   2.6570706 2.652652  3.1747718
  2.0751152 2.8238237 1.1305058 2.6049452 2.0993237 3.4414124 3.0858936
  2.3394866 3.0513697 3.4921246 2.6003175]], shape=(1, 18), dtype=float32)"
259,[5 3 1 5 5 2 1 0 0 0 0 0 0 0 0 0 0 0 0 0 0 0 0 0 0],"tf.Tensor([ 2.9679787  2.1591651  2.2066     2.7423053  2.159063  10.       ], shape=(6,), dtype=float32)",0.0,[6 1 0 0 0 0 0 1 2 6 1 6 0 0 0 0 0 0 0 0 0 0 0 0 0],False,"tf.Tensor(
[[2.9679787 2.1591651 2.2066    2.7423053 2.159063  2.1260946 2.6293757
  3.1480305 3.4044003 2.0392098 3.1008234 2.1730902 3.0032177 1.3647456
  3.4375775 3.6409175 2.8626711 3.5141532]], shape=(1, 18), dtype=float32)"
260,[6 1 0 0 0 0 0 1 2 6 1 6 0 0 0 0 0 0 0 0 0 0 0 0 0],"tf.Tensor([2.7690566 2.7382023 1.6328076 1.6430639 2.8014207 8.       ], shape=(6,), dtype=float32)",0.5,[6 2 6 5 4 2 5 0 0 0 0 0 0 0 0 0 0 0 0 0 0 0 0 0 0],False,"tf.Tensor(
[[2.7690566 2.7382023 1.6328076 1.6430639 2.8014207 2.4099953 2.9182913
  2.1774118 3.0211911 1.4659268 2.4534938 2.3525736 3.6016948 3.7101176
  2.4486053 3.2832801 3.2200284 2.4333243]], shape=(1, 18), dtype=float32)"
261,[6 2 6 5 4 2 5 0 0 0 0 0 0 0 0 0 0 0 0 0 0 0 0 0 0],"tf.Tensor([3.5413642 3.2194753 2.461159  3.4376836 3.707662  7.       ], shape=(6,), dtype=float32)",0.0,[6 3 6 5 4 2 5 0 0 0 0 0 0 0 0 0 0 0 0 0 0 0 0 0 0],False,"tf.Tensor(
[[3.5413642 3.2194753 2.461159  3.4376836 3.707662  2.7458806 3.2329984
  3.444001  4.1881614 2.7239766 3.692477  2.545901  4.464747  2.6517346
  4.3605924 4.3722315 4.182958  4.2050366]], shape=(1, 18), dtype=float32)"
262,[6 3 6 5 4 2 5 0 0 0 0 0 0 0 0 0 0 0 0 0 0 0 0 0 0],"tf.Tensor([3.5799425 3.2472718 2.5717664 3.4726381 3.811583  7.       ], shape=(6,), dtype=float32)",0.0,[7 1 0 0 0 0 0 6 5 4 2 5 0 0 0 0 0 0 0 0 0 0 0 0 0],False,"tf.Tensor(
[[3.5799425 3.2472718 2.5717664 3.4726381 3.811583  2.8122737 3.426105
  3.4950624 4.335277  2.797684  3.789173  2.579161  4.617073  2.7056928
  4.483276  4.491576  4.2544756 4.297425 ]], shape=(1, 18), dtype=float32)"
263,[7 1 0 0 0 0 0 6 5 4 2 5 0 0 0 0 0 0 0 0 0 0 0 0 0],"tf.Tensor([ 3.359067   3.0795298  1.6153181  2.6679568  3.85437   11.       ], shape=(6,), dtype=float32)",0.5,[7 2 4 6 4 6 1 0 0 0 0 0 0 0 0 0 0 0 0 0 0 0 0 0 0],False,"tf.Tensor(
[[3.359067  3.0795298 1.6153181 2.6679568 3.85437   3.724992  4.3103523
  3.1006374 4.051477  1.6747512 3.3283958 2.7517526 4.523033  4.365296
  3.720054  3.9088848 4.755274  3.3369832]], shape=(1, 18), dtype=float32)"
264,[7 2 4 6 4 6 1 0 0 0 0 0 0 0 0 0 0 0 0 0 0 0 0 0 0],"tf.Tensor([ 3.6982217  2.812324   2.4402616  3.3758771  3.3976505 10.       ], shape=(6,), dtype=float32)",0.0,[7 3 4 6 4 6 1 0 0 0 0 0 0 0 0 0 0 0 0 0 0 0 0 0 0],False,"tf.Tensor(
[[3.6982217 2.812324  2.4402616 3.3758771 3.3976505 2.7217247 3.7625837
  3.9300091 4.0637426 2.4605508 3.6885338 3.044538  4.3218412 2.2921638
  4.165726  4.6024494 4.1321335 4.4321785]], shape=(1, 18), dtype=float32)"
265,[7 3 4 6 4 6 1 0 0 0 0 0 0 0 0 0 0 0 0 0 0 0 0 0 0],"tf.Tensor([ 3.7259555  2.8188066  2.535877   3.4075584  3.4741096 10.       ], shape=(6,), dtype=float32)",0.0,[8 1 0 0 0 0 0 4 6 4 6 1 0 0 0 0 0 0 0 0 0 0 0 0 0],False,"tf.Tensor(
[[3.7259555 2.8188066 2.535877  3.4075584 3.4741096 2.7769864 3.95259
  3.979032  4.183102  2.5353968 3.7748377 3.0690727 4.4580436 2.336343
  4.2883954 4.7108293 4.188296  4.521178 ]], shape=(1, 18), dtype=float32)"
266,[8 1 0 0 0 0 0 4 6 4 6 1 0 0 0 0 0 0 0 0 0 0 0 0 0],"tf.Tensor([3.424298  2.6943061 1.4059808 3.0486214 3.5149534 1.       ], shape=(6,), dtype=float32)",0.5,[8 2 3 6 3 5 6 0 0 0 0 0 0 0 0 0 0 0 0 0 0 0 0 0 0],False,"tf.Tensor(
[[3.424298  2.6943061 1.4059808 3.0486214 3.5149534 3.8178117 4.9158916
  3.0468247 3.8524055 1.4384326 3.322281  2.7817235 4.5003414 4.6877685
  3.5794108 4.1357856 4.8461895 3.4248133]], shape=(1, 18), dtype=float32)"
267,[8 2 3 6 3 5 6 0 0 0 0 0 0 0 0 0 0 0 0 0 0 0 0 0 0],"tf.Tensor([3.8956478 3.2420118 2.439045  3.5023482 3.5995    7.       ], shape=(6,), dtype=float32)",0.0,[8 3 3 6 3 5 6 0 0 0 0 0 0 0 0 0 0 0 0 0 0 0 0 0 0],False,"tf.Tensor(
[[3.8956478 3.2420118 2.439045  3.5023482 3.5995    2.8659174 3.303915
  3.7347498 4.199524  2.5799646 3.7344804 2.5231452 4.672739  2.681872
  4.273718  4.406435  4.15387   4.4720993]], shape=(1, 18), dtype=float32)"
268,[8 3 3 6 3 5 6 0 0 0 0 0 0 0 0 0 0 0 0 0 0 0 0 0 0],"tf.Tensor([3.914564  3.271361  2.568111  3.5520983 3.6700213 7.       ], shape=(6,), dtype=float32)",0.0,[9 1 0 0 0 0 0 3 6 3 5 6 0 0 0 0 0 0 0 0 0 0 0 0 0],False,"tf.Tensor(
[[3.914564  3.271361  2.568111  3.5520983 3.6700213 2.900155  3.451649
  3.7869387 4.318887  2.67649   3.8191762 2.5447543 4.802806  2.7075226
  4.4007583 4.5027776 4.217548  4.546425 ]], shape=(1, 18), dtype=float32)"
269,[9 1 0 0 0 0 0 3 6 3 5 6 0 0 0 0 0 0 0 0 0 0 0 0 0],"tf.Tensor([3.634013  3.0482366 1.8343735 2.7653282 3.990577  1.       ], shape=(6,), dtype=float32)",0.5,[9 2 1 6 4 5 5 0 0 0 0 0 0 0 0 0 0 0 0 0 0 0 0 0 0],False,"tf.Tensor(
[[3.634013  3.0482366 1.8343735 2.7653282 3.990577  3.9756665 5.0897017
  3.3255014 4.519406  1.7591748 3.620398  3.0295799 4.863487  4.710578
  3.8027098 4.423287  4.9445777 3.5464914]], shape=(1, 18), dtype=float32)"
270,[9 2 1 6 4 5 5 0 0 0 0 0 0 0 0 0 0 0 0 0 0 0 0 0 0],"tf.Tensor([ 3.872843   2.8923545  2.3325293  3.4651363  3.0434887 12.       ], shape=(6,), dtype=float32)",0.0,[9 3 1 6 4 5 5 0 0 0 0 0 0 0 0 0 0 0 0 0 0 0 0 0 0],False,"tf.Tensor(
[[3.872843  2.8923545 2.3325293 3.4651363 3.0434887 2.8845282 3.128966
  3.751087  4.063805  2.3508558 3.8485937 2.6087406 4.182592  2.3333066
  4.081202  4.4042163 3.7030997 4.529843 ]], shape=(1, 18), dtype=float32)"
271,[9 3 1 6 4 5 5 0 0 0 0 0 0 0 0 0 0 0 0 0 0 0 0 0 0],"tf.Tensor([ 3.88911    2.9163883  2.4554687  3.4973657  3.1095867 12.       ], shape=(6,), dtype=float32)",42.0,[10 1 0 0 0 0 0 1 6 4 5 5 0 0 0 0 0 0 0 0 0 0 0 0 21],False,"tf.Tensor(
[[3.88911   2.9163883 2.4554687 3.4973657 3.1095867 2.923742  3.2427838
  3.783761  4.1924844 2.4430218 3.922718  2.6346958 4.2935915 2.3384538
  4.192137  4.4959135 3.7416615 4.606308 ]], shape=(1, 18), dtype=float32)"
272,[10 1 0 0 0 0 0 1 6 4 5 5 0 0 0 0 0 0 0 0 0 0 0 0 21],[1 0 1 1 0 4],0.30000000000000004,[10 2 4 3 4 0 0 0 5 0 0 4 0 0 0 0 0 0 0 0 0 0 0 0 21],False,"tf.Tensor(
[[3.5809588 3.1854327 4.090687  3.8776119 3.1979308 2.6732633 5.5118628
  4.3737245 5.1908045 3.576414  4.9862676 4.0360155 5.394517  3.5351202
  5.2512326 5.081389  5.307017  4.021922 ]], shape=(1, 18), dtype=float32)"
273,[10 2 4 3 4 0 0 0 5 0 0 4 0 0 0 0 0 0 0 0 0 0 0 0 21],"tf.Tensor([ 3.728032   3.3655095  4.1876564  3.9879239  2.915069  10.       ], shape=(6,), dtype=float32)",0.2,[10 3 4 3 4 5 4 0 0 0 0 0 0 0 0 0 0 0 0 0 0 0 0 0 21],False,"tf.Tensor(
[[3.728032  3.3655095 4.1876564 3.9879239 2.915069  2.196274  5.6676345
  5.1019177 5.334339  4.347097  5.584519  4.359051  5.1227403 3.2358117
  5.924893  5.9639072 4.450713  4.7998056]], shape=(1, 18), dtype=float32)"
274,[10 3 4 3 4 5 4 0 0 0 0 0 0 0 0 0 0 0 0 0 0 0 0 0 21],"tf.Tensor([3.4176223 2.9516325 3.7153666 3.9383953 2.8006058 9.       ], shape=(6,), dtype=float32)",0.0,[11 1 0 0 0 0 0 4 4 3 4 1 0 0 0 0 0 0 0 0 0 0 0 0 21],False,"tf.Tensor(
[[3.4176223 2.9516325 3.7153666 3.9383953 2.8006058 2.4525592 5.5484743
  4.891987  5.304878  4.4647975 5.2285767 4.016445  4.990876  2.6714046
  6.435967  5.2895246 4.398166  5.1232314]], shape=(1, 18), dtype=float32)"
275,[11 1 0 0 0 0 0 4 4 3 4 1 0 0 0 0 0 0 0 0 0 0 0 0 21],"tf.Tensor([3.6524951 2.469043  3.8761818 3.8527327 2.0257554 9.       ], shape=(6,), dtype=float32)",0.5,[11 2 3 5 4 6 6 0 0 0 0 0 0 0 0 0 0 0 0 0 0 0 0 0 21],False,"tf.Tensor(
[[3.6524951 2.469043  3.8761818 3.8527327 2.0257554 2.481435  4.7755685
  4.687784  4.5436163 3.3824322 4.681888  4.075857  4.544236  2.2937646
  5.281317  4.5115256 4.9937263 4.1299253]], shape=(1, 18), dtype=float32)"
276,[11 2 3 5 4 6 6 0 0 0 0 0 0 0 0 0 0 0 0 0 0 0 0 0 21],"tf.Tensor([4.011039  3.2952888 3.6100907 4.2195463 3.1866565 9.       ], shape=(6,), dtype=float32)",0.0,[11 3 3 5 4 6 6 0 0 0 0 0 0 0 0 0 0 0 0 0 0 0 0 0 21],False,"tf.Tensor(
[[4.011039  3.2952888 3.6100907 4.2195463 3.1866565 3.0681152 6.115978
  5.2816863 5.8113937 4.476896  5.725021  4.2471385 5.3191967 3.5450537
  6.6036453 5.7093754 4.8553886 5.4624043]], shape=(1, 18), dtype=float32)"
277,[11 3 3 5 4 6 6 0 0 0 0 0 0 0 0 0 0 0 0 0 0 0 0 0 21],"tf.Tensor([4.0736356 3.3052385 3.7586696 4.2226295 3.2682734 9.       ], shape=(6,), dtype=float32)",60.0,[12 1 0 0 0 0 0 3 5 4 6 6 0 0 0 0 0 0 0 0 0 30 0 0 21],False,"tf.Tensor(
[[4.0736356 3.3052385 3.7586696 4.2226295 3.2682734 3.1108317 6.2500563
  5.369935  5.968813  4.5725546 5.8037853 4.3006554 5.4515843 3.5180225
  6.734598  5.7754364 4.9302197 5.5513053]], shape=(1, 18), dtype=float32)"
278,[12 1 0 0 0 0 0 3 5 4 6 6 0 0 0 0 0 0 0 0 0 30 0 0 21],"tf.Tensor([2.6796434 2.1060786 2.0210676 3.237648  1.6799788 3.       ], shape=(6,), dtype=float32)",0.5,[12 2 1 3 1 5 1 0 0 0 0 0 0 0 0 0 0 0 0 0 0 30 0 0 21],False,"tf.Tensor(
[[ 2.6796434   2.1060786   2.0210676   3.237648    1.6799788   2.6968565
   2.9540691   1.8523362   3.214642    1.6051427   3.0482607  -0.38839164
   2.799067    2.7455044   2.7730722   2.5219939   2.1235867   2.74054   ]], shape=(1, 18), dtype=float32)"
279,[12 2 1 3 1 5 1 0 0 0 0 0 0 0 0 0 0 0 0 0 0 30 0 0 21],"tf.Tensor([1.920451   1.0988023  1.886815   1.9221183  0.15029901 1.        ], shape=(6,), dtype=float32)",0.0,[12 3 1 3 1 5 1 0 0 0 0 0 0 0 0 0 0 0 0 0 0 30 0 0 21],False,"tf.Tensor(
[[1.920451   1.0988023  1.886815   1.9221183  0.15029901 2.2062728
  4.105466   2.771954   2.3279953  2.5318367  1.8930868  0.04080456
  0.6128886  2.1803396  1.8081796  1.375585   1.659075   2.2405913 ]], shape=(1, 18), dtype=float32)"
280,[12 3 1 3 1 5 1 0 0 0 0 0 0 0 0 0 0 0 0 0 0 30 0 0 21],"tf.Tensor([1.9025546  1.0793049  1.9039019  1.972361   0.14964649 1.        ], shape=(6,), dtype=float32)",0.0,[13 1 0 0 0 0 0 1 3 1 5 1 0 0 0 0 0 0 0 0 0 30 0 0 21],False,"tf.Tensor(
[[1.9025546  1.0793049  1.9039019  1.972361   0.14964649 2.2991266
  4.229627   2.78432    2.3725665  2.6216066  1.9052392  0.01184084
  0.6813233  2.145248   1.9277128  1.4926127  1.7262808  2.298133  ]], shape=(1, 18), dtype=float32)"
281,[13 1 0 0 0 0 0 1 3 1 5 1 0 0 0 0 0 0 0 0 0 30 0 0 21],"tf.Tensor([2.3199196 1.567731  1.9873177 2.2092025 0.1715095 1.       ], shape=(6,), dtype=float32)",0.4,[13 2 2 4 1 4 0 0 0 0 0 3 0 0 0 0 0 0 0 0 0 30 0 0 21],False,"tf.Tensor(
[[ 2.3199196   1.567731    1.9873177   2.2092025   0.1715095   2.4605143
   3.8999164   2.6759331   2.507971    2.1875737   1.8336535  -0.46924803
   0.4525756   2.153446    1.4771641   1.5815269   1.3339607   2.5392702 ]], shape=(1, 18), dtype=float32)"
282,[13 2 2 4 1 4 0 0 0 0 0 3 0 0 0 0 0 0 0 0 0 30 0 0 21],"tf.Tensor([2.1739173 1.0211092 2.0938683 2.2459533 0.8026738 1.       ], shape=(6,), dtype=float32)",0.0,[13 3 2 4 1 4 0 0 0 0 0 6 0 0 0 0 0 0 0 0 0 30 0 0 21],False,"tf.Tensor(
[[2.1739173 1.0211092 2.0938683 2.2459533 0.8026738 2.327846  3.911435
  2.7227077 3.0408232 2.56439   2.5215864 0.4994865 1.6507617 2.384624
  2.7390711 1.7016517 2.0373728 2.2721016]], shape=(1, 18), dtype=float32)"
283,[13 3 2 4 1 4 0 0 0 0 0 6 0 0 0 0 0 0 0 0 0 30 0 0 21],"tf.Tensor([2.5503526 1.2408885 2.4527166 2.7075    1.2772065 1.       ], shape=(6,), dtype=float32)",4.0,[14 1 0 0 0 0 0 2 4 1 4 1 0 2 0 0 0 0 0 0 0 30 0 0 21],True,"tf.Tensor(
[[2.5503526  1.2408885  2.4527166  2.7075     1.2772065  2.0188825
  3.519422   2.8480225  3.3205366  2.5047028  2.806027   0.42729458
  2.42384    2.5493894  3.37616    1.9501678  2.116921   2.3591049 ]], shape=(1, 18), dtype=float32)"
284,[1 1 0 0 0 0 0 4 1 5 2 5 0 0 0 0 0 0 0 0 0 0 0 0 0],"tf.Tensor([ 2.0671644  2.6749637  1.4525126  1.6023446  2.9834473 11.       ], shape=(6,), dtype=float32)",0.5,[1 2 4 1 5 2 5 0 0 0 0 0 0 0 0 0 0 0 0 0 0 0 0 0 0],False,"tf.Tensor(
[[2.0671644 2.6749637 1.4525126 1.6023446 2.9834473 2.3767743 2.4564993
  1.89689   2.9956343 1.3694594 2.2006445 1.9799072 3.2679176 2.9733288
  2.503302  2.4345293 3.3186426 2.0573769]], shape=(1, 18), dtype=float32)"
285,[1 2 4 1 5 2 5 0 0 0 0 0 0 0 0 0 0 0 0 0 0 0 0 0 0],"tf.Tensor([ 2.5068414  2.7365947  1.7846411  2.516506   3.0923371 11.       ], shape=(6,), dtype=float32)",0.0,[1 3 4 1 5 2 5 0 0 0 0 0 0 0 0 0 0 0 0 0 0 0 0 0 0],False,"tf.Tensor(
[[2.5068414 2.7365947 1.7846411 2.516506  3.0923371 2.289998  2.3377972
  2.2754622 3.328896  1.7723883 2.6843948 2.1094873 3.3001165 2.2427068
  3.123835  3.059529  3.5460486 2.8941813]], shape=(1, 18), dtype=float32)"
286,[1 3 4 1 5 2 5 0 0 0 0 0 0 0 0 0 0 0 0 0 0 0 0 0 0],[1 0 0 0 1 0],1.0,[2 1 0 0 0 0 0 4 1 5 2 5 1 0 0 0 0 0 0 0 0 0 0 0 0],False,"tf.Tensor(
[[2.572162  2.7001579 1.8643906 2.6495547 3.1516745 2.3225183 2.4040565
  2.3132792 3.3660288 1.7910486 2.8258576 2.1137893 3.4095373 2.251445
  3.2007775 3.167769  3.5813894 3.0622222]], shape=(1, 18), dtype=float32)"
287,[2 1 0 0 0 0 0 4 1 5 2 5 1 0 0 0 0 0 0 0 0 0 0 0 0],"tf.Tensor([ 2.2771761  2.697425   1.4569982  1.6501588  2.9672332 11.       ], shape=(6,), dtype=float32)",0.5,[2 2 5 2 1 5 3 0 0 0 0 0 1 0 0 0 0 0 0 0 0 0 0 0 0],False,"tf.Tensor(
[[2.2771761 2.697425  1.4569982 1.6501588 2.9672332 2.538506  2.5553975
  2.0532157 3.0858774 1.3731544 2.194121  1.9565109 3.3576899 3.066831
  2.5848496 2.558105  3.3986278 2.167259 ]], shape=(1, 18), dtype=float32)"
288,[2 2 5 2 1 5 3 0 0 0 0 0 1 0 0 0 0 0 0 0 0 0 0 0 0],"tf.Tensor([2.473693  2.3931615 1.6763346 2.276949  3.0864968 3.       ], shape=(6,), dtype=float32)",0.0,[2 3 5 2 1 5 3 0 0 0 0 0 1 0 0 0 0 0 0 0 0 0 0 0 0],False,"tf.Tensor(
[[2.473693  2.3931615 1.6763346 2.276949  3.0864968 2.2258036 2.4310281
  2.2148626 3.2614331 1.7285002 2.5414162 1.9960209 3.198719  2.1710954
  2.8671255 2.98726   3.2527494 2.8216405]], shape=(1, 18), dtype=float32)"
289,[2 3 5 2 1 5 3 0 0 0 0 0 1 0 0 0 0 0 0 0 0 0 0 0 0],"tf.Tensor([2.5357416 2.4051046 1.818043  2.3383605 3.1765044 3.       ], shape=(6,), dtype=float32)",0.0,[3 1 0 0 0 0 0 5 2 1 5 3 1 0 0 0 0 0 0 0 0 0 0 0 0],False,"tf.Tensor(
[[2.5357416 2.4051046 1.818043  2.3383605 3.1765044 2.2850726 2.5806487
  2.2906501 3.4098704 1.7936733 2.6559682 2.047643  3.3156908 2.170398
  3.002122  3.1150696 3.3488755 2.9043589]], shape=(1, 18), dtype=float32)"
290,[3 1 0 0 0 0 0 5 2 1 5 3 1 0 0 0 0 0 0 0 0 0 0 0 0],"tf.Tensor([ 2.3212843  2.6467164  1.401677   1.5631078  3.261908  11.       ], shape=(6,), dtype=float32)",0.5,[3 2 3 1 4 2 1 0 0 0 0 0 1 0 0 0 0 0 0 0 0 0 0 0 0],False,"tf.Tensor(
[[2.3212843 2.6467164 1.401677  1.5631078 3.261908  3.084422  3.3424437
  1.9625996 3.677364  1.1955495 2.185853  2.011858  3.383782  3.2711196
  2.9261205 2.6314323 3.913948  2.1341975]], shape=(1, 18), dtype=float32)"
291,[3 2 3 1 4 2 1 0 0 0 0 0 1 0 0 0 0 0 0 0 0 0 0 0 0],"tf.Tensor([ 2.1518538  1.90262    1.5878978  2.2915223  2.0204854 10.       ], shape=(6,), dtype=float32)",0.0,[3 3 3 1 4 2 1 0 0 0 0 0 1 0 0 0 0 0 0 0 0 0 0 0 0],False,"tf.Tensor(
[[2.1518538 1.90262   1.5878978 2.2915223 2.0204854 1.5830641 2.056319
  2.3440015 2.3927746 1.4845107 2.408626  1.9995735 2.5814793 1.3132555
  2.6451957 2.8040164 2.6604013 2.663241 ]], shape=(1, 18), dtype=float32)"
292,[3 3 3 1 4 2 1 0 0 0 0 0 1 0 0 0 0 0 0 0 0 0 0 0 0],"tf.Tensor([ 2.1763842  1.910422   1.712264   2.3452199  2.075872  10.       ], shape=(6,), dtype=float32)",0.0,[4 1 0 0 0 0 0 3 1 4 2 1 1 0 0 0 0 0 0 0 0 0 0 0 0],False,"tf.Tensor(
[[2.1763842 1.910422  1.712264  2.3452199 2.075872  1.6202761 2.2100558
  2.3971725 2.5009785 1.5613977 2.5013137 2.023429  2.7131276 1.3265837
  2.7752721 2.899676  2.7228656 2.75196  ]], shape=(1, 18), dtype=float32)"
293,[4 1 0 0 0 0 0 3 1 4 2 1 1 0 0 0 0 0 0 0 0 0 0 0 0],"tf.Tensor([ 2.1017945   1.6999362   0.99520046  1.7362349   2.1152027  11.        ], shape=(6,), dtype=float32)",0.5,[4 2 4 4 5 1 2 0 0 0 0 0 1 0 0 0 0 0 0 0 0 0 0 0 0],False,"tf.Tensor(
[[2.1017945  1.6999362  0.99520046 1.7362349  2.1152027  2.40864
  2.5742943  1.7606268  2.4474518  0.9923249  1.8441788  1.6062376
  2.6847908  2.5396612  2.2164006  2.1467168  3.0882645  1.9504926 ]], shape=(1, 18), dtype=float32)"
294,[4 2 4 4 5 1 2 0 0 0 0 0 1 0 0 0 0 0 0 0 0 0 0 0 0],[1 1 1 0 1 9],0.0,[4 3 4 4 5 1 2 0 0 0 0 0 1 0 0 0 0 0 0 0 0 0 0 0 0],False,"tf.Tensor(
[[2.9649556 2.5584838 2.106104  2.9148102 2.7695696 2.1956053 2.7472556
  3.0552845 3.4160752 2.099574  3.0734754 2.2795212 3.4377952 1.8273139
  3.583535  3.7342515 3.4206371 3.5070117]], shape=(1, 18), dtype=float32)"
295,[4 3 4 4 5 1 2 0 0 0 0 0 1 0 0 0 0 0 0 0 0 0 0 0 0],"tf.Tensor([ 3.008427   2.5979946  2.2224786  2.9575129  2.8676944 10.       ], shape=(6,), dtype=float32)",0.0,[5 1 0 0 0 0 0 4 4 5 1 2 1 0 0 0 0 0 0 0 0 0 0 0 0],False,"tf.Tensor(
[[3.008427  2.5979946 2.2224786 2.9575129 2.8676944 2.2555866 2.9263053
  3.1131477 3.5670822 2.1743166 3.1791582 2.310999  3.5792959 1.875108
  3.7092943 3.8589187 3.4892502 3.5961235]], shape=(1, 18), dtype=float32)"
296,[5 1 0 0 0 0 0 4 4 5 1 2 1 0 0 0 0 0 0 0 0 0 0 0 0],"tf.Tensor([ 2.8235505  2.150529   1.3599666  2.3854184  2.8487613 11.       ], shape=(6,), dtype=float32)",0.5,[5 2 3 2 1 3 1 0 0 0 0 0 1 0 0 0 0 0 0 0 0 0 0 0 0],False,"tf.Tensor(
[[2.8235505 2.150529  1.3599666 2.3854184 2.8487613 2.9689603 3.4505048
  2.4570215 3.12317   1.3733014 2.6914186 2.185596  3.650284  3.3107903
  2.8788388 3.0520568 3.878224  2.7909224]], shape=(1, 18), dtype=float32)"
297,[5 2 3 2 1 3 1 0 0 0 0 0 1 0 0 0 0 0 0 0 0 0 0 0 0],"tf.Tensor([2.045514  1.5380678 1.4532529 1.946543  2.2011812 7.       ], shape=(6,), dtype=float32)",0.0,[5 3 3 2 1 3 1 0 0 0 0 0 1 0 0 0 0 0 0 0 0 0 0 0 0],False,"tf.Tensor(
[[2.045514  1.5380678 1.4532529 1.946543  2.2011812 1.8053203 2.504577
  2.1019282 2.4833496 1.517626  2.1054149 1.6825209 2.7510633 1.5626825
  2.533506  2.6288562 2.5413628 2.6114004]], shape=(1, 18), dtype=float32)"
298,[5 3 3 2 1 3 1 0 0 0 0 0 1 0 0 0 0 0 0 0 0 0 0 0 0],"tf.Tensor([2.096115  1.5581992 1.5751884 1.9715645 2.3048134 7.       ], shape=(6,), dtype=float32)",0.0,[6 1 0 0 0 0 0 3 2 1 3 1 1 0 0 0 0 0 0 0 0 0 0 0 0],False,"tf.Tensor(
[[2.096115  1.5581992 1.5751884 1.9715645 2.3048134 1.8809834 2.7059884
  2.169903  2.6727273 1.6165441 2.1699085 1.7356962 2.8864813 1.6000383
  2.676929  2.7271183 2.645525  2.6923332]], shape=(1, 18), dtype=float32)"
299,[6 1 0 0 0 0 0 3 2 1 3 1 1 0 0 0 0 0 0 0 0 0 0 0 0],"tf.Tensor([ 2.3551986  1.711729   1.0006666  2.0672445  1.9595622 11.       ], shape=(6,), dtype=float32)",0.5,[6 2 2 4 1 3 2 0 0 0 0 0 1 0 0 0 0 0 0 0 0 0 0 0 0],False,"tf.Tensor(
[[2.3551986 1.711729  1.0006666 2.0672445 1.9595622 2.3785214 2.7256892
  2.2499924 2.3101134 1.0574858 2.1610355 1.6804389 2.8219507 2.6350935
  2.426012  2.4165502 3.028668  2.3127003]], shape=(1, 18), dtype=float32)"
300,[6 2 2 4 1 3 2 0 0 0 0 0 1 0 0 0 0 0 0 0 0 0 0 0 0],"tf.Tensor([2.348788 1.876676 1.553968 2.093227 2.312749 7.      ], shape=(6,), dtype=float32)",0.0,[6 3 2 4 1 3 2 0 0 0 0 0 1 0 0 0 0 0 0 0 0 0 0 0 0],False,"tf.Tensor(
[[2.348788  1.876676  1.553968  2.093227  2.312749  1.9541428 2.478216
  2.3411977 2.7823725 1.5846632 2.332687  1.8155212 2.9186223 1.7215
  2.6167512 2.8041408 2.6318178 2.851221 ]], shape=(1, 18), dtype=float32)"
301,[6 3 2 4 1 3 2 0 0 0 0 0 1 0 0 0 0 0 0 0 0 0 0 0 0],"tf.Tensor([2.365842  1.8759334 1.7000868 2.098562  2.4062006 7.       ], shape=(6,), dtype=float32)",0.0,[7 1 0 0 0 0 0 2 4 1 3 2 1 0 0 0 0 0 0 0 0 0 0 0 0],False,"tf.Tensor(
[[2.365842  1.8759334 1.7000868 2.098562  2.4062006 2.04678   2.642458
  2.350796  2.992866  1.7044364 2.3671498 1.8450994 3.0431643 1.7074528
  2.764964  2.8979614 2.6991796 2.9421217]], shape=(1, 18), dtype=float32)"
302,[7 1 0 0 0 0 0 2 4 1 3 2 1 0 0 0 0 0 0 0 0 0 0 0 0],"tf.Tensor([ 2.6061764  1.8975949  1.1469768  2.3206978  2.4667013 11.       ], shape=(6,), dtype=float32)",0.5,[7 2 6 3 2 5 4 0 0 0 0 0 1 0 0 0 0 0 0 0 0 0 0 0 0],False,"tf.Tensor(
[[2.6061764 1.8975949 1.1469768 2.3206978 2.4667013 2.5537791 3.2233062
  2.5036616 2.7436352 1.2209142 2.6156573 2.052276  3.148165  2.9900713
  2.576834  2.8328404 3.339519  2.6430218]], shape=(1, 18), dtype=float32)"
303,[7 2 6 3 2 5 4 0 0 0 0 0 1 0 0 0 0 0 0 0 0 0 0 0 0],"tf.Tensor([3.1904483 2.7999158 2.2113822 3.1894536 3.5646882 7.       ], shape=(6,), dtype=float32)",0.0,[7 3 6 3 2 5 4 0 0 0 0 0 1 0 0 0 0 0 0 0 0 0 0 0 0],False,"tf.Tensor(
[[3.1904483 2.7999158 2.2113822 3.1894536 3.5646882 2.6812198 3.3889318
  3.1826427 3.7889855 2.440477  3.4280987 2.721895  4.403178  2.6344209
  4.031639  3.995425  4.160537  3.9993112]], shape=(1, 18), dtype=float32)"
304,[7 3 6 3 2 5 4 0 0 0 0 0 1 0 0 0 0 0 0 0 0 0 0 0 0],"tf.Tensor([3.2294488 2.8344662 2.3476434 3.2111635 3.6695395 7.       ], shape=(6,), dtype=float32)",0.0,[8 1 0 0 0 0 0 6 3 2 5 4 1 0 0 0 0 0 0 0 0 0 0 0 0],False,"tf.Tensor(
[[3.2294488 2.8344662 2.3476434 3.2111635 3.6695395 2.753204  3.5761366
  3.2295356 3.9720592 2.518886  3.4967618 2.7712076 4.551535  2.6494873
  4.167863  4.097828  4.262354  4.081367 ]], shape=(1, 18), dtype=float32)"
305,[8 1 0 0 0 0 0 6 3 2 5 4 1 0 0 0 0 0 0 0 0 0 0 0 0],"tf.Tensor([ 3.416096   2.9317255  1.6656451  2.4769483  3.686009  11.       ], shape=(6,), dtype=float32)",0.5,[8 2 2 2 2 3 3 0 0 0 0 0 1 0 0 0 0 0 0 0 0 0 0 0 0],False,"tf.Tensor(
[[3.416096  2.9317255 1.6656451 2.4769483 3.686009  4.051363  4.673758
  3.0359962 4.3891206 1.4421185 3.039586  2.6341763 4.451928  4.404752
  3.7361863 3.6960454 5.001546  3.0651746]], shape=(1, 18), dtype=float32)"
306,[8 2 2 2 2 3 3 0 0 0 0 0 1 0 0 0 0 0 0 0 0 0 0 0 0],"tf.Tensor([ 2.4694936  1.7404895  1.4974153  2.359252   2.253974  12.       ], shape=(6,), dtype=float32)",0.0,[8 3 2 2 2 3 3 0 0 0 0 0 1 0 0 0 0 0 0 0 0 0 0 0 0],False,"tf.Tensor(
[[2.4694936 1.7404895 1.4974153 2.359252  2.253974  2.2673378 2.829375
  2.423955  2.8472874 1.5417833 2.6125803 2.0603905 3.0640619 1.9353114
  2.7911344 3.0960584 2.7765303 3.1599383]], shape=(1, 18), dtype=float32)"
307,[8 3 2 2 2 3 3 0 0 0 0 0 1 0 0 0 0 0 0 0 0 0 0 0 0],"tf.Tensor([ 2.5429294  1.7973704  1.6164583  2.3893888  2.3569899 12.       ], shape=(6,), dtype=float32)",24.0,[9 1 0 0 0 0 0 2 2 2 3 3 1 0 0 0 0 0 0 0 0 0 0 0 12],False,"tf.Tensor(
[[2.5429294 1.7973704 1.6164583 2.3893888 2.3569899 2.3303895 2.9216156
  2.4948232 3.0382686 1.6466876 2.687849  2.0995338 3.164858  1.9541405
  2.907631  3.1907256 2.8340816 3.2472658]], shape=(1, 18), dtype=float32)"
308,[9 1 0 0 0 0 0 2 2 2 3 3 1 0 0 0 0 0 0 0 0 0 0 0 12],"tf.Tensor([2.5237272 2.0979395 2.7496371 2.735669  1.889028  1.       ], shape=(6,), dtype=float32)",0.5,[9 2 5 2 1 2 3 0 0 0 0 0 1 0 0 0 0 0 0 0 0 0 0 0 12],False,"tf.Tensor(
[[2.5237272 2.0979395 2.7496371 2.735669  1.889028  2.0440907 4.0906157
  3.28488   3.5380447 2.3750293 3.4018855 2.9525495 3.6905384 2.2933128
  3.9906936 3.3843567 3.9623432 2.8832836]], shape=(1, 18), dtype=float32)"
309,[9 2 5 2 1 2 3 0 0 0 0 0 1 0 0 0 0 0 0 0 0 0 0 0 12],"tf.Tensor([2.721865  2.092932  2.71596   2.7228405 2.4102347 9.       ], shape=(6,), dtype=float32)",0.0,[9 3 5 2 1 2 3 0 0 0 0 0 1 0 0 0 0 0 0 0 0 0 0 0 12],False,"tf.Tensor(
[[2.721865  2.092932  2.71596   2.7228405 2.4102347 2.2558033 4.422198
  3.3262985 4.171553  3.0207007 3.3648472 2.6164927 3.9779642 2.0505972
  4.611034  3.9432309 3.5847607 3.7189014]], shape=(1, 18), dtype=float32)"
310,[9 3 5 2 1 2 3 0 0 0 0 0 1 0 0 0 0 0 0 0 0 0 0 0 12],"tf.Tensor([2.7771456 2.0848777 2.86201   2.738032  2.4751287 9.       ], shape=(6,), dtype=float32)",0.0,[10 1 0 0 0 0 0 5 2 1 2 3 1 0 0 0 0 0 0 0 0 0 0 0 12],False,"tf.Tensor(
[[2.7771456 2.0848777 2.86201   2.738032  2.4751287 2.2908401 4.5818176
  3.4297402 4.3108125 3.1162457 3.459979  2.6677384 4.097426  2.0305712
  4.749258  4.013008  3.657556  3.8020747]], shape=(1, 18), dtype=float32)"
311,[10 1 0 0 0 0 0 5 2 1 2 3 1 0 0 0 0 0 0 0 0 0 0 0 12],"tf.Tensor([2.7628944 2.0140314 2.7238674 2.9046652 1.9640098 1.       ], shape=(6,), dtype=float32)",0.5,[10 2 3 3 1 3 5 0 0 0 0 0 1 0 0 0 0 0 0 0 0 0 0 0 12],False,"tf.Tensor(
[[2.7628944 2.0140314 2.7238674 2.9046652 1.9640098 2.4966025 4.593341
  3.604377  3.583871  2.310042  3.461463  3.0444307 4.0211787 2.5113688
  4.40097   3.470605  4.435767  3.180919 ]], shape=(1, 18), dtype=float32)"
312,[10 2 3 3 1 3 5 0 0 0 0 0 1 0 0 0 0 0 0 0 0 0 0 0 12],"tf.Tensor([3.1071117 2.29235   2.493072  2.846048  2.5050452 1.       ], shape=(6,), dtype=float32)",0.0,[10 3 3 3 1 3 5 0 0 0 0 0 1 0 0 0 0 0 0 0 0 0 0 0 12],False,"tf.Tensor(
[[3.1071117 2.29235   2.493072  2.846048  2.5050452 2.6987038 4.445635
  3.4775987 4.3824964 2.8040948 3.7255836 2.8406854 3.9870603 2.6097343
  4.4381256 4.015982  3.7136855 3.8881292]], shape=(1, 18), dtype=float32)"
313,[10 3 3 3 1 3 5 0 0 0 0 0 1 0 0 0 0 0 0 0 0 0 0 0 12],"tf.Tensor([3.1486187 2.3091717 2.6534102 2.8602626 2.5728834 1.       ], shape=(6,), dtype=float32)",0.0,[11 1 0 0 0 0 0 3 3 1 3 5 1 0 0 0 0 0 0 0 0 0 0 0 12],False,"tf.Tensor(
[[3.1486187 2.3091717 2.6534102 2.8602626 2.5728834 2.7203429 4.5778804
  3.5720322 4.5280924 2.8996413 3.8088279 2.9224184 4.1085424 2.5692105
  4.5732117 4.0701046 3.8060899 3.9617908]], shape=(1, 18), dtype=float32)"
314,[11 1 0 0 0 0 0 3 3 1 3 5 1 0 0 0 0 0 0 0 0 0 0 0 12],"tf.Tensor([3.0754347 2.3287895 2.9185276 2.96783   2.3218038 1.       ], shape=(6,), dtype=float32)",0.5,[11 2 3 5 5 6 5 0 0 0 0 0 1 0 0 0 0 0 0 0 0 0 0 0 12],False,"tf.Tensor(
[[3.0754347 2.3287895 2.9185276 2.96783   2.3218038 2.636835  5.0352015
  3.966871  4.1027937 2.531678  3.9160872 3.4120529 4.230491  3.0798216
  4.471895  3.897294  4.63408   3.2482092]], shape=(1, 18), dtype=float32)"
315,[11 2 3 5 5 6 5 0 0 0 0 0 1 0 0 0 0 0 0 0 0 0 0 0 12],[ 1  1  0  1  1 12],0.0,[11 3 3 5 5 6 5 0 0 0 0 0 1 0 0 0 0 0 0 0 0 0 0 0 12],False,"tf.Tensor(
[[3.900879  2.7672925 2.9823203 3.8079069 3.0947163 3.2786798 5.661517
  4.7361946 5.30856   3.5671055 5.0751796 3.7884846 4.8401504 3.1812603
  5.792905  5.2059684 4.5102243 5.1951766]], shape=(1, 18), dtype=float32)"
316,[11 3 3 5 5 6 5 0 0 0 0 0 1 0 0 0 0 0 0 0 0 0 0 0 12],"tf.Tensor([3.9535806 2.8265917 3.1680248 3.8444655 3.2050564 9.       ], shape=(6,), dtype=float32)",0.0,[12 1 0 0 0 0 0 3 5 5 6 5 1 0 0 0 0 0 0 0 0 0 0 0 12],False,"tf.Tensor(
[[3.9535806 2.8265917 3.1680248 3.8444655 3.2050564 3.2741847 5.7899857
  4.845833  5.4494677 3.6722412 5.1801376 3.8669205 5.004637  3.1348126
  5.9388504 5.3178    4.6064534 5.2902303]], shape=(1, 18), dtype=float32)"
317,[12 1 0 0 0 0 0 3 5 5 6 5 1 0 0 0 0 0 0 0 0 0 0 0 12],"tf.Tensor([ 4.23856    3.3630455  3.1409118  3.8135514  3.6434712 11.       ], shape=(6,), dtype=float32)",0.5,[12 2 4 4 6 3 6 0 0 0 0 0 1 0 0 0 0 0 0 0 0 0 0 0 12],False,"tf.Tensor(
[[4.23856   3.3630455 3.1409118 3.8135514 3.6434712 3.9489474 5.866781
  4.3977094 5.188902  2.738715  4.619314  3.9488435 5.795996  4.6440296
  5.0765452 5.202827  5.978748  4.250071 ]], shape=(1, 18), dtype=float32)"
318,[12 2 4 4 6 3 6 0 0 0 0 0 1 0 0 0 0 0 0 0 0 0 0 0 12],"tf.Tensor([3.9408631 2.8911493 2.779795  3.837909  3.2220023 9.       ], shape=(6,), dtype=float32)",0.0,[12 3 4 4 6 3 6 0 0 0 0 0 1 0 0 0 0 0 0 0 0 0 0 0 12],False,"tf.Tensor(
[[3.9408631 2.8911493 2.779795  3.837909  3.2220023 3.5208538 5.5202417
  4.4477406 5.4182587 3.485398  4.943709  3.6810133 4.8922105 3.3723412
  5.6863556 5.3434196 4.447926  5.2943616]], shape=(1, 18), dtype=float32)"
319,[12 3 4 4 6 3 6 0 0 0 0 0 1 0 0 0 0 0 0 0 0 0 0 0 12],[0 0 1 1 0 1],0.0,[13 1 0 0 0 0 0 4 4 6 3 6 1 0 0 0 0 0 0 0 0 0 0 0 12],False,"tf.Tensor(
[[3.9862692 2.9349897 2.9524882 3.859339  3.3146029 3.5235212 5.652675
  4.5501637 5.563098  3.5951543 5.040998  3.7598896 5.035154  3.3480632
  5.824387  5.4221845 4.542949  5.3665075]], shape=(1, 18), dtype=float32)"
320,[13 1 0 0 0 0 0 4 4 6 3 6 1 0 0 0 0 0 0 0 0 0 0 0 12],"tf.Tensor([ 4.0346212  3.2276742  3.2726395  3.7274837  3.4763389 11.       ], shape=(6,), dtype=float32)",0.5,[13 2 6 1 3 5 3 0 0 0 0 0 1 0 0 0 0 0 0 0 0 0 0 0 12],False,"tf.Tensor(
[[4.0346212 3.2276742 3.2726395 3.7274837 3.4763389 3.8663402 6.1087995
  4.481499  5.13156   2.9273334 4.5940294 4.0870557 5.836389  4.5392103
  5.3739033 5.0126276 6.122131  4.2011757]], shape=(1, 18), dtype=float32)"
321,[13 2 6 1 3 5 3 0 0 0 0 0 1 0 0 0 0 0 0 0 0 0 0 0 12],"tf.Tensor([3.2535217 2.0499175 3.0049462 3.5286222 2.8091967 9.       ], shape=(6,), dtype=float32)",0.0,[13 3 6 1 3 5 3 0 0 0 0 0 1 0 0 0 0 0 0 0 0 0 0 0 12],False,"tf.Tensor(
[[3.2535217 2.0499175 3.0049462 3.5286222 2.8091967 2.9413145 5.5856967
  4.106861  4.8099985 3.282191  4.277102  3.4119906 4.6697063 2.1463907
  5.62519   5.0548477 4.13605   5.085833 ]], shape=(1, 18), dtype=float32)"
322,[13 3 6 1 3 5 3 0 0 0 0 0 1 0 0 0 0 0 0 0 0 0 0 0 12],"tf.Tensor([3.3080606 2.0741904 3.1642942 3.5466118 2.8851972 9.       ], shape=(6,), dtype=float32)",0.0,[14 1 0 0 0 0 0 6 1 3 5 3 1 0 0 0 0 0 0 0 0 0 0 0 12],True,"tf.Tensor(
[[3.3080606 2.0741904 3.1642942 3.5466118 2.8851972 2.9638195 5.7453313
  4.2131705 4.944521  3.3967412 4.3638735 3.48779   4.827719  2.1471517
  5.7626095 5.1300216 4.2428074 5.1352367]], shape=(1, 18), dtype=float32)"
323,[1 1 0 0 0 0 0 3 1 5 5 4 0 0 0 0 0 0 0 0 0 0 0 0 0],"tf.Tensor([ 2.3019185  3.0201063  1.6569936  1.6385049  3.175675  11.       ], shape=(6,), dtype=float32)",0.5,[1 2 3 1 5 5 4 0 0 0 0 0 0 0 0 0 0 0 0 0 0 0 0 0 0],False,"tf.Tensor(
[[2.3019185 3.0201063 1.6569936 1.6385049 3.175675  2.6540418 2.7495596
  1.7686428 3.23253   1.3051878 2.2653005 2.2746997 3.6834776 3.550228
  2.628141  2.7903118 3.7396555 2.1352365]], shape=(1, 18), dtype=float32)"
324,[1 2 3 1 5 5 4 0 0 0 0 0 0 0 0 0 0 0 0 0 0 0 0 0 0],[ 0  1  0  1  1 10],0.0,[1 3 3 1 5 5 4 0 0 0 0 0 0 0 0 0 0 0 0 0 0 0 0 0 0],False,"tf.Tensor(
[[2.6152682 2.631045  1.84673   2.6857014 2.7938392 2.1205053 2.4357402
  2.5759413 3.216459  1.7020466 2.8321135 2.2734225 3.2208302 1.9056543
  3.1199245 3.3207862 3.3698678 3.0847638]], shape=(1, 18), dtype=float32)"
325,[1 3 3 1 5 5 4 0 0 0 0 0 0 0 0 0 0 0 0 0 0 0 0 0 0],"tf.Tensor([ 2.7034597  2.6467102  1.9212837  2.7618878  2.8591664 11.       ], shape=(6,), dtype=float32)",0.0,[2 1 0 0 0 0 0 3 1 5 5 4 0 0 0 0 0 0 0 0 0 0 0 0 0],False,"tf.Tensor(
[[2.7034597 2.6467102 1.9212837 2.7618878 2.8591664 2.1544042 2.4582574
  2.647098  3.2623076 1.7621485 2.935946  2.2736611 3.3357792 1.939797
  3.2056377 3.4066083 3.4112334 3.1787605]], shape=(1, 18), dtype=float32)"
326,[2 1 0 0 0 0 0 3 1 5 5 4 0 0 0 0 0 0 0 0 0 0 0 0 0],"tf.Tensor([ 2.4672718  3.0415633  1.6987906  1.6579145  3.1657245 11.       ], shape=(6,), dtype=float32)",0.5,[2 2 3 2 5 5 3 0 0 0 0 0 0 0 0 0 0 0 0 0 0 0 0 0 0],False,"tf.Tensor(
[[2.4672718 3.0415633 1.6987906 1.6579145 3.1657245 2.7756393 2.9086683
  1.8638633 3.395699  1.344432  2.2958992 2.3167007 3.736246  3.7074785
  2.6714094 2.861949  3.8617053 2.1473572]], shape=(1, 18), dtype=float32)"
327,[2 2 3 2 5 5 3 0 0 0 0 0 0 0 0 0 0 0 0 0 0 0 0 0 0],"tf.Tensor([ 2.8986912  2.6560533  2.0391822  2.8929994  2.7599902 11.       ], shape=(6,), dtype=float32)",0.0,[2 3 3 2 5 5 3 0 0 0 0 0 0 0 0 0 0 0 0 0 0 0 0 0 0],False,"tf.Tensor(
[[2.8986912 2.6560533 2.0391822 2.8929994 2.7599902 2.0958166 2.3944638
  2.981512  3.2834637 1.9010661 3.0540032 2.4870372 3.2605174 1.8225597
  3.334239  3.471861  3.5396624 3.2571633]], shape=(1, 18), dtype=float32)"
328,[2 3 3 2 5 5 3 0 0 0 0 0 0 0 0 0 0 0 0 0 0 0 0 0 0],"tf.Tensor([ 2.9361603  2.6728187  2.1305428  2.9512358  2.7985928 10.       ], shape=(6,), dtype=float32)",0.0,[3 1 0 0 0 0 0 3 2 5 5 3 0 0 0 0 0 0 0 0 0 0 0 0 0],False,"tf.Tensor(
[[2.9361603 2.6728187 2.1305428 2.9512358 2.7985928 2.1050894 2.4846683
  3.0465891 3.3423722 1.982215  3.153914  2.4943767 3.371028  1.8447982
  3.4384148 3.5683508 3.5574093 3.3425756]], shape=(1, 18), dtype=float32)"
329,[3 1 0 0 0 0 0 3 2 5 5 3 0 0 0 0 0 0 0 0 0 0 0 0 0],"tf.Tensor([ 2.6173558  2.779198   1.7122422  1.8155643  3.2232056 11.       ], shape=(6,), dtype=float32)",0.5,[3 2 6 6 5 5 3 0 0 0 0 0 0 0 0 0 0 0 0 0 0 0 0 0 0],False,"tf.Tensor(
[[2.6173558 2.779198  1.7122422 1.8155643 3.2232056 2.9387207 3.17385
  1.9071184 3.5280457 1.3957311 2.38449   2.2876737 3.8185017 3.6777549
  2.7286654 3.0204692 3.9679413 2.2995832]], shape=(1, 18), dtype=float32)"
330,[3 2 6 6 5 5 3 0 0 0 0 0 0 0 0 0 0 0 0 0 0 0 0 0 0],"tf.Tensor([ 3.7948887  3.4502025  2.7427256  3.7850466  3.8992527 10.       ], shape=(6,), dtype=float32)",0.0,[3 3 6 6 5 5 3 0 0 0 0 0 0 0 0 0 0 0 0 0 0 0 0 0 0],False,"tf.Tensor(
[[3.7948887 3.4502025 2.7427256 3.7850466 3.8992527 2.9692554 3.6610782
  3.853642  4.6422863 2.7143402 3.9779794 3.21033   4.586903  2.5362177
  4.705889  4.8397527 4.788518  4.4833736]], shape=(1, 18), dtype=float32)"
331,[3 3 6 6 5 5 3 0 0 0 0 0 0 0 0 0 0 0 0 0 0 0 0 0 0],"tf.Tensor([ 3.8492277  3.4672718  2.861851   3.7933354  3.9578328 10.       ], shape=(6,), dtype=float32)",0.0,[4 1 0 0 0 0 0 6 6 5 5 3 0 0 0 0 0 0 0 0 0 0 0 0 0],False,"tf.Tensor(
[[3.8492277 3.4672718 2.861851  3.7933354 3.9578328 3.0070314 3.8193052
  3.9296122 4.7903056 2.7992365 4.0736823 3.2305586 4.7076817 2.5725188
  4.824915  4.9059563 4.8396583 4.5441647]], shape=(1, 18), dtype=float32)"
332,[4 1 0 0 0 0 0 6 6 5 5 3 0 0 0 0 0 0 0 0 0 0 0 0 0],"tf.Tensor([ 3.3104732  3.4961748  1.9359429  2.6349401  4.4103975 11.       ], shape=(6,), dtype=float32)",0.5,[4 2 4 5 1 3 4 0 0 0 0 0 0 0 0 0 0 0 0 0 0 0 0 0 0],False,"tf.Tensor(
[[3.3104732 3.4961748 1.9359429 2.6349401 4.4103975 3.8141992 4.3549757
  2.8628123 4.5462155 1.9442966 3.4280753 2.9302683 4.956785  4.5362906
  3.8784435 4.0881896 5.036624  3.3939853]], shape=(1, 18), dtype=float32)"
333,[4 2 4 5 1 3 4 0 0 0 0 0 0 0 0 0 0 0 0 0 0 0 0 0 0],"tf.Tensor([2.7599432 2.503373  1.8735076 2.4420922 2.9853494 7.       ], shape=(6,), dtype=float32)",0.0,[4 3 4 5 1 3 4 0 0 0 0 0 0 0 0 0 0 0 0 0 0 0 0 0 0],False,"tf.Tensor(
[[2.7599432 2.503373  1.8735076 2.4420922 2.9853494 2.2049093 2.4386997
  2.5267289 3.3653564 2.1256707 2.6892211 1.6671653 3.472316  2.2357516
  3.1816864 3.142925  3.087965  3.1108115]], shape=(1, 18), dtype=float32)"
334,[4 3 4 5 1 3 4 0 0 0 0 0 0 0 0 0 0 0 0 0 0 0 0 0 0],"tf.Tensor([2.7875078 2.5274067 1.9869893 2.4679651 3.0811026 7.       ], shape=(6,), dtype=float32)",0.0,[5 1 0 0 0 0 0 4 5 1 3 4 0 0 0 0 0 0 0 0 0 0 0 0 0],False,"tf.Tensor(
[[2.7875078 2.5274067 1.9869893 2.4679651 3.0811026 2.2729876 2.6469827
  2.576354  3.5226984 2.193189  2.7720766 1.7206272 3.6090968 2.275403
  3.3056207 3.2510076 3.1774554 3.1897476]], shape=(1, 18), dtype=float32)"
335,[5 1 0 0 0 0 0 4 5 1 3 4 0 0 0 0 0 0 0 0 0 0 0 0 0],"tf.Tensor([ 2.6293643  2.5551918  1.4205201  2.0223877  3.1842322 11.       ], shape=(6,), dtype=float32)",0.5,[5 2 3 1 5 6 5 0 0 0 0 0 0 0 0 0 0 0 0 0 0 0 0 0 0],False,"tf.Tensor(
[[2.6293643 2.5551918 1.4205201 2.0223877 3.1842322 2.8719003 3.4681466
  2.46363   3.4990282 1.4887537 2.682651  2.121214  3.5137994 3.34921
  2.9947605 3.1375856 3.6265488 2.645212 ]], shape=(1, 18), dtype=float32)"
336,[5 2 3 1 5 6 5 0 0 0 0 0 0 0 0 0 0 0 0 0 0 0 0 0 0],"tf.Tensor([ 3.1953862  2.8367887  2.1050296  3.3886502  2.9230464 10.       ], shape=(6,), dtype=float32)",0.0,[5 3 3 1 5 6 5 0 0 0 0 0 0 0 0 0 0 0 0 0 0 0 0 0 0],False,"tf.Tensor(
[[3.1953862 2.8367887 2.1050296 3.3886502 2.9230464 2.172782  2.488072
  3.2684278 3.1754718 2.0428557 3.515992  2.551503  3.8295522 2.0427547
  3.6217158 4.028102  3.5516949 3.881479 ]], shape=(1, 18), dtype=float32)"
337,[5 3 3 1 5 6 5 0 0 0 0 0 0 0 0 0 0 0 0 0 0 0 0 0 0],[ 0  0  0  1  0 11],0.0,[6 1 0 0 0 0 0 3 1 5 6 5 0 0 0 0 0 0 0 0 0 0 0 0 0],False,"tf.Tensor(
[[3.2210295 2.8495665 2.1758883 3.4096    2.9988093 2.2227752 2.625231
  3.3017254 3.2667801 2.1271553 3.5767138 2.567183  3.9602292 2.1026614
  3.7306867 4.091706  3.6127625 3.9555717]], shape=(1, 18), dtype=float32)"
338,[6 1 0 0 0 0 0 3 1 5 6 5 0 0 0 0 0 0 0 0 0 0 0 0 0],"tf.Tensor([ 3.1415586  3.2060807  1.972876   1.9448887  3.5921776 11.       ], shape=(6,), dtype=float32)",0.5,[6 2 6 5 1 2 2 0 0 0 0 0 0 0 0 0 0 0 0 0 0 0 0 0 0],False,"tf.Tensor(
[[3.1415586 3.2060807 1.972876  1.9448887 3.5921776 3.4902885 4.05484
  2.3183281 4.3775644 1.5441935 2.586853  2.7088795 4.2180824 4.391027
  3.1983929 3.4648077 4.754975  2.4679441]], shape=(1, 18), dtype=float32)"
339,[6 2 6 5 1 2 2 0 0 0 0 0 0 0 0 0 0 0 0 0 0 0 0 0 0],[0 1 1 0 0 8],0.0,[6 3 6 5 1 2 2 0 0 0 0 0 0 0 0 0 0 0 0 0 0 0 0 0 0],False,"tf.Tensor(
[[2.7318797 2.4256606 2.0356739 2.5337703 3.460485  2.486441  3.3061173
  2.6374607 3.7356577 2.3074558 2.8963351 2.1579707 3.865992  2.407017
  3.538079  3.6817963 3.4857059 3.4504251]], shape=(1, 18), dtype=float32)"
340,[6 3 6 5 1 2 2 0 0 0 0 0 0 0 0 0 0 0 0 0 0 0 0 0 0],[0 0 0 0 0 6],0.0,[7 1 0 0 0 0 0 6 5 1 2 2 0 0 0 0 0 0 0 0 0 0 0 0 0],False,"tf.Tensor(
[[2.7671776 2.4080317 2.158522  2.5407507 3.5801995 2.5886786 3.5683908
  2.6755118 3.9382553 2.3993192 2.9455562 2.1699998 4.013622  2.4361126
  3.6886616 3.8130383 3.5693545 3.543821 ]], shape=(1, 18), dtype=float32)"
341,[7 1 0 0 0 0 0 6 5 1 2 2 0 0 0 0 0 0 0 0 0 0 0 0 0],"tf.Tensor([ 2.8245695  2.5033612  1.2162459  2.721526   2.9874582 11.       ], shape=(6,), dtype=float32)",0.5,[7 2 6 1 2 5 4 0 0 0 0 0 0 0 0 0 0 0 0 0 0 0 0 0 0],False,"tf.Tensor(
[[2.8245695 2.5033612 1.2162459 2.721526  2.9874582 3.0881429 3.6572526
  2.9256527 3.1818862 1.4890906 3.106032  2.1802175 3.6989238 3.5116012
  3.4086926 3.1646621 3.9122567 3.027035 ]], shape=(1, 18), dtype=float32)"
342,[7 2 6 1 2 5 4 0 0 0 0 0 0 0 0 0 0 0 0 0 0 0 0 0 0],"tf.Tensor([ 2.8066735  2.476598   2.1151917  3.0657156  3.4340873 11.       ], shape=(6,), dtype=float32)",0.0,[7 3 6 1 2 5 4 0 0 0 0 0 0 0 0 0 0 0 0 0 0 0 0 0 0],False,"tf.Tensor(
[[2.8066735 2.476598  2.1151917 3.0657156 3.4340873 2.622842  3.501341
  2.887256  3.577547  2.2203867 3.3120706 2.6893036 4.088174  2.667817
  3.8092003 3.6666887 4.133386  3.7626765]], shape=(1, 18), dtype=float32)"
343,[7 3 6 1 2 5 4 0 0 0 0 0 0 0 0 0 0 0 0 0 0 0 0 0 0],"tf.Tensor([2.8476093 2.500992  2.224454  3.0958865 3.518208  7.       ], shape=(6,), dtype=float32)",0.0,[8 1 0 0 0 0 0 6 1 2 5 4 0 0 0 0 0 0 0 0 0 0 0 0 0],False,"tf.Tensor(
[[2.8476093 2.500992  2.224454  3.0958865 3.518208  2.683043  3.64898
  2.9256897 3.7190063 2.2841876 3.3708239 2.7047837 4.218851  2.6696985
  3.924471  3.7792659 4.193487  3.8457773]], shape=(1, 18), dtype=float32)"
344,[8 1 0 0 0 0 0 6 1 2 5 4 0 0 0 0 0 0 0 0 0 0 0 0 0],"tf.Tensor([ 3.263885   2.8307085  1.6979458  2.383877   3.3777752 11.       ], shape=(6,), dtype=float32)",0.5,[8 2 6 6 2 1 5 0 0 0 0 0 0 0 0 0 0 0 0 0 0 0 0 0 0],False,"tf.Tensor(
[[3.263885  2.8307085 1.6979458 2.383877  3.3777752 3.8019588 4.2887955
  2.930977  4.273677  1.3834745 2.8952491 2.6757805 4.042838  4.042993
  3.5490007 3.2920337 4.9689345 2.7032938]], shape=(1, 18), dtype=float32)"
345,[8 2 6 6 2 1 5 0 0 0 0 0 0 0 0 0 0 0 0 0 0 0 0 0 0],"tf.Tensor([3.2962854 2.9831002 2.2200177 3.086419  3.7842462 7.       ], shape=(6,), dtype=float32)",0.0,[8 3 6 6 2 1 5 0 0 0 0 0 0 0 0 0 0 0 0 0 0 0 0 0 0],False,"tf.Tensor(
[[3.2962854 2.9831002 2.2200177 3.086419  3.7842462 2.7832222 3.409776
  3.0930672 4.077489  2.5840113 3.3828323 2.2915814 4.487461  2.799518
  4.035937  4.1838884 3.8864112 4.0747986]], shape=(1, 18), dtype=float32)"
346,[8 3 6 6 2 1 5 0 0 0 0 0 0 0 0 0 0 0 0 0 0 0 0 0 0],"tf.Tensor([3.3321636 3.0152152 2.3551133 3.1150365 3.8965898 7.       ], shape=(6,), dtype=float32)",0.0,[9 1 0 0 0 0 0 6 6 2 1 5 0 0 0 0 0 0 0 0 0 0 0 0 0],False,"tf.Tensor(
[[3.3321636 3.0152152 2.3551133 3.1150365 3.8965898 2.8564465 3.616076
  3.152113  4.268769  2.6824625 3.452613  2.3300087 4.6133666 2.8364072
  4.170242  4.3008738 3.9800668 4.1475043]], shape=(1, 18), dtype=float32)"
347,[9 1 0 0 0 0 0 6 6 2 1 5 0 0 0 0 0 0 0 0 0 0 0 0 0],"tf.Tensor([ 3.4099069  2.8179965  1.5676078  2.999486   3.6989355 11.       ], shape=(6,), dtype=float32)",0.5,[9 2 1 4 3 5 6 0 0 0 0 0 0 0 0 0 0 0 0 0 0 0 0 0 0],False,"tf.Tensor(
[[3.4099069 2.8179965 1.5676078 2.999486  3.6989355 3.505756  4.4028864
  3.450948  3.827388  1.8515458 3.6185155 2.7503948 4.4214067 4.141157
  3.9347112 3.9157915 4.6078877 3.6519012]], shape=(1, 18), dtype=float32)"
348,[9 2 1 4 3 5 6 0 0 0 0 0 0 0 0 0 0 0 0 0 0 0 0 0 0],"tf.Tensor([ 3.4203646  2.567165   1.9991914  3.185003   2.7526953 12.       ], shape=(6,), dtype=float32)",0.0,[9 3 1 4 3 5 6 0 0 0 0 0 0 0 0 0 0 0 0 0 0 0 0 0 0],False,"tf.Tensor(
[[3.4203646 2.567165  1.9991914 3.185003  2.7526953 2.7031157 2.9249556
  3.2425458 3.5844998 2.026977  3.5357308 2.3863015 3.8620894 2.356853
  3.5753076 3.987516  3.3459382 4.0939574]], shape=(1, 18), dtype=float32)"
349,[9 3 1 4 3 5 6 0 0 0 0 0 0 0 0 0 0 0 0 0 0 0 0 0 0],"tf.Tensor([ 3.4060218  2.606757   2.1001847  3.1862173  2.862121  12.       ], shape=(6,), dtype=float32)",38.0,[10 1 0 0 0 0 0 1 4 3 5 6 0 0 0 0 0 0 0 0 0 0 0 0 19],False,"tf.Tensor(
[[3.4060218 2.606757  2.1001847 3.1862173 2.862121  2.728662  3.0009887
  3.2480712 3.7142458 2.119219  3.5772438 2.3965025 3.9610057 2.3407524
  3.6971443 4.0266705 3.378806  4.1504254]], shape=(1, 18), dtype=float32)"
350,[10 1 0 0 0 0 0 1 4 3 5 6 0 0 0 0 0 0 0 0 0 0 0 0 19],"tf.Tensor([3.2725503 3.034631  3.9986992 3.5759578 3.0415184 1.       ], shape=(6,), dtype=float32)",0.5,[10 2 4 6 5 2 3 0 0 0 0 0 0 0 0 0 0 0 0 0 0 0 0 0 19],False,"tf.Tensor(
[[3.2725503 3.034631  3.9986992 3.5759578 3.0415184 2.56398   5.3303394
  4.1684    5.056955  3.3101785 4.719367  3.9554205 5.1217847 3.2356381
  5.030347  4.615941  5.2027583 3.6672823]], shape=(1, 18), dtype=float32)"
351,[10 2 4 6 5 2 3 0 0 0 0 0 0 0 0 0 0 0 0 0 0 0 0 0 19],"tf.Tensor([3.6409237 3.1851192 3.705966  3.7032373 3.1027124 9.       ], shape=(6,), dtype=float32)",0.0,[10 3 4 6 5 2 3 0 0 0 0 0 0 0 0 0 0 0 0 0 0 0 0 0 19],False,"tf.Tensor(
[[3.6409237 3.1851192 3.705966  3.7032373 3.1027124 2.7904747 5.8997374
  4.8348    5.9497857 4.671405  5.101297  3.8429623 5.038141  3.1460497
  6.3995748 5.520847  4.395885  5.0782743]], shape=(1, 18), dtype=float32)"
352,[10 3 4 6 5 2 3 0 0 0 0 0 0 0 0 0 0 0 0 0 0 0 0 0 19],"tf.Tensor([3.702016  3.1720939 3.8513396 3.7131126 3.1823378 9.       ], shape=(6,), dtype=float32)",60.0,[11 1 0 0 0 0 0 4 6 5 2 3 0 0 0 0 0 0 0 0 0 30 0 0 19],False,"tf.Tensor(
[[3.702016  3.1720939 3.8513396 3.7131126 3.1823378 2.8191063 5.9998417
  4.914438  6.081761  4.7494497 5.1860933 3.8980715 5.175286  3.1014445
  6.517432  5.5771756 4.4572773 5.1668515]], shape=(1, 18), dtype=float32)"
353,[11 1 0 0 0 0 0 4 6 5 2 3 0 0 0 0 0 0 0 0 0 30 0 0 19],"tf.Tensor([2.0060136 1.5805318 1.9519002 2.826727  0.7416157 1.       ], shape=(6,), dtype=float32)",0.4,[11 2 4 5 1 1 0 0 0 0 0 5 0 0 0 0 0 0 0 0 0 30 0 0 19],False,"tf.Tensor(
[[ 2.0060136  1.5805318  1.9519002  2.826727   0.7416157  3.0032825
   4.02948    2.072353   2.6750412  1.730821   2.5095239 -0.8618552
   1.7982428  1.8484632  2.2623293  2.6322794  2.0859175  2.558704 ]], shape=(1, 18), dtype=float32)"
354,[11 2 4 5 1 1 0 0 0 0 0 5 0 0 0 0 0 0 0 0 0 30 0 0 19],"tf.Tensor([2.2842658 1.2407844 2.3202517 2.6019495 1.139293  1.       ], shape=(6,), dtype=float32)",0.1,[11 3 4 5 1 1 5 0 0 0 0 0 0 0 0 0 0 0 0 0 0 30 0 0 19],False,"tf.Tensor(
[[2.2842658  1.2407844  2.3202517  2.6019495  1.139293   1.9777184
  3.3208356  2.6524327  3.2089503  2.2055218  2.7071295  0.25183037
  2.3622286  2.3076634  3.239903   1.9593168  2.1401734  2.1506927 ]], shape=(1, 18), dtype=float32)"
355,[11 3 4 5 1 1 5 0 0 0 0 0 0 0 0 0 0 0 0 0 0 30 0 0 19],"tf.Tensor([2.1896772  1.230782   2.0092752  2.0402844  0.92214566 1.        ], shape=(6,), dtype=float32)",0.0,[12 1 0 0 0 0 0 4 5 1 1 2 0 0 0 0 0 0 0 0 0 30 0 0 19],False,"tf.Tensor(
[[2.1896772  1.230782   2.0092752  2.0402844  0.92214566 2.6451035
  3.8885534  2.6978817  3.2713466  1.9791632  2.3675137  0.40168226
  1.4769632  2.2372367  2.0480504  1.9377313  2.027542   2.1431246 ]], shape=(1, 18), dtype=float32)"
356,[12 1 0 0 0 0 0 4 5 1 1 2 0 0 0 0 0 0 0 0 0 30 0 0 19],"tf.Tensor([1.9385781 1.4769566 1.9000689 2.4773133 0.1098109 1.       ], shape=(6,), dtype=float32)",0.4,[12 2 3 3 1 5 0 0 0 0 0 1 0 0 0 0 0 0 0 0 0 30 0 0 19],False,"tf.Tensor(
[[ 1.9385781   1.4769566   1.9000689   2.4773133   0.1098109   2.5315132
   4.795643    2.4506462   1.9381734   2.0616732   1.7880173  -0.98835427
   0.83480376  1.6894754   1.651292    2.0733824   1.7557923   2.421389  ]], shape=(1, 18), dtype=float32)"
357,[12 2 3 3 1 5 0 0 0 0 0 1 0 0 0 0 0 0 0 0 0 30 0 0 19],"tf.Tensor([1.7277118  1.1179972  1.7756796  1.9966992  0.15837905 1.        ], shape=(6,), dtype=float32)",0.0,[12 3 3 3 1 5 0 0 0 0 0 5 0 0 0 0 0 0 0 0 0 30 0 0 19],False,"tf.Tensor(
[[ 1.7277118   1.1179972   1.7756796   1.9966992   0.15837905  2.3297536
   4.4842167   2.6698294   2.2780514   2.3949049   1.9786363  -0.05755881
   0.9100935   2.066524    2.0015998   1.5173311   2.0496368   1.9937738 ]], shape=(1, 18), dtype=float32)"
358,[12 3 3 3 1 5 0 0 0 0 0 5 0 0 0 0 0 0 0 0 0 30 0 0 19],"tf.Tensor([2.1909328  1.2352813  2.1816628  2.5170608  0.96644574 1.        ], shape=(6,), dtype=float32)",0.0,[13 1 0 0 0 0 0 3 3 1 5 2 0 0 0 0 0 0 0 0 0 30 0 0 19],False,"tf.Tensor(
[[2.1909328  1.2352813  2.1816628  2.5170608  0.96644574 2.0140471
  3.807525   2.6764598  2.8263264  2.2762313  2.4695911  0.06844532
  2.0858345  2.3422093  2.97376    1.7825226  2.1848369  2.0942204 ]], shape=(1, 18), dtype=float32)"
359,[13 1 0 0 0 0 0 3 3 1 5 2 0 0 0 0 0 0 0 0 0 30 0 0 19],"tf.Tensor([2.1449032  1.5697321  1.9463998  2.3605404  0.16624597 1.        ], shape=(6,), dtype=float32)",0.4,[13 2 1 4 5 1 0 0 0 0 0 4 0 0 0 0 0 0 0 0 0 30 0 0 19],False,"tf.Tensor(
[[ 2.1449032   1.5697321   1.9463998   2.3605404   0.16624597  2.526235
   4.246978    2.5193834   2.1958337   2.06735     1.8339417  -0.73956853
   0.6806633   1.8547857   1.4977434   1.8772674   1.5421304   2.5298052 ]], shape=(1, 18), dtype=float32)"
360,[13 2 1 4 5 1 0 0 0 0 0 4 0 0 0 0 0 0 0 0 0 30 0 0 19],"tf.Tensor([2.5240338 1.3117577 2.1422157 2.3451004 1.368588  3.       ], shape=(6,), dtype=float32)",0.1,[13 3 1 4 5 1 4 0 0 0 0 0 0 0 0 0 0 0 0 0 0 30 0 0 19],False,"tf.Tensor(
[[2.5240338 1.3117577 2.1422157 2.3451004 1.368588  1.9223202 2.937948
  2.8227882 3.114676  2.229615  2.5435176 0.6427403 2.1003485 2.624194
  2.7315812 1.6424321 1.8577166 2.1958795]], shape=(1, 18), dtype=float32)"
361,[13 3 1 4 5 1 4 0 0 0 0 0 0 0 0 0 0 0 0 0 0 30 0 0 19],"tf.Tensor([2.3126142 1.0272648 1.9757384 2.0740614 0.946672  1.       ], shape=(6,), dtype=float32)",0.0,[14 1 0 0 0 0 0 1 4 5 1 4 0 0 0 0 0 0 0 0 0 30 0 0 19],True,"tf.Tensor(
[[2.3126142 1.0272648 1.9757384 2.0740614 0.946672  2.2993844 3.2542717
  2.7972069 3.1324744 2.3955984 2.5301182 0.8770325 1.4593502 2.4998643
  2.2476146 1.7127913 1.6213889 2.3447742]], shape=(1, 18), dtype=float32)"
362,[1 1 0 0 0 0 0 2 1 1 6 4 0 0 0 0 0 0 0 0 0 0 0 0 0],[ 1  0  1  0  1 10],0.30000000000000004,[1 2 2 1 4 0 0 0 6 0 3 0 0 0 0 0 0 0 0 0 0 0 0 0 0],False,"tf.Tensor(
[[1.8859814 2.3839679 1.4280932 1.3954335 2.6441765 2.4093156 2.6220877
  1.4724201 3.1945386 1.0377115 1.9008777 1.812847  2.8002934 2.5431933
  2.347609  2.1912823 3.3364916 1.701785 ]], shape=(1, 18), dtype=float32)"
363,[1 2 2 1 4 0 0 0 6 0 3 0 0 0 0 0 0 0 0 0 0 0 0 0 0],"tf.Tensor([ 2.3198822  2.2371042  1.5794787  2.2337406  2.6304038 10.       ], shape=(6,), dtype=float32)",0.2,[1 3 2 1 4 6 3 0 0 0 0 0 0 0 0 0 0 0 0 0 0 0 0 0 0],False,"tf.Tensor(
[[2.3198822 2.2371042 1.5794787 2.2337406 2.6304038 1.8965429 2.2601597
  1.7802546 2.831437  1.6132921 2.5275457 1.4329259 3.0846386 1.9896724
  2.7448587 3.295198  2.6581004 2.7862492]], shape=(1, 18), dtype=float32)"
364,[1 3 2 1 4 6 3 0 0 0 0 0 0 0 0 0 0 0 0 0 0 0 0 0 0],"tf.Tensor([ 2.4769278  2.3147962  1.7868516  2.51633    2.360267  10.       ], shape=(6,), dtype=float32)",0.0,[2 1 0 0 0 0 0 2 1 1 6 4 0 0 0 0 0 0 0 0 0 0 0 0 0],False,"tf.Tensor(
[[2.4769278 2.3147962 1.7868516 2.51633   2.360267  1.783245  2.1526616
  2.556915  2.8214402 1.6127465 2.7259579 2.0169337 2.8833365 1.5954671
  2.8490124 3.1194386 2.8590715 2.8889654]], shape=(1, 18), dtype=float32)"
365,[2 1 0 0 0 0 0 2 1 1 6 4 0 0 0 0 0 0 0 0 0 0 0 0 0],"tf.Tensor([ 2.0243511  2.3625069  1.4809182  1.4301442  2.657487  11.       ], shape=(6,), dtype=float32)",0.5,[2 2 4 3 5 3 5 0 0 0 0 0 0 0 0 0 0 0 0 0 0 0 0 0 0],False,"tf.Tensor(
[[2.0243511 2.3625069 1.4809182 1.4301442 2.657487  2.4941773 2.7578073
  1.5658083 3.3130293 1.0744467 1.9372494 1.8144706 2.8723295 2.617487
  2.3858209 2.3036544 3.374231  1.7697836]], shape=(1, 18), dtype=float32)"
366,[2 2 4 3 5 3 5 0 0 0 0 0 0 0 0 0 0 0 0 0 0 0 0 0 0],"tf.Tensor([ 3.064648   2.9863467  2.128308   3.0016851  3.2237282 11.       ], shape=(6,), dtype=float32)",0.0,[2 3 4 3 5 3 5 0 0 0 0 0 0 0 0 0 0 0 0 0 0 0 0 0 0],False,"tf.Tensor(
[[3.064648  2.9863467 2.128308  3.0016851 3.2237282 2.459285  2.5508714
  2.9052536 3.6624    2.1499658 3.1135252 2.3277004 3.7709947 2.2893372
  3.6819496 3.5861173 3.8743827 3.4569001]], shape=(1, 18), dtype=float32)"
367,[2 3 4 3 5 3 5 0 0 0 0 0 0 0 0 0 0 0 0 0 0 0 0 0 0],"tf.Tensor([ 3.1284149  3.007753   2.2507405  3.1004586  3.2601678 11.       ], shape=(6,), dtype=float32)",0.0,[3 1 0 0 0 0 0 4 3 5 3 5 0 0 0 0 0 0 0 0 0 0 0 0 0],False,"tf.Tensor(
[[3.1284149 3.007753  2.2507405 3.1004586 3.2601678 2.445804  2.6211796
  2.9921935 3.751472  2.2796605 3.2425792 2.3660402 3.8866854 2.2882254
  3.8097258 3.645904  3.9373324 3.5581012]], shape=(1, 18), dtype=float32)"
368,[3 1 0 0 0 0 0 4 3 5 3 5 0 0 0 0 0 0 0 0 0 0 0 0 0],"tf.Tensor([2.7345834 2.9889562 1.7515327 1.855891  3.3771865 7.       ], shape=(6,), dtype=float32)",0.5,[3 2 6 3 6 6 4 0 0 0 0 0 0 0 0 0 0 0 0 0 0 0 0 0 0],False,"tf.Tensor(
[[2.7345834 2.9889562 1.7515327 1.855891  3.3771865 2.9153054 3.2016344
  2.2632012 3.6702192 1.5957034 2.6216958 2.2720358 3.8897507 3.7025764
  2.9102526 3.153643  3.8665435 2.4841757]], shape=(1, 18), dtype=float32)"
369,[3 2 6 3 6 6 4 0 0 0 0 0 0 0 0 0 0 0 0 0 0 0 0 0 0],"tf.Tensor([ 3.734905   3.5297174  2.618933   3.7285872  3.8939116 11.       ], shape=(6,), dtype=float32)",0.0,[3 3 6 3 6 6 4 0 0 0 0 0 0 0 0 0 0 0 0 0 0 0 0 0 0],False,"tf.Tensor(
[[3.734905  3.5297174 2.618933  3.7285872 3.8939116 2.9289782 3.441977
  3.7922356 4.458258  2.482059  3.9921377 3.3687477 4.5108676 2.615775
  4.5028653 4.700324  4.831968  4.324365 ]], shape=(1, 18), dtype=float32)"
370,[3 3 6 3 6 6 4 0 0 0 0 0 0 0 0 0 0 0 0 0 0 0 0 0 0],"tf.Tensor([ 3.7958903  3.5374463  2.7290552  3.8245482  3.9294405 11.       ], shape=(6,), dtype=float32)",0.0,[4 1 0 0 0 0 0 6 3 6 6 4 0 0 0 0 0 0 0 0 0 0 0 0 0],False,"tf.Tensor(
[[3.7958903 3.5374463 2.7290552 3.8245482 3.9294405 2.90798   3.5097294
  3.8704727 4.5467978 2.6175647 4.1155796 3.4043167 4.6066236 2.6048465
  4.621919  4.75492   4.8860292 4.423828 ]], shape=(1, 18), dtype=float32)"
371,[4 1 0 0 0 0 0 6 3 6 6 4 0 0 0 0 0 0 0 0 0 0 0 0 0],"tf.Tensor([ 3.3129632  3.6488574  2.0863967  2.348789   4.4768376 11.       ], shape=(6,), dtype=float32)",0.5,[4 2 2 5 6 5 4 0 0 0 0 0 0 0 0 0 0 0 0 0 0 0 0 0 0],False,"tf.Tensor(
[[3.3129632 3.6488574 2.0863967 2.348789  4.4768376 4.1904187 4.555061
  2.648338  4.98201   1.7427546 3.1056163 3.0223129 5.0161114 4.705268
  3.8598762 3.8503897 5.542004  3.0107448]], shape=(1, 18), dtype=float32)"
372,[4 2 2 5 6 5 4 0 0 0 0 0 0 0 0 0 0 0 0 0 0 0 0 0 0],"tf.Tensor([ 3.703833   3.2037592  2.6110456  3.5960906  3.1121662 10.       ], shape=(6,), dtype=float32)",0.0,[4 3 2 5 6 5 4 0 0 0 0 0 0 0 0 0 0 0 0 0 0 0 0 0 0],False,"tf.Tensor(
[[3.703833  3.2037592 2.6110456 3.5960906 3.1121662 2.4942694 2.8850937
  3.8546662 4.0091047 2.488042  3.7012346 2.7865422 3.992209  2.0594442
  4.229701  4.269318  4.1874127 4.0997844]], shape=(1, 18), dtype=float32)"
373,[4 3 2 5 6 5 4 0 0 0 0 0 0 0 0 0 0 0 0 0 0 0 0 0 0],"tf.Tensor([ 3.7428467  3.2148905  2.7039347  3.6224675  3.1524637 10.       ], shape=(6,), dtype=float32)",0.0,[5 1 0 0 0 0 0 2 5 6 5 4 0 0 0 0 0 0 0 0 0 0 0 0 0],False,"tf.Tensor(
[[3.7428467 3.2148905 2.7039347 3.6224675 3.1524637 2.5053852 2.9814982
  3.9105372 4.0939736 2.557368  3.7953267 2.7890203 4.1018867 2.0890188
  4.321886  4.331398  4.202567  4.160064 ]], shape=(1, 18), dtype=float32)"
374,[5 1 0 0 0 0 0 2 5 6 5 4 0 0 0 0 0 0 0 0 0 0 0 0 0],"tf.Tensor([3.4239879 3.119542  2.0759485 2.290183  3.5893826 7.       ], shape=(6,), dtype=float32)",0.5,[5 2 2 3 5 2 5 0 0 0 0 0 0 0 0 0 0 0 0 0 0 0 0 0 0],False,"tf.Tensor(
[[3.4239879 3.119542  2.0759485 2.290183  3.5893826 3.1973145 3.8018553
  2.4473712 3.760084  1.6840689 3.1275194 2.8423495 4.629484  4.4647317
  3.164599  4.1898193 4.3168244 3.1072245]], shape=(1, 18), dtype=float32)"
375,[5 2 2 3 5 2 5 0 0 0 0 0 0 0 0 0 0 0 0 0 0 0 0 0 0],"tf.Tensor([ 3.0597882  2.6419811  2.085152   3.0761015  2.6060016 10.       ], shape=(6,), dtype=float32)",0.0,[5 3 2 3 5 2 5 0 0 0 0 0 0 0 0 0 0 0 0 0 0 0 0 0 0],False,"tf.Tensor(
[[3.0597882 2.6419811 2.085152  3.0761015 2.6060016 2.1115134 2.2834983
  3.0155563 3.1412168 2.0808244 3.088541  1.9473507 3.5732112 1.8393135
  3.525951  3.5807745 3.2495203 3.5795512]], shape=(1, 18), dtype=float32)"
376,[5 3 2 3 5 2 5 0 0 0 0 0 0 0 0 0 0 0 0 0 0 0 0 0 0],[1 0 1 1 1 7],0.0,[6 1 0 0 0 0 0 2 3 5 2 5 0 0 0 0 0 0 0 0 0 0 0 0 0],False,"tf.Tensor(
[[3.094817  2.6581984 2.1888695 3.1172538 2.6709745 2.1665642 2.4147909
  3.0584493 3.2654097 2.150705  3.2026486 1.9759644 3.6866467 1.8725569
  3.63386   3.6913466 3.2774825 3.6707468]], shape=(1, 18), dtype=float32)"
377,[6 1 0 0 0 0 0 2 3 5 2 5 0 0 0 0 0 0 0 0 0 0 0 0 0],[0 1 1 0 1 7],0.30000000000000004,[6 2 5 5 5 0 0 2 0 0 5 0 0 0 0 0 0 0 0 0 0 0 0 0 0],False,"tf.Tensor(
[[2.8004537 2.4765923 1.5029186 1.8633152 3.0078208 2.9414504 3.476422
  2.245274  3.3270097 1.3183061 2.5147505 2.3085926 3.7385316 3.7210493
  2.6128316 3.2318678 3.711382  2.5076888]], shape=(1, 18), dtype=float32)"
378,[6 2 5 5 5 0 0 2 0 0 5 0 0 0 0 0 0 0 0 0 0 0 0 0 0],"tf.Tensor([3.2255006 3.0285723 2.3317094 3.4442413 3.506696  9.       ], shape=(6,), dtype=float32)",0.2,[6 3 5 5 5 2 5 0 0 0 0 0 0 0 0 0 0 0 0 0 0 0 0 0 0],False,"tf.Tensor(
[[3.2255006 3.0285723 2.3317094 3.4442413 3.506696  2.5583265 3.2738507
  3.4654355 3.9047751 2.9241433 3.5290809 2.9875147 4.2828927 2.566783
  4.548252  4.2210617 4.3692408 4.099648 ]], shape=(1, 18), dtype=float32)"
379,[6 3 5 5 5 2 5 0 0 0 0 0 0 0 0 0 0 0 0 0 0 0 0 0 0],"tf.Tensor([3.6987185 3.2740986 2.6609545 3.6271203 3.622725  7.       ], shape=(6,), dtype=float32)",44.0,[7 1 0 0 0 0 0 2 5 5 2 5 0 0 0 0 0 0 0 22 0 0 0 0 0],False,"tf.Tensor(
[[3.6987185 3.2740986 2.6609545 3.6271203 3.622725  2.7718585 3.3566709
  3.6806264 4.295696  2.768273  3.856063  2.6306193 4.5821414 2.5199955
  4.557751  4.5596685 4.286674  4.394692 ]], shape=(1, 18), dtype=float32)"
380,[7 1 0 0 0 0 0 2 5 5 2 5 0 0 0 0 0 0 0 22 0 0 0 0 0],[1 1 1 1 1 9],0.5,[7 2 2 1 1 3 1 0 0 0 0 0 0 0 0 0 0 0 0 22 0 0 0 0 0],False,"tf.Tensor(
[[ 1.4753016  3.064499   3.6227055  2.5692656  2.610181  -0.0431194
   3.2873473  4.9598627  4.203727   4.2283506  4.54089    2.9661338
   3.163502   1.3776135  4.5871744  3.6584203  3.27234    1.8693326]], shape=(1, 18), dtype=float32)"
381,[7 2 2 1 1 3 1 0 0 0 0 0 0 0 0 0 0 0 0 22 0 0 0 0 0],"tf.Tensor([1.3916628 2.5431662 3.7632844 2.1510544 2.394997  9.       ], shape=(6,), dtype=float32)",0.0,[7 3 2 1 1 3 1 0 0 0 0 0 0 0 0 0 0 0 0 22 0 0 0 0 0],False,"tf.Tensor(
[[1.3916628  2.5431662  3.7632844  2.1510544  2.394997   0.33825502
  4.2675595  5.057269   4.7682056  4.378069   4.558887   3.4179149
  2.8341446  1.0873009  5.184075   3.9764895  3.334637   1.9918747 ]], shape=(1, 18), dtype=float32)"
382,[7 3 2 1 1 3 1 0 0 0 0 0 0 0 0 0 0 0 0 22 0 0 0 0 0],[0 1 0 1 0 6],16.0,[8 1 0 0 0 0 0 2 1 1 3 1 0 0 0 0 0 0 8 22 0 0 0 0 0],False,"tf.Tensor(
[[1.4268417 2.5318515 3.9126687 2.1279962 2.368127  0.3596138 4.285252
  5.156709  4.7860317 4.4156322 4.5564632 3.4110916 2.926561  1.075209
  5.2664647 3.9471905 3.370878  1.9875947]], shape=(1, 18), dtype=float32)"
383,[8 1 0 0 0 0 0 2 1 1 3 1 0 0 0 0 0 0 8 22 0 0 0 0 0],"tf.Tensor([1.7031559 3.2662387 3.3963356 2.2519543 2.4851387 3.       ], shape=(6,), dtype=float32)",0.5,[8 2 2 3 3 5 6 0 0 0 0 0 0 0 0 0 0 0 8 22 0 0 0 0 0],False,"tf.Tensor(
[[1.7031559 3.2662387 3.3963356 2.2519543 2.4851387 1.2573637 3.8176568
  4.2319956 6.228102  4.580718  4.1875234 3.2116632 2.0586631 1.097803
  5.533791  3.2820642 4.3006177 1.8072515]], shape=(1, 18), dtype=float32)"
384,[8 2 2 3 3 5 6 0 0 0 0 0 0 0 0 0 0 0 8 22 0 0 0 0 0],"tf.Tensor([2.5630727 3.1553416 4.518894  3.04019   2.6196563 3.       ], shape=(6,), dtype=float32)",0.0,[8 3 2 3 3 5 6 0 0 0 0 0 0 0 0 0 0 0 8 22 0 0 0 0 0],False,"tf.Tensor(
[[2.5630727 3.1553416 4.518894  3.04019   2.6196563 1.491353  5.095918
  4.937758  6.9816127 5.1338606 5.2989736 4.163503  2.7455788 1.2992818
  6.283842  5.141825  3.6665747 3.4725628]], shape=(1, 18), dtype=float32)"
385,[8 3 2 3 3 5 6 0 0 0 0 0 0 0 0 0 0 0 8 22 0 0 0 0 0],"tf.Tensor([2.661943  3.1617162 4.7475004 3.0530088 2.6423104 3.       ], shape=(6,), dtype=float32)",0.0,[9 1 0 0 0 0 0 2 3 3 5 6 0 0 0 0 0 0 8 22 0 0 0 0 0],False,"tf.Tensor(
[[2.661943  3.1617162 4.7475004 3.0530088 2.6423104 1.5526648 5.243645
  5.0546927 7.1602707 5.257724  5.355966  4.1799417 2.8834476 1.2921863
  6.4706087 5.161854  3.7820358 3.5278437]], shape=(1, 18), dtype=float32)"
386,[9 1 0 0 0 0 0 2 3 3 5 6 0 0 0 0 0 0 8 22 0 0 0 0 0],"tf.Tensor([1.8189507 3.718524  3.75638   2.8056972 2.6000865 3.       ], shape=(6,), dtype=float32)",0.5,[9 2 4 3 5 4 2 0 0 0 0 0 0 0 0 0 0 0 8 22 0 0 0 0 0],False,"tf.Tensor(
[[1.8189507 3.718524  3.75638   2.8056972 2.6000865 0.6398792 3.4354687
  4.734196  5.670044  4.743286  4.388239  3.4591331 2.521858  1.3047934
  5.3720646 3.4540105 4.3159    1.9316449]], shape=(1, 18), dtype=float32)"
387,[9 2 4 3 5 4 2 0 0 0 0 0 0 0 0 0 0 0 8 22 0 0 0 0 0],[0 1 1 1 1 8],0.0,[9 3 4 3 5 4 2 0 0 0 0 0 0 0 0 0 0 0 8 22 0 0 0 0 0],False,"tf.Tensor(
[[2.7720706 3.4913232 4.8007827 3.089128  2.8325152 1.9306486 5.3434367
  5.5153317 7.5811186 5.449032  5.32759   4.8942323 2.785291  1.4287086
  6.8652363 5.260965  4.4895535 3.5201774]], shape=(1, 18), dtype=float32)"
388,[9 3 4 3 5 4 2 0 0 0 0 0 0 0 0 0 0 0 8 22 0 0 0 0 0],[1 1 1 1 0 7],-44.0,[10 1 0 0 0 0 0 4 3 5 4 2 0 0 0 0 0 0 8 0 0 0 0 0 0],False,"tf.Tensor(
[[2.87363   3.4986067 5.0301943 3.1033468 2.8575203 1.997981  5.5009866
  5.632335  7.769936  5.5752354 5.38795   4.909015  2.9249802 1.4215372
  7.0597897 5.2894816 4.606062  3.5813022]], shape=(1, 18), dtype=float32)"
389,[10 1 0 0 0 0 0 4 3 5 4 2 0 0 0 0 0 0 8 0 0 0 0 0 0],"tf.Tensor([3.4864028 2.5204892 1.8958013 3.2319922 3.4371867 7.       ], shape=(6,), dtype=float32)",0.5,[10 2 4 6 1 6 3 0 0 0 0 0 0 0 0 0 0 0 8 0 0 0 0 0 0],False,"tf.Tensor(
[[3.4864028 2.5204892 1.8958013 3.2319922 3.4371867 3.673845  3.6274045
  2.6377501 4.05526   1.8927734 2.9716244 2.0629065 4.4934435 3.1540549
  3.916318  3.9406636 4.471048  3.8666024]], shape=(1, 18), dtype=float32)"
390,[10 2 4 6 1 6 3 0 0 0 0 0 0 0 0 0 0 0 8 0 0 0 0 0 0],"tf.Tensor([ 3.6674623  2.2020745  2.6380973  3.30216    3.062062  12.       ], shape=(6,), dtype=float32)",0.0,[10 3 4 6 1 6 3 0 0 0 0 0 0 0 0 0 0 0 8 0 0 0 0 0 0],False,"tf.Tensor(
[[3.6674623 2.2020745 2.6380973 3.30216   3.062062  3.477918  3.8912475
  3.3693676 4.5863714 2.3829856 3.2394493 2.5700498 4.376362  1.7466996
  4.461514  4.434504  4.050117  4.7427278]], shape=(1, 18), dtype=float32)"
391,[10 3 4 6 1 6 3 0 0 0 0 0 0 0 0 0 0 0 8 0 0 0 0 0 0],"tf.Tensor([ 3.6960204  2.1669433  2.7622774  3.308997   3.1317954 12.       ], shape=(6,), dtype=float32)",40.0,[11 1 0 0 0 0 0 4 6 1 6 3 0 0 0 0 0 0 8 0 0 0 0 0 20],False,"tf.Tensor(
[[3.6960204 2.1669433 2.7622774 3.308997  3.1317954 3.5830867 4.086407
  3.3921566 4.782306  2.5031157 3.2888806 2.5671153 4.4837584 1.7556069
  4.619193  4.531761  4.097893  4.836    ]], shape=(1, 18), dtype=float32)"
392,[11 1 0 0 0 0 0 4 6 1 6 3 0 0 0 0 0 0 8 0 0 0 0 0 20],"tf.Tensor([3.6160166 2.9069984 4.020903  3.8920517 2.7024288 9.       ], shape=(6,), dtype=float32)",0.5,[11 2 1 1 3 1 1 0 0 0 0 0 0 0 0 0 0 0 8 0 0 0 0 0 20],False,"tf.Tensor(
[[3.6160166 2.9069984 4.020903  3.8920517 2.7024288 3.0865328 5.093097
  4.1008205 5.397255  3.412049  4.3281116 3.231497  4.9417105 2.5102038
  5.647602  4.9235387 5.0941396 4.2292433]], shape=(1, 18), dtype=float32)"
393,[11 2 1 1 3 1 1 0 0 0 0 0 0 0 0 0 0 0 8 0 0 0 0 0 20],"tf.Tensor([2.8347583 2.3794742 3.535984  3.546915  1.2758203 9.       ], shape=(6,), dtype=float32)",0.0,[11 3 1 1 3 1 1 0 0 0 0 0 0 0 0 0 0 0 8 0 0 0 0 0 20],False,"tf.Tensor(
[[2.8347583 2.3794742 3.535984  3.546915  1.2758203 2.3096237 3.8381343
  3.8007736 4.9535213 3.7467613 4.029679  2.8236523 2.949844  0.9209323
  5.6129265 4.679816  2.9489615 4.751232 ]], shape=(1, 18), dtype=float32)"
394,[11 3 1 1 3 1 1 0 0 0 0 0 0 0 0 0 0 0 8 0 0 0 0 0 20],"tf.Tensor([2.838423  2.3247979 3.6418989 3.5961223 1.3454063 9.       ], shape=(6,), dtype=float32)",0.0,[12 1 0 0 0 0 0 1 1 3 1 1 0 0 0 0 0 0 8 0 0 0 0 0 20],False,"tf.Tensor(
[[2.838423   2.3247979  3.6418989  3.5961223  1.3454063  2.3695855
  4.0293813  3.8372657  5.074869   3.8103335  4.0791144  2.772877
  3.1420326  0.88649905 5.757278   4.7274423  3.0063536  4.81856   ]], shape=(1, 18), dtype=float32)"
395,[12 1 0 0 0 0 0 1 1 3 1 1 0 0 0 0 0 0 8 0 0 0 0 0 20],"tf.Tensor([2.690733  2.262586  3.7628033 3.4915588 1.2470789 9.       ], shape=(6,), dtype=float32)",0.5,[12 2 6 4 5 5 3 0 0 0 0 0 0 0 0 0 0 0 8 0 0 0 0 0 20],False,"tf.Tensor(
[[2.690733  2.262586  3.7628033 3.4915588 1.2470789 1.9544982 3.8448496
  3.6577938 4.361455  3.5987923 3.7214081 2.9321928 3.5899189 1.1089573
  5.533596  4.3428516 3.5575793 3.955151 ]], shape=(1, 18), dtype=float32)"
396,[12 2 6 4 5 5 3 0 0 0 0 0 0 0 0 0 0 0 8 0 0 0 0 0 20],"tf.Tensor([4.008628  3.3853245 4.8602104 4.57452   2.769879  9.       ], shape=(6,), dtype=float32)",0.0,[12 3 6 4 5 5 3 0 0 0 0 0 0 0 0 0 0 0 8 0 0 0 0 0 20],False,"tf.Tensor(
[[4.008628  3.3853245 4.8602104 4.57452   2.769879  3.5269954 6.1931515
  4.932112  7.4856863 5.0409737 5.53366   3.727685  5.049251  2.0663266
  7.8058767 6.3802376 4.899837  5.9115033]], shape=(1, 18), dtype=float32)"
397,[12 3 6 4 5 5 3 0 0 0 0 0 0 0 0 0 0 0 8 0 0 0 0 0 20],"tf.Tensor([4.0396256 3.3447134 4.941565  4.601132  2.845907  9.       ], shape=(6,), dtype=float32)",60.0,[13 1 0 0 0 0 0 6 4 5 5 3 0 0 0 0 0 0 8 0 0 30 0 0 20],False,"tf.Tensor(
[[4.0396256 3.3447134 4.941565  4.601132  2.845907  3.5620959 6.3337116
  5.0246305 7.616438  5.1331615 5.6160107 3.7458682 5.1819353 1.9849844
  7.935757  6.417307  4.970969  5.954481 ]], shape=(1, 18), dtype=float32)"
398,[13 1 0 0 0 0 0 6 4 5 5 3 0 0 0 0 0 0 8 0 0 30 0 0 20],"tf.Tensor([1.4974965  1.2003037  1.7045795  3.1357691  0.38655403 1.        ], shape=(6,), dtype=float32)",0.4,[13 2 5 3 5 1 0 0 0 0 0 3 0 0 0 0 0 0 8 0 0 30 0 0 20],False,"tf.Tensor(
[[ 1.4974965   1.2003037   1.7045795   3.1357691   0.38655403  3.3172698
   4.514483    1.9314848   2.0910509   2.0639727   2.29957    -1.3799986
   1.8580931   1.1093936   2.4505568   3.4080884   2.2805686   2.8869584 ]], shape=(1, 18), dtype=float32)"
399,[13 2 5 3 5 1 0 0 0 0 0 3 0 0 0 0 0 0 8 0 0 30 0 0 20],"tf.Tensor([1.3891783  0.77645427 1.6724935  2.4948792  0.29362732 1.        ], shape=(6,), dtype=float32)",0.0,[13 3 5 3 5 1 0 0 0 0 0 4 0 0 0 0 0 0 8 0 0 30 0 0 20],False,"tf.Tensor(
[[ 1.3891783   0.77645427  1.6724935   2.4948792   0.29362732  2.2069318
   4.0996313   2.4960356   2.131915    2.6716135   2.2331226  -0.03316756
   1.7727537   1.9005694   2.9271421   2.052538    2.233966    2.206206  ]], shape=(1, 18), dtype=float32)"
400,[13 3 5 3 5 1 0 0 0 0 0 4 0 0 0 0 0 0 8 0 0 30 0 0 20],"tf.Tensor([1.4928423  0.83499426 1.7712739  2.6538653  0.40139157 1.        ], shape=(6,), dtype=float32)",0.0,[14 1 0 0 0 0 0 5 3 5 1 6 0 0 0 0 0 0 8 0 0 30 0 0 20],True,"tf.Tensor(
[[ 1.4928423   0.83499426  1.7712739   2.6538653   0.40139157  2.1932054
   4.0573735   2.5333564   2.2831235   2.7095351   2.288517   -0.06106489
   2.0138113   1.9978275   3.211976    2.1052403   2.324832    2.289424  ]], shape=(1, 18), dtype=float32)"
401,[1 1 0 0 0 0 0 3 5 1 1 2 0 0 0 0 0 0 0 0 0 0 0 0 0],"tf.Tensor([2.016225  1.9251525 1.2003286 1.7110533 2.2630503 3.       ], shape=(6,), dtype=float32)",0.5,[1 2 3 5 1 1 2 0 0 0 0 0 0 0 0 0 0 0 0 0 0 0 0 0 0],False,"tf.Tensor(
[[2.016225  1.9251525 1.2003286 1.7110533 2.2630503 1.7500749 1.9881163
  1.7816193 2.4746256 1.3657701 2.1262555 1.4269725 2.4698153 2.0168698
  2.1417754 2.3370826 2.3769205 2.1345277]], shape=(1, 18), dtype=float32)"
402,[1 2 3 5 1 1 2 0 0 0 0 0 0 0 0 0 0 0 0 0 0 0 0 0 0],"tf.Tensor([2.0853605 2.064196  1.6717925 1.8844117 2.426379  7.       ], shape=(6,), dtype=float32)",0.0,[1 3 3 5 1 1 2 0 0 0 0 0 0 0 0 0 0 0 0 0 0 0 0 0 0],False,"tf.Tensor(
[[2.0853605 2.064196  1.6717925 1.8844117 2.426379  1.6755837 1.9786096
  1.8315628 2.7143476 1.6265419 2.1365438 1.4882313 2.7177534 1.7643332
  2.5195568 2.7074032 2.4369586 2.3975143]], shape=(1, 18), dtype=float32)"
403,[1 3 3 5 1 1 2 0 0 0 0 0 0 0 0 0 0 0 0 0 0 0 0 0 0],[1 1 1 1 0 3],0.0,[2 1 0 0 0 0 0 3 5 1 1 2 0 0 0 0 0 0 0 0 0 0 0 0 0],False,"tf.Tensor(
[[2.1411798 2.0799956 1.7605853 1.8880796 2.5089648 1.7531357 2.1191149
  1.8835    2.8930328 1.7082711 2.1975393 1.4236826 2.8298333 1.8089998
  2.618173  2.7307377 2.4807782 2.4399576]], shape=(1, 18), dtype=float32)"
404,[2 1 0 0 0 0 0 3 5 1 1 2 0 0 0 0 0 0 0 0 0 0 0 0 0],"tf.Tensor([2.06253   1.896905  1.1535068 1.7803397 2.2785103 7.       ], shape=(6,), dtype=float32)",0.5,[2 2 4 6 1 5 2 0 0 0 0 0 0 0 0 0 0 0 0 0 0 0 0 0 0],False,"tf.Tensor(
[[2.06253   1.896905  1.1535068 1.7803397 2.2785103 1.8283567 2.1319835
  1.8509992 2.4781828 1.3260509 2.169154  1.4887277 2.5021296 2.138935
  2.1401148 2.3670435 2.4592526 2.172038 ]], shape=(1, 18), dtype=float32)"
405,[2 2 4 6 1 5 2 0 0 0 0 0 0 0 0 0 0 0 0 0 0 0 0 0 0],[1 1 0 1 1 7],0.0,[2 3 4 6 1 5 2 0 0 0 0 0 0 0 0 0 0 0 0 0 0 0 0 0 0],False,"tf.Tensor(
[[2.745985  2.4440677 1.9158076 2.5602121 3.0291677 2.3154836 2.8176517
  2.6336346 3.4950476 1.9703041 2.7484794 2.067296  3.421818  2.0392687
  3.2760797 3.4815538 3.3155413 3.2488317]], shape=(1, 18), dtype=float32)"
406,[2 3 4 6 1 5 2 0 0 0 0 0 0 0 0 0 0 0 0 0 0 0 0 0 0],"tf.Tensor([2.802523  2.4563215 2.008012  2.5538025 3.0959136 3.       ], shape=(6,), dtype=float32)",8.0,[3 1 0 0 0 0 0 4 6 1 5 2 0 0 0 4 0 0 0 0 0 0 0 0 0],False,"tf.Tensor(
[[2.802523  2.4563215 2.008012  2.5538025 3.0959136 2.3596427 2.9512072
  2.6877382 3.6289256 2.0507054 2.819667  2.0493965 3.5426064 2.0952115
  3.370505  3.5300784 3.3424199 3.3047695]], shape=(1, 18), dtype=float32)"
407,[3 1 0 0 0 0 0 4 6 1 5 2 0 0 0 4 0 0 0 0 0 0 0 0 0],"tf.Tensor([ 2.750752   2.954949   1.6043445  2.6900787  2.9423282 11.       ], shape=(6,), dtype=float32)",0.5,[3 2 6 2 2 6 4 0 0 0 0 0 0 0 0 4 0 0 0 0 0 0 0 0 0],False,"tf.Tensor(
[[2.750752  2.954949  1.6043445 2.6900787 2.9423282 2.5394917 2.399954
  2.5522397 3.1926253 1.7131808 2.7599664 1.9829999 3.432627  2.4304981
  3.4145935 3.3636336 3.5818517 3.1311035]], shape=(1, 18), dtype=float32)"
408,[3 2 6 2 2 6 4 0 0 0 0 0 0 0 0 4 0 0 0 0 0 0 0 0 0],"tf.Tensor([ 2.9952326  2.9634724  1.9111555  3.3478618  3.0402036 11.       ], shape=(6,), dtype=float32)",0.0,[3 3 6 2 2 6 4 0 0 0 0 0 0 0 0 4 0 0 0 0 0 0 0 0 0],False,"tf.Tensor(
[[2.9952326 2.9634724 1.9111555 3.3478618 3.0402036 2.3722458 2.2197988
  2.9184506 3.1810443 2.1008143 3.0309484 2.5281174 3.631646  2.095393
  3.71707   3.7268162 3.9637132 3.6272273]], shape=(1, 18), dtype=float32)"
409,[3 3 6 2 2 6 4 0 0 0 0 0 0 0 0 4 0 0 0 0 0 0 0 0 0],[ 1  1  0  0  0 10],0.0,[4 1 0 0 0 0 0 6 2 2 6 4 0 0 0 4 0 0 0 0 0 0 0 0 0],False,"tf.Tensor(
[[3.0410237 2.9628053 2.0201979 3.4188402 3.0657508 2.3778958 2.304899
  2.973636  3.2887146 2.199879  3.1161911 2.5675082 3.7041438 2.0588634
  3.8392842 3.7636466 4.0486107 3.696567 ]], shape=(1, 18), dtype=float32)"
410,[4 1 0 0 0 0 0 6 2 2 6 4 0 0 0 4 0 0 0 0 0 0 0 0 0],"tf.Tensor([ 2.8337803  3.2709424  1.9108363  2.3608906  3.598517  11.       ], shape=(6,), dtype=float32)",0.5,[4 2 2 1 2 2 1 0 0 0 0 0 0 0 0 4 0 0 0 0 0 0 0 0 0],False,"tf.Tensor(
[[2.8337803 3.2709424 1.9108363 2.3608906 3.598517  3.0259743 2.9282
  2.5186741 4.0469956 1.7766786 2.6799028 2.4328403 3.8135033 2.8274152
  3.6924891 3.2872725 4.377592  2.9482017]], shape=(1, 18), dtype=float32)"
411,[4 2 2 1 2 2 1 0 0 0 0 0 0 0 0 4 0 0 0 0 0 0 0 0 0],"tf.Tensor([ 1.8761125  1.3647268  1.0364268  2.2591703  1.2428448 12.       ], shape=(6,), dtype=float32)",0.0,[4 3 2 1 2 2 1 0 0 0 0 0 0 0 0 4 0 0 0 0 0 0 0 0 0],False,"tf.Tensor(
[[1.8761125  1.3647268  1.0364268  2.2591703  1.2428448  1.3810444
  1.2185192  1.9059511  1.6135416  1.2996237  1.8710673  1.3584627
  1.9178206  0.70901406 2.2620416  2.3903348  1.9939185  2.5540915 ]], shape=(1, 18), dtype=float32)"
412,[4 3 2 1 2 2 1 0 0 0 0 0 0 0 0 4 0 0 0 0 0 0 0 0 0],"tf.Tensor([ 1.9472675  1.3738273  1.187921   2.3480542  1.2168292 12.       ], shape=(6,), dtype=float32)",16.0,[5 1 0 0 0 0 0 2 1 2 2 1 0 0 0 4 0 0 0 0 0 0 0 0 8],False,"tf.Tensor(
[[1.9472675 1.3738273 1.187921  2.3480542 1.2168292 1.3699594 1.2953765
  2.041969  1.6382313 1.3569715 1.986112  1.4213659 2.0288796 0.6657042
  2.3958726 2.4769819 2.0599797 2.6454997]], shape=(1, 18), dtype=float32)"
413,[5 1 0 0 0 0 0 2 1 2 2 1 0 0 0 4 0 0 0 0 0 0 0 0 8],"tf.Tensor([1.7664082 0.9980512 1.5218669 2.1773195 0.8919014 9.       ], shape=(6,), dtype=float32)",0.4,[5 2 5 5 5 2 0 0 0 0 0 5 0 0 0 4 0 0 0 0 0 0 0 0 8],False,"tf.Tensor(
[[1.7664082  0.9980512  1.5218669  2.1773195  0.8919014  1.1593344
  1.8209436  2.3788486  1.4102923  1.6776959  1.9084741  1.8456658
  2.2428234  0.62870145 2.7483962  2.0309353  2.434976   2.5151958 ]], shape=(1, 18), dtype=float32)"
414,[5 2 5 5 5 2 0 0 0 0 0 5 0 0 0 4 0 0 0 0 0 0 0 0 8],"tf.Tensor([3.237596  2.9409442 3.0260024 3.581178  2.763267  9.       ], shape=(6,), dtype=float32)",0.1,[5 3 5 5 5 2 5 0 0 0 0 0 0 0 0 4 0 0 0 0 0 0 0 0 8],False,"tf.Tensor(
[[3.237596  2.9409442 3.0260024 3.581178  2.763267  1.9909369 3.447162
  4.072655  3.9245863 3.178618  3.9341085 3.1048858 4.2260375 1.9373465
  4.7763267 4.2231483 4.0713086 4.154411 ]], shape=(1, 18), dtype=float32)"
415,[5 3 5 5 5 2 5 0 0 0 0 0 0 0 0 4 0 0 0 0 0 0 0 0 8],"tf.Tensor([3.5236535 2.7241485 2.7836356 3.6236334 3.0254095 9.       ], shape=(6,), dtype=float32)",0.0,[6 1 0 0 0 0 0 5 5 5 2 2 0 0 0 4 0 0 0 0 0 0 0 0 8],False,"tf.Tensor(
[[3.5236535 2.7241485 2.7836356 3.6236334 3.0254095 2.832384  3.993899
  3.7948008 4.3277383 3.2175756 3.6716895 2.6244256 4.646628  2.1724482
  5.237633  4.4815717 4.3034277 4.683042 ]], shape=(1, 18), dtype=float32)"
416,[6 1 0 0 0 0 0 5 5 5 2 2 0 0 0 4 0 0 0 0 0 0 0 0 8],"tf.Tensor([2.7282467 2.014065  1.8676708 2.9706414 2.2928681 7.       ], shape=(6,), dtype=float32)",0.5,[6 2 5 4 6 6 2 0 0 0 0 0 0 0 0 4 0 0 0 0 0 0 0 0 8],False,"tf.Tensor(
[[2.7282467 2.014065  1.8676708 2.9706414 2.2928681 2.5092654 3.4337885
  3.11047   2.5716746 2.035399  2.9114635 2.550751  4.110989  2.3907714
  3.9287746 3.413995  3.9468572 3.6492667]], shape=(1, 18), dtype=float32)"
417,[6 2 5 4 6 6 2 0 0 0 0 0 0 0 0 4 0 0 0 0 0 0 0 0 8],"tf.Tensor([3.7017622 2.7258012 2.8946583 4.063944  2.6555898 9.       ], shape=(6,), dtype=float32)",0.0,[6 3 5 4 6 6 2 0 0 0 0 0 0 0 0 4 0 0 0 0 0 0 0 0 8],False,"tf.Tensor(
[[3.7017622 2.7258012 2.8946583 4.063944  2.6555898 2.5617483 3.8549535
  4.344758  3.9805903 3.107054  4.096519  3.1710503 4.504351  1.860266
  5.267713  4.789468  4.348124  4.917506 ]], shape=(1, 18), dtype=float32)"
418,[6 3 5 4 6 6 2 0 0 0 0 0 0 0 0 4 0 0 0 0 0 0 0 0 8],"tf.Tensor([3.7663343 2.7387698 3.0755377 4.117466  2.740865  9.       ], shape=(6,), dtype=float32)",0.0,[7 1 0 0 0 0 0 5 4 6 6 2 0 0 0 4 0 0 0 0 0 0 0 0 8],False,"tf.Tensor(
[[3.7663343 2.7387698 3.0755377 4.117466  2.740865  2.6266108 3.976443
  4.4135046 4.1259274 3.2029493 4.184849  3.2335353 4.6772904 1.8120413
  5.4240403 4.900694  4.459752  5.0392976]], shape=(1, 18), dtype=float32)"
419,[7 1 0 0 0 0 0 5 4 6 6 2 0 0 0 4 0 0 0 0 0 0 0 0 8],[1 1 1 1 1 6],0.5,[7 2 1 5 3 6 5 0 0 0 0 0 0 0 0 4 0 0 0 0 0 0 0 0 8],False,"tf.Tensor(
[[3.3734179 2.7521496 2.2221143 3.4769347 2.8870258 3.1875844 3.808707
  3.3986387 3.3831503 2.1285527 3.2998846 2.9641538 4.920217  2.9870925
  4.426937  4.110729  4.843911  4.1245275]], shape=(1, 18), dtype=float32)"
420,[7 2 1 5 3 6 5 0 0 0 0 0 0 0 0 4 0 0 0 0 0 0 0 0 8],"tf.Tensor([3.312387  2.0118036 2.2869475 3.3420472 1.951973  9.       ], shape=(6,), dtype=float32)",0.0,[7 3 1 5 3 6 5 0 0 0 0 0 0 0 0 4 0 0 0 0 0 0 0 0 8],False,"tf.Tensor(
[[3.312387  2.0118036 2.2869475 3.3420472 1.951973  2.5952468 3.5536954
  3.7865815 3.5677803 2.5840113 3.7559774 2.7037828 3.5905294 1.9467895
  4.459064  3.8300393 3.5722396 4.218191 ]], shape=(1, 18), dtype=float32)"
421,[7 3 1 5 3 6 5 0 0 0 0 0 0 0 0 4 0 0 0 0 0 0 0 0 8],"tf.Tensor([3.411651  2.0827515 2.4278843 3.408254  2.0664437 9.       ], shape=(6,), dtype=float32)",0.0,[8 1 0 0 0 0 0 1 5 3 6 5 0 0 0 4 0 0 0 0 0 0 0 0 8],False,"tf.Tensor(
[[3.411651  2.0827515 2.4278843 3.408254  2.0664437 2.621116  3.6355655
  3.898771  3.6737182 2.659822  3.864756  2.7685564 3.752062  1.9422739
  4.562159  3.9736757 3.6602316 4.336181 ]], shape=(1, 18), dtype=float32)"
422,[8 1 0 0 0 0 0 1 5 3 6 5 0 0 0 4 0 0 0 0 0 0 0 0 8],"tf.Tensor([3.2096093 2.8084118 2.3055177 2.9795368 2.9698195 7.       ], shape=(6,), dtype=float32)",0.5,[8 2 3 5 4 2 1 0 0 0 0 0 0 0 0 4 0 0 0 0 0 0 0 0 8],False,"tf.Tensor(
[[3.2096093 2.8084118 2.3055177 2.9795368 2.9698195 2.769958  3.7178862
  3.5123005 3.6094174 2.1789005 3.3824387 2.9440327 4.4007263 2.9039414
  4.0164266 4.0318847 4.232596  3.6959019]], shape=(1, 18), dtype=float32)"
423,[8 2 3 5 4 2 1 0 0 0 0 0 0 0 0 4 0 0 0 0 0 0 0 0 8],"tf.Tensor([2.9859285 1.5401312 2.2628462 2.988699  1.7189498 9.       ], shape=(6,), dtype=float32)",0.0,[8 3 3 5 4 2 1 0 0 0 0 0 0 0 0 4 0 0 0 0 0 0 0 0 8],False,"tf.Tensor(
[[2.9859285 1.5401312 2.2628462 2.988699  1.7189498 2.4122183 3.6469262
  3.5581615 3.5266995 2.6804755 3.3321326 2.6672165 3.298712  1.2803314
  4.380984  4.028687  2.9962957 4.308821 ]], shape=(1, 18), dtype=float32)"
424,[8 3 3 5 4 2 1 0 0 0 0 0 0 0 0 4 0 0 0 0 0 0 0 0 8],"tf.Tensor([3.094269  1.6215839 2.4399703 3.0588915 1.8355085 9.       ], shape=(6,), dtype=float32)",60.0,[9 1 0 0 0 0 0 3 5 4 2 1 0 0 0 4 0 0 0 0 0 30 0 0 8],False,"tf.Tensor(
[[3.094269  1.6215839 2.4399703 3.0588915 1.8355085 2.4538043 3.7281525
  3.6699317 3.679185  2.7695718 3.4421284 2.7382948 3.4726057 1.2504544
  4.512407  4.173829  3.103914  4.4360795]], shape=(1, 18), dtype=float32)"
425,[9 1 0 0 0 0 0 3 5 4 2 1 0 0 0 4 0 0 0 0 0 30 0 0 8],"tf.Tensor([ 0.9175822   1.2274599   1.0210202   2.000631   -0.19475162  1.        ], shape=(6,), dtype=float32)",0.4,[9 2 2 2 3 5 0 0 0 0 0 3 0 0 0 4 0 0 0 0 0 30 0 0 8],False,"tf.Tensor(
[[ 0.9175822   1.2274599   1.0210202   2.000631   -0.19475162  3.5787618
   5.4233103   2.1553411   1.0128609   1.4406011   0.9740854  -1.7966604
   0.0357391   0.6742225   0.66063505  2.4230855   2.7736633   1.651924  ]], shape=(1, 18), dtype=float32)"
426,[9 2 2 2 3 5 0 0 0 0 0 3 0 0 0 4 0 0 0 0 0 30 0 0 8],"tf.Tensor([1.1922231  1.5504783  0.65647995 1.8943584  0.6884245  1.        ], shape=(6,), dtype=float32)",0.0,[9 3 2 2 3 5 0 0 0 0 0 3 0 0 0 4 0 0 0 0 0 30 0 0 8],False,"tf.Tensor(
[[ 1.1922231   1.5504783   0.65647995  1.8943584   0.6884245   1.6539516
   3.5041726   2.557283    0.5275579   0.824008    0.802559   -0.95986074
   1.0396473   1.9192147   0.83978367  1.2495569   2.1880772   1.010746  ]], shape=(1, 18), dtype=float32)"
427,[9 3 2 2 3 5 0 0 0 0 0 3 0 0 0 4 0 0 0 0 0 30 0 0 8],"tf.Tensor([1.1939878 1.5515643 0.6613136 1.8959502 0.6704191 1.       ], shape=(6,), dtype=float32)",8.0,[10 1 0 0 0 0 0 2 2 3 5 3 0 4 0 4 0 0 0 0 0 30 0 0 8],False,"tf.Tensor(
[[ 1.1939878   1.5515643   0.6613136   1.8959502   0.6704191   1.709171
   3.588125    2.5735292   0.5580287   0.86718315  0.775128   -0.98491424
   1.0137985   1.9259546   0.8475025   1.2771509   2.2024908   1.0508541 ]], shape=(1, 18), dtype=float32)"
428,[10 1 0 0 0 0 0 2 2 3 5 3 0 4 0 4 0 0 0 0 0 30 0 0 8],"tf.Tensor([1.5582976 2.1209564 1.1418976 2.059312  0.5721393 1.       ], shape=(6,), dtype=float32)",0.4,[10 2 5 1 2 2 0 0 0 0 0 5 0 4 0 4 0 0 0 0 0 30 0 0 8],False,"tf.Tensor(
[[ 1.5582976   2.1209564   1.1418976   2.059312    0.5721393   2.2192662
   3.6324637   2.164511    0.99799     0.86878383  1.12336    -1.4538757
   0.56390417  1.5144696   0.42434245  1.8585937   2.0350254   1.614954  ]], shape=(1, 18), dtype=float32)"
429,[10 2 5 1 2 2 0 0 0 0 0 5 0 4 0 4 0 0 0 0 0 30 0 0 8],"tf.Tensor([1.4918923 1.7610826 0.776174  1.9755266 1.0921793 1.       ], shape=(6,), dtype=float32)",0.1,[10 3 5 1 2 2 5 0 0 0 0 0 0 4 0 4 0 0 0 0 0 30 0 0 8],False,"tf.Tensor(
[[ 1.4918923  1.7610826  0.776174   1.9755266  1.0921793  1.7177001
   3.057908   2.41251    0.894741   0.7853803  1.2070583 -0.6285738
   1.4251562  2.0550187  0.888046   1.402988   2.2454233  1.1998163]], shape=(1, 18), dtype=float32)"
430,[10 3 5 1 2 2 5 0 0 0 0 0 0 4 0 4 0 0 0 0 0 30 0 0 8],"tf.Tensor([1.4331069  2.2500448  0.48781592 1.9608083  1.1593294  1.        ], shape=(6,), dtype=float32)",0.0,[11 1 0 0 0 0 0 5 1 2 2 2 0 4 0 4 0 0 0 0 0 30 0 0 8],False,"tf.Tensor(
[[ 1.4331069   2.2500448   0.48781592  1.9608083   1.1593294   2.232373
   3.054756    2.8702602   0.64883214  1.0514997   1.0456862  -1.1114429
   0.98097545  2.057614    0.21947914  1.9534161   2.3688722   1.325957  ]], shape=(1, 18), dtype=float32)"
431,[11 1 0 0 0 0 0 5 1 2 2 2 0 4 0 4 0 0 0 0 0 30 0 0 8],"tf.Tensor([ 1.093827    1.5725611   0.93918246  1.9613847  -0.25430095  1.        ], shape=(6,), dtype=float32)",0.4,[11 2 1 1 4 3 0 0 0 0 0 6 0 4 0 4 0 0 0 0 0 30 0 0 8],False,"tf.Tensor(
[[ 1.093827    1.5725611   0.93918246  1.9613847  -0.25430095  2.2163265
   4.2337346   2.0907698   0.34708327  1.4021621   0.9321076  -1.5456642
   0.0483005   0.8847725   0.34941316  1.6813552   1.8514626   1.6901395 ]], shape=(1, 18), dtype=float32)"
432,[11 2 1 1 4 3 0 0 0 0 0 6 0 4 0 4 0 0 0 0 0 30 0 0 8],"tf.Tensor([1.7499247 1.8389595 0.8376114 1.9609973 1.4868673 8.       ], shape=(6,), dtype=float32)",0.1,[11 3 1 1 4 3 6 0 0 0 0 0 0 4 0 4 0 0 0 0 0 30 0 0 8],False,"tf.Tensor(
[[ 1.7499247   1.8389595   0.8376114   1.9609973   1.4868673   1.2514789
   2.2356255   2.4709358   0.87395275  0.57711905  1.2636179  -0.3145735
   1.6388621   2.594797    0.9649128   0.92416537  1.9346448   1.1497307 ]], shape=(1, 18), dtype=float32)"
433,[11 3 1 1 4 3 6 0 0 0 0 0 0 4 0 4 0 0 0 0 0 30 0 0 8],"tf.Tensor([1.8314929  2.3004332  0.76049405 1.6828429  1.370475   2.        ], shape=(6,), dtype=float32)",6.0,[12 1 0 0 0 0 0 1 1 4 3 6 0 4 3 4 0 0 0 0 0 30 0 0 8],False,"tf.Tensor(
[[ 1.8314929   2.3004332   0.76049405  1.6828429   1.370475    1.5262669
   2.300189    2.9816563   0.6966483   0.87750936  0.72511303 -0.77795535
   0.81129473  2.3717372   0.02304279  1.2366796   1.7573602   1.3073443 ]], shape=(1, 18), dtype=float32)"
434,[12 1 0 0 0 0 0 1 1 4 3 6 0 4 3 4 0 0 0 0 0 30 0 0 8],[1 1 1 0 1 1],0.4,[12 2 6 1 1 2 0 0 0 0 6 0 0 4 3 4 0 0 0 0 0 30 0 0 8],False,"tf.Tensor(
[[ 1.9631467   1.52428     1.4649962   2.043469    1.1425322   1.7695712
   2.8073037   2.1419322   2.0793371   0.9141169   1.7476758  -0.13810685
   1.5511699   2.1457748   1.514745    1.4584987   1.8971307   1.5573926 ]], shape=(1, 18), dtype=float32)"
435,[12 2 6 1 1 2 0 0 0 0 6 0 0 4 3 4 0 0 0 0 0 30 0 0 8],"tf.Tensor([1.5667565  1.8922368  0.71387047 1.9152195  0.725671   1.        ], shape=(6,), dtype=float32)",0.1,[12 3 6 1 1 2 6 0 0 0 0 0 0 4 3 4 0 0 0 0 0 30 0 0 8],False,"tf.Tensor(
[[ 1.5667565   1.8922368   0.71387047  1.9152195   0.725671    2.3837004
   3.405602    3.1497269   0.9489749   1.3803931   1.0920564  -0.9065115
   0.56086874  1.9227848   0.2893564   1.9091218   2.2213354   1.5243224 ]], shape=(1, 18), dtype=float32)"
436,[12 3 6 1 1 2 6 0 0 0 0 0 0 4 3 4 0 0 0 0 0 30 0 0 8],"tf.Tensor([1.4992423 1.7836095 0.6509208 1.9991158 1.2925973 1.       ], shape=(6,), dtype=float32)",-4.0,[13 1 0 0 0 0 0 6 1 1 4 2 0 2 3 4 0 0 0 0 0 30 0 0 8],False,"tf.Tensor(
[[ 1.4992423   1.7836095   0.6509208   1.9991158   1.2925973   2.2840424
   3.1792684   3.0519547   1.1682323   1.2895647   1.4690505  -0.40102753
   1.3606864   2.3076513   0.73321295  2.0013607   2.4409373   1.4433631 ]], shape=(1, 18), dtype=float32)"
437,[13 1 0 0 0 0 0 6 1 1 4 2 0 2 3 4 0 0 0 0 0 30 0 0 8],"tf.Tensor([ 1.268177    1.3249893   1.0411791   1.8516301  -0.24917018  1.        ], shape=(6,), dtype=float32)",0.4,[13 2 3 1 6 5 0 0 0 0 0 3 0 2 3 4 0 0 0 0 0 30 0 0 8],False,"tf.Tensor(
[[ 1.268177    1.3249893   1.0411791   1.8516301  -0.24917018  2.3144152
   4.4525886   2.16746     0.61345583  1.8313498   0.98895186 -0.9456081
   0.1234282   1.2103453   0.6078911   1.456228    1.8644619   1.8621498 ]], shape=(1, 18), dtype=float32)"
438,[13 2 3 1 6 5 0 0 0 0 0 3 0 2 3 4 0 0 0 0 0 30 0 0 8],"tf.Tensor([1.3219874  1.5961548  0.72998023 1.8133694  1.1826451  2.        ], shape=(6,), dtype=float32)",0.1,[13 3 3 1 6 5 3 0 0 0 0 0 0 2 3 4 0 0 0 0 0 30 0 0 8],False,"tf.Tensor(
[[1.3219874  1.5961548  0.72998023 1.8133694  1.1826451  1.3847857
  2.6689336  3.1213512  0.90217954 1.111015   1.5786337  0.02650215
  1.6647397  2.6312768  1.1209228  0.96359766 2.2686577  0.81024706]], shape=(1, 18), dtype=float32)"
439,[13 3 3 1 6 5 3 0 0 0 0 0 0 2 3 4 0 0 0 0 0 30 0 0 8],"tf.Tensor([1.2697992 1.7235972 0.454634  1.8038002 1.0510014 2.       ], shape=(6,), dtype=float32)",6.0,[14 1 0 0 0 0 0 3 1 6 5 2 0 2 6 4 0 0 0 0 0 30 0 0 8],True,"tf.Tensor(
[[ 1.2697992   1.7235972   0.454634    1.8038002   1.0510014   1.7214907
   2.82541     3.259101    0.6336024   1.2343991   1.2194786  -0.28603944
   1.2476391   2.50783     0.6966303   1.2221277   2.2801497   1.0098137 ]], shape=(1, 18), dtype=float32)"
440,[1 1 0 0 0 0 0 5 1 3 6 3 0 0 0 0 0 0 0 0 0 0 0 0 0],"tf.Tensor([ 2.2596898  3.0561602  1.6100819  1.6435989  3.5127988 11.       ], shape=(6,), dtype=float32)",0.5,[1 2 5 1 3 6 3 0 0 0 0 0 0 0 0 0 0 0 0 0 0 0 0 0 0],False,"tf.Tensor(
[[2.2596898 3.0561602 1.6100819 1.6435989 3.5127988 3.1272602 3.2561243
  1.842764  3.8971202 1.2680119 2.3122625 2.3456361 3.607667  3.3239791
  3.0892243 2.6557455 4.337281  2.1233401]], shape=(1, 18), dtype=float32)"
441,[1 2 5 1 3 6 3 0 0 0 0 0 0 0 0 0 0 0 0 0 0 0 0 0 0],[ 0  0  1  1  0 12],0.0,[1 3 5 1 3 6 3 0 0 0 0 0 0 0 0 0 0 0 0 0 0 0 0 0 0],False,"tf.Tensor(
[[2.4771287 2.5740504 1.7557659 2.3757994 3.3008914 2.3887792 2.8851967
  2.2785788 3.5516012 1.7161075 2.731555  2.2828448 3.346972  2.3189664
  3.0464387 3.3049839 3.4927707 3.011024 ]], shape=(1, 18), dtype=float32)"
442,[1 3 5 1 3 6 3 0 0 0 0 0 0 0 0 0 0 0 0 0 0 0 0 0 0],"tf.Tensor([2.6017773 2.6030805 1.8781583 2.4683163 3.3618236 3.       ], shape=(6,), dtype=float32)",0.0,[2 1 0 0 0 0 0 5 1 3 6 3 0 0 0 0 0 0 0 0 0 0 0 0 0],False,"tf.Tensor(
[[2.6017773 2.6030805 1.8781583 2.4683163 3.3618236 2.4494162 2.914875
  2.3961713 3.673963  1.7802374 2.8489466 2.3051622 3.4228606 2.3339386
  3.1595812 3.3548377 3.607416  3.1008086]], shape=(1, 18), dtype=float32)"
443,[2 1 0 0 0 0 0 5 1 3 6 3 0 0 0 0 0 0 0 0 0 0 0 0 0],"tf.Tensor([ 2.3950794  3.0821202  1.6202518  1.6964262  3.495041  11.       ], shape=(6,), dtype=float32)",0.5,[2 2 6 6 3 6 6 0 0 0 0 0 0 0 0 0 0 0 0 0 0 0 0 0 0],False,"tf.Tensor(
[[2.3950794 3.0821202 1.6202518 1.6964262 3.495041  3.2524662 3.397738
  1.9453826 3.999804  1.3035325 2.3406854 2.3645508 3.6664977 3.5069165
  3.142479  2.720468  4.453176  2.139833 ]], shape=(1, 18), dtype=float32)"
444,[2 2 6 6 3 6 6 0 0 0 0 0 0 0 0 0 0 0 0 0 0 0 0 0 0],"tf.Tensor([3.8586848 3.69069   2.511224  3.521595  4.393766  3.       ], shape=(6,), dtype=float32)",0.0,[2 3 6 6 3 6 6 0 0 0 0 0 0 0 0 0 0 0 0 0 0 0 0 0 0],False,"tf.Tensor(
[[3.8586848 3.69069   2.511224  3.521595  4.393766  3.214015  3.2783897
  3.4041357 4.794973  2.612206  3.7712297 2.7011168 4.7315116 3.0929048
  4.341877  4.488542  4.720816  4.2317467]], shape=(1, 18), dtype=float32)"
445,[2 3 6 6 3 6 6 0 0 0 0 0 0 0 0 0 0 0 0 0 0 0 0 0 0],"tf.Tensor([3.8923097 3.6806583 2.5581214 3.544242  4.4620686 7.       ], shape=(6,), dtype=float32)",54.0,[3 1 0 0 0 0 0 6 6 3 6 6 0 0 0 0 0 0 0 27 0 0 0 0 0],False,"tf.Tensor(
[[3.8923097 3.6806583 2.5581214 3.544242  4.4620686 3.2888856 3.4294744
  3.3956838 4.8904195 2.652031  3.8276963 2.6573257 4.8972144 3.143125
  4.4600697 4.5705748 4.745909  4.3353677]], shape=(1, 18), dtype=float32)"
446,[3 1 0 0 0 0 0 6 6 3 6 6 0 0 0 0 0 0 0 27 0 0 0 0 0],"tf.Tensor([1.967822  4.749329  4.301183  3.6250992 4.0020857 9.       ], shape=(6,), dtype=float32)",0.5,[3 2 2 1 3 5 4 0 0 0 0 0 0 0 0 0 0 0 0 27 0 0 0 0 0],False,"tf.Tensor(
[[ 1.967822    4.749329    4.301183    3.6250992   4.0020857  -0.02248859
   3.8394196   5.815204    5.3722754   5.431542    5.7218866   3.4805484
   4.1387663   2.1842332   6.04203     4.4247894   4.8589582   2.1999712 ]], shape=(1, 18), dtype=float32)"
447,[3 2 2 1 3 5 4 0 0 0 0 0 0 0 0 0 0 0 0 27 0 0 0 0 0],"tf.Tensor([1.3884103 3.2340496 4.3071437 3.270702  2.6440816 9.       ], shape=(6,), dtype=float32)",0.0,[3 3 2 1 3 5 4 0 0 0 0 0 0 0 0 0 0 0 0 27 0 0 0 0 0],False,"tf.Tensor(
[[ 1.3884103  3.2340496  4.3071437  3.270702   2.6440816 -0.350474
   4.3384514  5.8000326  4.771956   5.222173   5.500024   4.171944
   3.2486231  1.14816    5.9671874  4.990132   3.6434014  2.5083833]], shape=(1, 18), dtype=float32)"
448,[3 3 2 1 3 5 4 0 0 0 0 0 0 0 0 0 0 0 0 27 0 0 0 0 0],"tf.Tensor([1.4171848 3.2094915 4.442229  3.2358894 2.6256928 9.       ], shape=(6,), dtype=float32)",60.0,[4 1 0 0 0 0 0 2 1 3 5 4 0 0 0 0 0 0 0 27 0 30 0 0 0],False,"tf.Tensor(
[[ 1.4171848  3.2094915  4.442229   3.2358894  2.6256928 -0.3113051
   4.364726   5.8990593  4.8084016  5.2657456  5.5117197  4.186201
   3.329549   1.1385045  6.057323   4.9635954  3.6873085  2.503491 ]], shape=(1, 18), dtype=float32)"
449,[4 1 0 0 0 0 0 2 1 3 5 4 0 0 0 0 0 0 0 27 0 30 0 0 0],"tf.Tensor([1.4164498 2.2889783 1.0703607 1.5758574 1.5730401 3.       ], shape=(6,), dtype=float32)",0.5,[4 2 6 4 4 4 3 0 0 0 0 0 0 0 0 0 0 0 0 27 0 30 0 0 0],False,"tf.Tensor(
[[1.4164498  2.2889783  1.0703607  1.5758574  1.5730401  3.163844
  5.1532736  1.953474   5.580033   2.5874686  2.0077481  2.106318
  0.74315524 1.605117   3.4145048  2.1858435  3.97704    2.3914046 ]], shape=(1, 18), dtype=float32)"
450,[4 2 6 4 4 4 3 0 0 0 0 0 0 0 0 0 0 0 0 27 0 30 0 0 0],"tf.Tensor([1.9422014 1.9043794 2.507544  2.0482326 2.028256  1.       ], shape=(6,), dtype=float32)",0.0,[4 3 6 4 4 4 3 0 0 0 0 0 0 0 0 0 0 0 0 27 0 30 0 0 0],False,"tf.Tensor(
[[1.9422014 1.9043794 2.507544  2.0482326 2.028256  2.653253  6.320764
  3.6787186 5.6625056 3.4689627 3.2255974 3.7212243 2.015357  1.9753247
  4.555257  3.2232003 4.4136233 2.809602 ]], shape=(1, 18), dtype=float32)"
451,[4 3 6 4 4 4 3 0 0 0 0 0 0 0 0 0 0 0 0 27 0 30 0 0 0],"tf.Tensor([1.9581548 1.8228362 2.586662  2.0438359 1.9821571 1.       ], shape=(6,), dtype=float32)",0.0,[5 1 0 0 0 0 0 6 4 4 4 3 0 0 0 0 0 0 0 27 0 30 0 0 0],False,"tf.Tensor(
[[1.9581548 1.8228362 2.586662  2.0438359 1.9821571 2.6959372 6.3966503
  3.6976635 5.6641655 3.5024157 3.216886  3.6645203 2.0700717 1.9544346
  4.624764  3.24181   4.383323  2.8600814]], shape=(1, 18), dtype=float32)"
452,[5 1 0 0 0 0 0 6 4 4 4 3 0 0 0 0 0 0 0 27 0 30 0 0 0],"tf.Tensor([1.4871011 1.7275304 1.2710139 1.8109591 1.2627666 1.       ], shape=(6,), dtype=float32)",0.5,[5 2 1 5 2 1 6 0 0 0 0 0 0 0 0 0 0 0 0 27 0 30 0 0 0],False,"tf.Tensor(
[[1.4871011  1.7275304  1.2710139  1.8109591  1.2627666  3.159739
  5.6628895  2.0046227  4.9999666  2.6390157  1.9688154  1.2784961
  0.82019293 1.7919478  3.4197013  2.0639455  3.7245152  2.77254   ]], shape=(1, 18), dtype=float32)"
453,[5 2 1 5 2 1 6 0 0 0 0 0 0 0 0 0 0 0 0 27 0 30 0 0 0],[0 1 1 0 0 0],0.0,[5 3 1 5 2 1 6 0 0 0 0 0 0 0 0 0 0 0 0 27 0 30 0 0 0],False,"tf.Tensor(
[[1.4647908 1.5484182 1.9743047 1.6555856 1.6968542 2.366714  5.9549932
  3.0090005 5.384549  3.2753506 3.2125125 2.9331062 1.4750291 1.7604526
  4.0198455 2.8290472 3.5960515 2.3932145]], shape=(1, 18), dtype=float32)"
454,[5 3 1 5 2 1 6 0 0 0 0 0 0 0 0 0 0 0 0 27 0 30 0 0 0],"tf.Tensor([1.4827032 1.4632998 2.0422032 1.6619208 1.6477298 1.       ], shape=(6,), dtype=float32)",4.0,[6 1 0 0 0 0 0 1 5 2 1 6 0 2 0 0 0 0 0 27 0 30 0 0 0],False,"tf.Tensor(
[[1.4827032 1.4632998 2.0422032 1.6619208 1.6477298 2.4078646 6.020373
  3.0323114 5.370227  3.3092146 3.2055478 2.8821707 1.5276084 1.7563888
  4.091165  2.8434787 3.5666106 2.4425833]], shape=(1, 18), dtype=float32)"
455,[6 1 0 0 0 0 0 1 5 2 1 6 0 2 0 0 0 0 0 27 0 30 0 0 0],"tf.Tensor([1.2938421 1.6469458 1.6223181 1.6262963 1.337927  1.       ], shape=(6,), dtype=float32)",0.5,[6 2 5 5 2 5 4 0 0 0 0 0 0 2 0 0 0 0 0 27 0 30 0 0 0],False,"tf.Tensor(
[[1.2938421 1.6469458 1.6223181 1.6262963 1.337927  2.56349   5.8566084
  2.5806944 5.0877905 2.7603407 2.8185081 2.21559   1.1471078 1.6590793
  3.5465298 2.5947409 3.4048655 2.2544625]], shape=(1, 18), dtype=float32)"
456,[6 2 5 5 2 5 4 0 0 0 0 0 0 2 0 0 0 0 0 27 0 30 0 0 0],"tf.Tensor([1.858403  1.5918674 2.709218  1.9828266 1.925747  1.       ], shape=(6,), dtype=float32)",0.0,[6 3 5 5 2 5 4 0 0 0 0 0 0 2 0 0 0 0 0 27 0 30 0 0 0],False,"tf.Tensor(
[[1.858403  1.5918674 2.709218  1.9828266 1.925747  2.495934  6.6855164
  3.8778465 5.713153  3.6400948 3.6310477 3.875832  2.0315053 2.0718606
  4.677021  3.2886028 4.1949315 2.7662737]], shape=(1, 18), dtype=float32)"
457,[6 3 5 5 2 5 4 0 0 0 0 0 0 2 0 0 0 0 0 27 0 30 0 0 0],[1 1 1 0 0 7],-54.0,[7 1 0 0 0 0 0 5 5 2 5 4 0 2 0 0 0 0 0 0 0 30 0 0 0],False,"tf.Tensor(
[[1.8727372 1.5038617 2.781395  1.9744128 1.8771591 2.537726  6.7569976
  3.895928  5.7065563 3.6714668 3.6192331 3.821899  2.0812767 2.0565007
  4.7396913 3.2970018 4.163922  2.8110309]], shape=(1, 18), dtype=float32)"
458,[7 1 0 0 0 0 0 5 5 2 5 4 0 2 0 0 0 0 0 0 0 30 0 0 0],"tf.Tensor([1.4438785 2.417141  1.2003458 2.5932348 1.2930248 1.       ], shape=(6,), dtype=float32)",0.5,[7 2 1 4 3 4 5 0 0 0 0 0 0 2 0 0 0 0 0 0 0 30 0 0 0],False,"tf.Tensor(
[[ 1.4438785   2.417141    1.2003458   2.5932348   1.2930248   2.892085
   4.8287888   2.574157    1.0898726   0.7637161   1.8606021  -1.3208677
   1.35949     2.0405784   0.72979057  2.6747737   3.1774523   1.768533  ]], shape=(1, 18), dtype=float32)"
459,[7 2 1 4 3 4 5 0 0 0 0 0 0 2 0 0 0 0 0 0 0 30 0 0 0],[1 1 0 1 1 7],0.0,[7 3 1 4 3 4 5 0 0 0 0 0 0 2 0 0 0 0 0 0 0 30 0 0 0],False,"tf.Tensor(
[[ 1.2005192   2.275275    0.573445    2.1098468   1.7931889   1.4762995
   2.3902178   2.3199952   0.21598744  0.37754372  1.0425334  -1.0487521
   1.8777565   2.1299536   0.2528123   2.0100589   1.7433592   1.3054605 ]], shape=(1, 18), dtype=float32)"
460,[7 3 1 4 3 4 5 0 0 0 0 0 0 2 0 0 0 0 0 0 0 30 0 0 0],"tf.Tensor([1.1922911 2.3217833 0.5430039 2.1429205 1.819208  1.       ], shape=(6,), dtype=float32)",-4.0,[8 1 0 0 0 0 0 1 4 3 4 5 0 0 0 0 0 0 0 0 0 30 0 0 0],False,"tf.Tensor(
[[ 1.1922911   2.3217833   0.5430039   2.1429205   1.819208    1.5647358
   2.474641    2.3852432   0.21151817  0.39144766  1.0489912  -1.0818162
   1.8903003   2.1914473   0.25718388  2.0585716   1.8497376   1.3161573 ]], shape=(1, 18), dtype=float32)"
461,[8 1 0 0 0 0 0 1 4 3 4 5 0 0 0 0 0 0 0 0 0 30 0 0 0],"tf.Tensor([1.6011231 2.0051105 1.0287143 2.4268825 1.5258893 1.       ], shape=(6,), dtype=float32)",0.5,[8 2 6 2 1 6 3 0 0 0 0 0 0 0 0 0 0 0 0 0 0 30 0 0 0],False,"tf.Tensor(
[[ 1.6011231  2.0051105  1.0287143  2.4268825  1.5258893  3.099905
   4.512217   3.0799878  1.4603782  0.6181319  1.5565593 -1.1242846
   1.3181852  2.4271147  0.9309956  2.6346893  3.3869996  1.5031695]], shape=(1, 18), dtype=float32)"
462,[8 2 6 2 1 6 3 0 0 0 0 0 0 0 0 0 0 0 0 0 0 30 0 0 0],"tf.Tensor([1.0861952  2.377188   0.25010794 2.4666471  1.3973942  2.        ], shape=(6,), dtype=float32)",0.0,[8 3 6 2 1 6 3 0 0 0 0 0 0 0 0 0 0 0 0 0 0 30 0 0 0],False,"tf.Tensor(
[[ 1.0861952   2.377188    0.25010794  2.4666471   1.3973942   2.3057623
   3.5701723   3.6423757  -0.06921744  0.735635    1.4178392  -1.6556717
   1.4002066   2.5489113   0.16084264  2.4077942   2.8654919   0.9033982 ]], shape=(1, 18), dtype=float32)"
463,[8 3 6 2 1 6 3 0 0 0 0 0 0 0 0 0 0 0 0 0 0 30 0 0 0],"tf.Tensor([1.0951494 2.4038634 0.2274819 2.4984093 1.4510565 2.       ], shape=(6,), dtype=float32)",6.0,[9 1 0 0 0 0 0 6 2 1 6 3 0 0 3 0 0 0 0 0 0 30 0 0 0],False,"tf.Tensor(
[[ 1.0951494   2.4038634   0.2274819   2.4984093   1.4510565   2.4168744
   3.684963    3.7182548  -0.03983434  0.743374    1.4294176  -1.6750427
   1.4135461   2.6148424   0.17591539  2.4818163   2.9868405   0.9136635 ]], shape=(1, 18), dtype=float32)"
464,[9 1 0 0 0 0 0 6 2 1 6 3 0 0 3 0 0 0 0 0 0 30 0 0 0],[1 0 0 1 0 2],0.2,[9 2 5 6 0 0 0 0 1 3 0 1 0 0 3 0 0 0 0 0 0 30 0 0 0],False,"tf.Tensor(
[[ 1.328285    2.0744677   0.9981287   2.3352559   0.76211196  2.7115917
   4.6195216   2.524263    0.82463336  0.85096467  1.4671252  -1.4181876
   0.6606869   1.5902497   0.43548048  2.3607967   2.7520177   1.6398687 ]], shape=(1, 18), dtype=float32)"
465,[9 2 5 6 0 0 0 0 1 3 0 1 0 0 3 0 0 0 0 0 0 30 0 0 0],[0 1 0 1 0 0],0.1,[9 3 5 6 1 0 0 0 0 3 0 6 0 0 3 0 0 0 0 0 0 30 0 0 0],False,"tf.Tensor(
[[1.7475564  1.6680993  0.84986645 2.0649884  1.9085742  2.8259115
  3.8227186  3.902882   1.9070039  1.0497085  1.5059047  0.05736089
  1.6920757  2.894438   1.3119161  2.125287   3.5543592  1.2466578 ]], shape=(1, 18), dtype=float32)"
466,[9 3 5 6 1 0 0 0 0 3 0 6 0 0 3 0 0 0 0 0 0 30 0 0 0],"tf.Tensor([2.3154678 1.5980061 1.1684802 1.97344   2.5375848 2.       ], shape=(6,), dtype=float32)",0.0,[10 1 0 0 0 0 0 5 6 1 6 1 0 0 3 0 0 0 0 0 0 30 0 0 0],False,"tf.Tensor(
[[2.3154678  1.5980061  1.1684802  1.97344    2.5375848  2.608954
  3.1104865  3.4429922  2.7174258  0.86711085 2.010364   1.1346412
  2.2558804  3.1786199  1.6858901  1.884281   3.3770907  1.5188434 ]], shape=(1, 18), dtype=float32)"
467,[10 1 0 0 0 0 0 5 6 1 6 1 0 0 3 0 0 0 0 0 0 30 0 0 0],"tf.Tensor([1.2849547  1.8061615  1.3061625  2.4584513  0.57716715 1.        ], shape=(6,), dtype=float32)",0.4,[10 2 1 1 3 3 0 0 0 0 0 5 0 0 3 0 0 0 0 0 0 30 0 0 0],False,"tf.Tensor(
[[ 1.2849547   1.8061615   1.3061625   2.4584513   0.57716715  3.1690803
   5.289364    2.5220509   1.0886773   0.9955191   1.788354   -1.5978792
   0.65595466  1.4644966   0.4786274   2.964832    2.7071643   1.8997872 ]], shape=(1, 18), dtype=float32)"
468,[10 2 1 1 3 3 0 0 0 0 0 5 0 0 3 0 0 0 0 0 0 30 0 0 0],[ 1  0  1  0  0 11],0.0,[10 3 1 1 3 3 0 0 0 0 0 6 0 0 3 0 0 0 0 0 0 30 0 0 0],False,"tf.Tensor(
[[ 1.3620411   1.3826039   0.53870434  1.9959347   1.3985468   1.86075
   3.2427554   2.7733223   0.59823453  0.3849892   1.1505193  -0.51298934
   1.3707682   2.2897768   0.6934854   1.5844582   2.3789194   1.0122567 ]], shape=(1, 18), dtype=float32)"
469,[10 3 1 1 3 3 0 0 0 0 0 6 0 0 3 0 0 0 0 0 0 30 0 0 0],"tf.Tensor([1.4813683 1.4146103 0.5396335 2.0230134 1.6515422 1.       ], shape=(6,), dtype=float32)",0.0,[11 1 0 0 0 0 0 1 1 3 3 2 0 0 3 0 0 0 0 0 0 30 0 0 0],False,"tf.Tensor(
[[ 1.4813683   1.4146103   0.5396335   2.0230134   1.6515422   2.0266423
   3.2827063   2.7774746   0.8434366   0.36899984  1.2356228  -0.31837222
   1.5531001   2.4865975   0.8440578   1.6453263   2.5739226   1.0827422 ]], shape=(1, 18), dtype=float32)"
470,[11 1 0 0 0 0 0 1 1 3 3 2 0 0 3 0 0 0 0 0 0 30 0 0 0],"tf.Tensor([1.1173897  1.3590003  0.82105094 1.9671447  0.380441   1.        ], shape=(6,), dtype=float32)",0.30000000000000004,[11 2 1 2 3 0 0 0 0 2 0 5 0 0 3 0 0 0 0 0 0 30 0 0 0],False,"tf.Tensor(
[[ 1.1173897   1.3590003   0.82105094  1.9671447   0.380441    2.7221966
   4.2416043   3.1081448   1.0117114   1.0084955   1.0767648  -1.3246264
   0.32331905  1.7169712   0.6356547   2.0959644   2.6351006   1.1892779 ]], shape=(1, 18), dtype=float32)"
471,[11 2 1 2 3 0 0 0 0 2 0 5 0 0 3 0 0 0 0 0 0 30 0 0 0],"tf.Tensor([1.4847305 1.2679979 0.6589372 1.9175732 1.5417223 1.       ], shape=(6,), dtype=float32)",0.1,[11 3 1 2 3 5 0 0 0 5 0 0 0 0 3 0 0 0 0 0 0 30 0 0 0],False,"tf.Tensor(
[[ 1.4847305   1.2679979   0.6589372   1.9175732   1.5417223   2.263135
   3.3083997   2.9799592   1.3517576   0.67335033  1.2782086  -0.08958615
   1.4282814   2.4652598   1.0981737   1.7519294   2.7611222   1.1433315 ]], shape=(1, 18), dtype=float32)"
472,[11 3 1 2 3 5 0 0 0 5 0 0 0 0 3 0 0 0 0 0 0 30 0 0 0],"tf.Tensor([1.2402539 1.3553741 0.7652635 2.030641  0.7829774 1.       ], shape=(6,), dtype=float32)",4.0,[12 1 0 0 0 0 0 1 2 4 3 5 0 2 3 0 0 0 0 0 0 30 0 0 0],False,"tf.Tensor(
[[ 1.2402539  1.3553741  0.7652635  2.030641   0.7829774  2.3274713
   3.3586812  3.2001288  1.1248242  1.0528237  1.6256324 -0.8255559
   0.912379   2.0031142  0.777277   2.0774043  2.383795   1.0279744]], shape=(1, 18), dtype=float32)"
473,[12 1 0 0 0 0 0 1 2 4 3 5 0 2 3 0 0 0 0 0 0 30 0 0 0],"tf.Tensor([1.819189  1.510657  1.2980571 2.2221944 1.45264   1.       ], shape=(6,), dtype=float32)",0.5,[12 2 6 2 4 1 4 0 0 0 0 0 0 2 3 0 0 0 0 0 0 30 0 0 0],False,"tf.Tensor(
[[ 1.819189    1.510657    1.2980571   2.2221944   1.45264     2.7737317
   4.117316    3.1026564   2.0317829   0.94423604  1.8839973  -0.30138355
   1.3623917   2.392873    1.291432    2.3739142   3.123667    1.5140553 ]], shape=(1, 18), dtype=float32)"
474,[12 2 6 2 4 1 4 0 0 0 0 0 0 2 3 0 0 0 0 0 0 30 0 0 0],"tf.Tensor([1.2225851  2.008706   0.33357167 2.3401368  2.018199   2.        ], shape=(6,), dtype=float32)",0.0,[12 3 6 2 4 1 4 0 0 0 0 0 0 2 3 0 0 0 0 0 0 30 0 0 0],False,"tf.Tensor(
[[ 1.2225851   2.008706    0.33357167  2.3401368   2.018199    2.3900924
   3.1912377   3.3844588   0.5944055   0.9179885   1.6547425  -0.29834005
   2.1421804   2.6954272   0.49241295  2.6963263   2.950864    1.4966977 ]], shape=(1, 18), dtype=float32)"
475,[12 3 6 2 4 1 4 0 0 0 0 0 0 2 3 0 0 0 0 0 0 30 0 0 0],[ 0  1  0  0  1 12],34.0,[13 1 0 0 0 0 0 6 2 4 1 4 0 2 3 0 0 0 0 0 0 30 0 0 17],False,"tf.Tensor(
[[ 1.2074515   2.0288718   0.30153626  2.3549418   2.065259    2.5029602
   3.2699103   3.43015     0.6092202   0.90712345  1.666555   -0.32992828
   2.1211257   2.7346904   0.49480644  2.744439    3.0428977   1.4907715 ]], shape=(1, 18), dtype=float32)"
476,[13 1 0 0 0 0 0 6 2 4 1 4 0 2 3 0 0 0 0 0 0 30 0 0 17],"tf.Tensor([1.9763602  1.3354249  1.9871022  2.6517127  0.69197094 1.        ], shape=(6,), dtype=float32)",0.4,[13 2 1 4 6 6 0 0 0 0 0 2 0 2 3 0 0 0 0 0 0 30 0 0 17],False,"tf.Tensor(
[[ 1.9763602   1.3354249   1.9871022   2.6517127   0.69197094  2.5272288
   3.9643393   2.311187    2.4550605   1.9757844   2.5496616  -0.3573563
   1.858255    1.8333614   2.2744944   2.3079162   2.0168693   2.4193854 ]], shape=(1, 18), dtype=float32)"
477,[13 2 1 4 6 6 0 0 0 0 0 2 0 2 3 0 0 0 0 0 0 30 0 0 17],"tf.Tensor([1.8474785 1.5636247 1.7424304 2.160642  1.443768  2.       ], shape=(6,), dtype=float32)",0.1,[13 3 1 4 6 6 2 0 0 0 0 0 0 2 3 0 0 0 0 0 0 30 0 0 17],False,"tf.Tensor(
[[1.8474785  1.5636247  1.7424304  2.160642   1.443768   1.6170583
  2.844456   3.493713   2.6782744  2.2074223  2.9391985  0.99961245
  2.4201064  2.8292582  2.5924866  1.7902471  2.201274   1.6464396 ]], shape=(1, 18), dtype=float32)"
478,[13 3 1 4 6 6 2 0 0 0 0 0 0 2 3 0 0 0 0 0 0 30 0 0 17],"tf.Tensor([1.8617915 1.3952467 1.5729167 2.0856998 1.4212174 2.       ], shape=(6,), dtype=float32)",-6.0,[14 1 0 0 0 0 0 1 4 6 6 6 0 2 0 0 0 0 0 0 0 30 0 0 17],True,"tf.Tensor(
[[1.8617915 1.3952467 1.5729167 2.0856998 1.4212174 1.8431219 2.8561182
  3.3440194 2.6878684 2.0731394 2.8466043 1.1489294 2.2939725 2.9440355
  2.3723357 1.6521642 2.1765304 1.6922364]], shape=(1, 18), dtype=float32)"
479,[1 1 0 0 0 0 0 2 1 5 5 1 0 0 0 0 0 0 0 0 0 0 0 0 0],"tf.Tensor([ 2.0561256  2.441904   1.4240919  1.5737443  2.610324  11.       ], shape=(6,), dtype=float32)",0.5,[1 2 2 1 5 5 1 0 0 0 0 0 0 0 0 0 0 0 0 0 0 0 0 0 0],False,"tf.Tensor(
[[2.0561256 2.441904  1.4240919 1.5737443 2.610324  2.214498  2.1762462
  1.4655164 2.630449  1.2466635 1.9447243 1.8872409 3.1135952 3.0287478
  2.241404  2.368682  3.2071004 1.8621421]], shape=(1, 18), dtype=float32)"
480,[1 2 2 1 5 5 1 0 0 0 0 0 0 0 0 0 0 0 0 0 0 0 0 0 0],"tf.Tensor([ 2.3101032  2.2263916  1.7882124  2.4220655  2.0325687 10.       ], shape=(6,), dtype=float32)",0.0,[1 3 2 1 5 5 1 0 0 0 0 0 0 0 0 0 0 0 0 0 0 0 0 0 0],False,"tf.Tensor(
[[2.3101032 2.2263916 1.7882124 2.4220655 2.0325687 1.4799318 1.9241506
  2.572813  2.6011486 1.655319  2.582258  2.1832187 2.5095267 1.3656958
  2.77846   2.9496207 2.7539926 2.6581864]], shape=(1, 18), dtype=float32)"
481,[1 3 2 1 5 5 1 0 0 0 0 0 0 0 0 0 0 0 0 0 0 0 0 0 0],"tf.Tensor([ 2.3758492  2.1869724  1.8382555  2.5122182  2.097277  10.       ], shape=(6,), dtype=float32)",0.0,[2 1 0 0 0 0 0 2 1 5 5 1 0 0 0 0 0 0 0 0 0 0 0 0 0],False,"tf.Tensor(
[[2.3758492 2.1869724 1.8382555 2.5122182 2.097277  1.5638611 2.023222
  2.6507425 2.660957  1.6615738 2.691317  2.1833487 2.6070778 1.3330951
  2.8633218 3.0361362 2.829428  2.7583182]], shape=(1, 18), dtype=float32)"
482,[2 1 0 0 0 0 0 2 1 5 5 1 0 0 0 0 0 0 0 0 0 0 0 0 0],"tf.Tensor([ 2.1568525  2.4027672  1.4114461  1.6059028  2.666502  11.       ], shape=(6,), dtype=float32)",0.5,[2 2 4 3 5 1 4 0 0 0 0 0 0 0 0 0 0 0 0 0 0 0 0 0 0],False,"tf.Tensor(
[[2.1568525 2.4027672 1.4114461 1.6059028 2.666502  2.334748  2.4326587
  1.5055548 2.777842  1.2462232 1.8996716 1.9267374 3.1210625 3.1524634
  2.31466   2.4440422 3.3727221 1.8854942]], shape=(1, 18), dtype=float32)"
483,[2 2 4 3 5 1 4 0 0 0 0 0 0 0 0 0 0 0 0 0 0 0 0 0 0],[ 1  1  1  1  1 11],0.0,[2 3 4 3 5 1 4 0 0 0 0 0 0 0 0 0 0 0 0 0 0 0 0 0 0],False,"tf.Tensor(
[[2.7339222 2.6445448 2.0492902 2.7837853 2.8340101 2.1296525 2.3582973
  2.6963465 3.3344226 2.1457257 2.8822172 2.1180742 3.3804889 1.9594588
  3.495417  3.2724357 3.4962792 3.162862 ]], shape=(1, 18), dtype=float32)"
484,[2 3 4 3 5 1 4 0 0 0 0 0 0 0 0 0 0 0 0 0 0 0 0 0 0],"tf.Tensor([2.7764626 2.6805644 2.1739607 2.8288991 2.9235725 9.       ], shape=(6,), dtype=float32)",0.0,[3 1 0 0 0 0 0 4 3 5 1 4 0 0 0 0 0 0 0 0 0 0 0 0 0],False,"tf.Tensor(
[[2.7764626 2.6805644 2.1739607 2.8288991 2.9235725 2.1831222 2.5312462
  2.7574317 3.482607  2.222972  2.9922218 2.1510646 3.5202098 1.9979714
  3.6265962 3.3917227 3.5665615 3.2484968]], shape=(1, 18), dtype=float32)"
485,[3 1 0 0 0 0 0 4 3 5 1 4 0 0 0 0 0 0 0 0 0 0 0 0 0],"tf.Tensor([ 2.5373604  2.4766643  1.4920208  1.8492534  2.8974688 11.       ], shape=(6,), dtype=float32)",0.5,[3 2 4 5 3 4 1 0 0 0 0 0 0 0 0 0 0 0 0 0 0 0 0 0 0],False,"tf.Tensor(
[[2.5373604 2.4766643 1.4920208 1.8492534 2.8974688 2.5776842 2.7478404
  2.2344692 3.114643  1.454694  2.410071  2.036246  3.386643  3.0248857
  2.6364572 2.7899199 3.4448204 2.3883216]], shape=(1, 18), dtype=float32)"
486,[3 2 4 5 3 4 1 0 0 0 0 0 0 0 0 0 0 0 0 0 0 0 0 0 0],"tf.Tensor([ 2.8637114  2.4206696  2.0357137  2.7142222  2.8671184 10.       ], shape=(6,), dtype=float32)",0.0,[3 3 4 5 3 4 1 0 0 0 0 0 0 0 0 0 0 0 0 0 0 0 0 0 0],False,"tf.Tensor(
[[2.8637114 2.4206696 2.0357137 2.7142222 2.8671184 2.2466848 2.9210405
  2.9409368 3.4634047 2.0001523 2.9292784 2.329869  3.4015439 1.865848
  3.4102237 3.6504555 3.4015133 3.3988523]], shape=(1, 18), dtype=float32)"
487,[3 3 4 5 3 4 1 0 0 0 0 0 0 0 0 0 0 0 0 0 0 0 0 0 0],"tf.Tensor([ 2.9080036  2.4243488  2.1384292  2.7084186  2.9321299 10.       ], shape=(6,), dtype=float32)",0.0,[4 1 0 0 0 0 0 4 5 3 4 1 0 0 0 0 0 0 0 0 0 0 0 0 0],False,"tf.Tensor(
[[2.9080036 2.4243488 2.1384292 2.7084186 2.9321299 2.2894363 3.089614
  3.0035925 3.6036372 2.0893562 3.007568  2.3409195 3.5196385 1.9109415
  3.5229504 3.7138667 3.44414   3.4584591]], shape=(1, 18), dtype=float32)"
488,[4 1 0 0 0 0 0 4 5 3 4 1 0 0 0 0 0 0 0 0 0 0 0 0 0],[0 1 0 1 1 8],0.30000000000000004,[4 2 2 2 5 0 0 3 0 6 0 0 0 0 0 0 0 0 0 0 0 0 0 0 0],False,"tf.Tensor(
[[2.5272753 2.305198  1.2049693 2.285122  2.9839725 2.7739687 3.3236766
  2.2458806 3.0006385 1.3626508 2.670614  2.1302512 3.564764  3.356104
  2.7846437 3.1557398 3.5536592 2.7511618]], shape=(1, 18), dtype=float32)"
489,[4 2 2 2 5 0 0 3 0 6 0 0 0 0 0 0 0 0 0 0 0 0 0 0 0],"tf.Tensor([ 2.6505258  2.731238   1.480961   2.5591862  3.2787328 11.       ], shape=(6,), dtype=float32)",0.2,[4 3 2 2 5 3 6 0 0 0 0 0 0 0 0 0 0 0 0 0 0 0 0 0 0],False,"tf.Tensor(
[[2.6505258 2.731238  1.480961  2.5591862 3.2787328 2.728354  2.6754851
  2.1577466 3.344909  1.6565688 2.5871139 1.9434154 3.6594338 2.7378125
  3.2151992 3.241908  3.6899078 3.0739722]], shape=(1, 18), dtype=float32)"
490,[4 3 2 2 5 3 6 0 0 0 0 0 0 0 0 0 0 0 0 0 0 0 0 0 0],"tf.Tensor([3.025655  2.7834966 2.1605422 3.1691077 2.7147062 7.       ], shape=(6,), dtype=float32)",0.0,[5 1 0 0 0 0 0 2 2 5 2 5 0 0 0 0 0 0 0 0 0 0 0 0 0],False,"tf.Tensor(
[[3.025655  2.7834966 2.1605422 3.1691077 2.7147062 2.0729945 2.1656513
  2.971075  3.1482255 2.1255162 3.2201228 2.009278  3.692559  1.9462897
  3.5772014 3.5515466 3.3528795 3.550904 ]], shape=(1, 18), dtype=float32)"
491,[5 1 0 0 0 0 0 2 2 5 2 5 0 0 0 0 0 0 0 0 0 0 0 0 0],"tf.Tensor([2.6422548 2.5672545 1.5107687 1.6263784 2.7914858 8.       ], shape=(6,), dtype=float32)",0.5,[5 2 5 5 5 2 6 0 0 0 0 0 0 0 0 0 0 0 0 0 0 0 0 0 0],False,"tf.Tensor(
[[2.6422548 2.5672545 1.5107687 1.6263784 2.7914858 2.5528376 2.9147773
  2.069068  3.031015  1.3413268 2.304646  2.1842077 3.51009   3.5196733
  2.4266493 3.0366964 3.3162484 2.3221052]], shape=(1, 18), dtype=float32)"
492,[5 2 5 5 5 2 6 0 0 0 0 0 0 0 0 0 0 0 0 0 0 0 0 0 0],"tf.Tensor([3.659395  3.3478048 2.5455248 3.5766773 3.617578  7.       ], shape=(6,), dtype=float32)",0.0,[5 3 5 5 5 2 6 0 0 0 0 0 0 0 0 0 0 0 0 0 0 0 0 0 0],False,"tf.Tensor(
[[3.659395  3.3478048 2.5455248 3.5766773 3.617578  2.7535853 3.023735
  3.5214581 4.209275  2.7550054 3.7026973 2.4990218 4.4913373 2.5905406
  4.456689  4.2911797 4.299936  4.22824  ]], shape=(1, 18), dtype=float32)"
493,[5 3 5 5 5 2 6 0 0 0 0 0 0 0 0 0 0 0 0 0 0 0 0 0 0],"tf.Tensor([3.7028549 3.387304  2.661892  3.6193695 3.7156894 7.       ], shape=(6,), dtype=float32)",0.0,[6 1 0 0 0 0 0 5 5 5 2 6 0 0 0 0 0 0 0 0 0 0 0 0 0],False,"tf.Tensor(
[[3.7028549 3.387304  2.661892  3.6193695 3.7156894 2.8135633 3.2027845
  3.5793188 4.3602753 2.8297467 3.8083746 2.5304995 4.632829  2.6383288
  4.582443  4.415839  4.3685427 4.3173485]], shape=(1, 18), dtype=float32)"
494,[6 1 0 0 0 0 0 5 5 5 2 6 0 0 0 0 0 0 0 0 0 0 0 0 0],"tf.Tensor([ 3.3724253  3.2044272  1.7961526  2.4445622  3.9409952 11.       ], shape=(6,), dtype=float32)",0.5,[6 2 3 2 4 6 1 0 0 0 0 0 0 0 0 0 0 0 0 0 0 0 0 0 0],False,"tf.Tensor(
[[3.3724253 3.2044272 1.7961526 2.4445622 3.9409952 3.651427  4.2122374
  3.0190065 4.244608  1.790766  3.2732844 2.7534344 4.586697  4.360137
  3.5905552 3.9053059 4.669315  3.2209675]], shape=(1, 18), dtype=float32)"
495,[6 2 3 2 4 6 1 0 0 0 0 0 0 0 0 0 0 0 0 0 0 0 0 0 0],"tf.Tensor([ 2.8445942  2.0634468  1.8587006  2.9153383  2.5554502 10.       ], shape=(6,), dtype=float32)",0.0,[6 3 3 2 4 6 1 0 0 0 0 0 0 0 0 0 0 0 0 0 0 0 0 0 0],False,"tf.Tensor(
[[2.8445942 2.0634468 1.8587006 2.9153383 2.5554502 2.1031988 3.1011586
  3.1917686 2.8833308 1.8445526 3.1347773 2.5657732 3.4225926 1.8460574
  3.3021412 3.785102  3.2576478 3.6201816]], shape=(1, 18), dtype=float32)"
496,[6 3 3 2 4 6 1 0 0 0 0 0 0 0 0 0 0 0 0 0 0 0 0 0 0],"tf.Tensor([ 2.8593946  2.0550163  1.9631895  2.9704409  2.5864768 10.       ], shape=(6,), dtype=float32)",0.0,[7 1 0 0 0 0 0 3 2 4 6 1 0 0 0 0 0 0 0 0 0 0 0 0 0],False,"tf.Tensor(
[[2.8593946 2.0550163 1.9631895 2.9704409 2.5864768 2.1296895 3.2482228
  3.2431407 2.9593372 1.924308  3.2218115 2.5773406 3.5402446 1.8590673
  3.432351  3.87327   3.304325  3.6988156]], shape=(1, 18), dtype=float32)"
497,[7 1 0 0 0 0 0 3 2 4 6 1 0 0 0 0 0 0 0 0 0 0 0 0 0],"tf.Tensor([ 2.9908774  2.3735058  1.3435459  2.228604   2.9269836 11.       ], shape=(6,), dtype=float32)",0.5,[7 2 6 4 4 2 2 0 0 0 0 0 0 0 0 0 0 0 0 0 0 0 0 0 0],False,"tf.Tensor(
[[2.9908774 2.3735058 1.3435459 2.228604  2.9269836 3.4259663 4.135777
  2.3619463 3.6303775 1.1336108 2.3674498 2.242512  3.6681793 3.8836346
  3.0188053 3.3207564 4.3288193 2.585055 ]], shape=(1, 18), dtype=float32)"
498,[7 2 6 4 4 2 2 0 0 0 0 0 0 0 0 0 0 0 0 0 0 0 0 0 0],"tf.Tensor([ 3.120977   2.558564   2.27016    3.1037526  3.3429456 10.       ], shape=(6,), dtype=float32)",0.0,[7 3 6 4 4 2 2 0 0 0 0 0 0 0 0 0 0 0 0 0 0 0 0 0 0],False,"tf.Tensor(
[[3.120977  2.558564  2.27016   3.1037526 3.3429456 2.5570545 3.6171408
  3.3016396 3.7502832 2.399084  3.4101388 2.7665007 4.149802  2.259692
  4.017828  4.2438655 3.9144266 4.03591  ]], shape=(1, 18), dtype=float32)"
499,[7 3 6 4 4 2 2 0 0 0 0 0 0 0 0 0 0 0 0 0 0 0 0 0 0],"tf.Tensor([ 3.1597965  2.5764618  2.4026833  3.1206489  3.474158  10.       ], shape=(6,), dtype=float32)",0.0,[8 1 0 0 0 0 0 6 4 4 2 2 0 0 0 0 0 0 0 0 0 0 0 0 0],False,"tf.Tensor(
[[3.1597965 2.5764618 2.4026833 3.1206489 3.474158  2.644658  3.8316188
  3.3361475 3.9476676 2.4934561 3.468599  2.7912843 4.316277  2.285721
  4.1628227 4.37251   4.000726  4.1358094]], shape=(1, 18), dtype=float32)"
500,[8 1 0 0 0 0 0 6 4 4 2 2 0 0 0 0 0 0 0 0 0 0 0 0 0],[1 1 0 1 1 7],0.4,[8 2 3 4 1 3 0 0 0 4 0 0 0 0 0 0 0 0 0 0 0 0 0 0 0],False,"tf.Tensor(
[[3.1939058 2.514718  1.3149557 2.9289072 3.2755046 3.6956317 4.308936
  2.9932487 3.566854  1.3911337 3.2160423 2.5563426 4.2137933 4.049886
  3.5674884 3.4760132 4.681325  3.2186692]], shape=(1, 18), dtype=float32)"
501,[8 2 3 4 1 3 0 0 0 4 0 0 0 0 0 0 0 0 0 0 0 0 0 0 0],"tf.Tensor([2.8999321 2.044917  1.8077563 2.3271132 2.711813  3.       ], shape=(6,), dtype=float32)",0.1,[8 3 3 4 1 3 4 0 0 0 0 0 0 0 0 0 0 0 0 0 0 0 0 0 0],False,"tf.Tensor(
[[2.8999321 2.044917  1.8077563 2.3271132 2.711813  2.668525  3.3523088
  2.55586   3.5639143 1.530024  2.4968393 2.0719209 3.5116305 2.341663
  2.9090083 3.1540508 3.538823  2.9964933]], shape=(1, 18), dtype=float32)"
502,[8 3 3 4 1 3 4 0 0 0 0 0 0 0 0 0 0 0 0 0 0 0 0 0 0],"tf.Tensor([2.7309687 2.2560785 1.8481741 2.4988558 2.9449475 7.       ], shape=(6,), dtype=float32)",0.0,[9 1 0 0 0 0 0 3 4 3 1 3 0 0 0 0 0 0 0 0 0 0 0 0 0],False,"tf.Tensor(
[[2.7309687 2.2560785 1.8481741 2.4988558 2.9449475 2.4892843 3.1690202
  2.623424  3.4394417 1.9407228 2.757453  2.196259  3.7377043 2.2912338
  3.2021635 3.3727121 3.3076847 3.442879 ]], shape=(1, 18), dtype=float32)"
503,[9 1 0 0 0 0 0 3 4 3 1 3 0 0 0 0 0 0 0 0 0 0 0 0 0],"tf.Tensor([2.8981302 1.9891874 1.254131  2.6131432 2.8895466 1.       ], shape=(6,), dtype=float32)",0.5,[9 2 6 1 2 5 4 0 0 0 0 0 0 0 0 0 0 0 0 0 0 0 0 0 0],False,"tf.Tensor(
[[2.8981302 1.9891874 1.254131  2.6131432 2.8895466 3.0886927 4.0045743
  2.7327542 3.1931887 1.302851  2.8659868 2.3432891 3.6647546 3.5730577
  2.8929765 3.1780167 3.9726675 2.9453778]], shape=(1, 18), dtype=float32)"
504,[9 2 6 1 2 5 4 0 0 0 0 0 0 0 0 0 0 0 0 0 0 0 0 0 0],"tf.Tensor([2.9648647 2.4364476 2.1144319 3.2674203 3.511142  7.       ], shape=(6,), dtype=float32)",0.0,[9 3 6 1 2 5 4 0 0 0 0 0 0 0 0 0 0 0 0 0 0 0 0 0 0],False,"tf.Tensor(
[[2.9648647 2.4364476 2.1144319 3.2674203 3.511142  2.8033714 3.9187593
  3.0848217 3.6388595 2.2462063 3.460998  2.7868824 4.368723  2.757978
  4.0065465 4.040319  4.233656  4.0602736]], shape=(1, 18), dtype=float32)"
505,[9 3 6 1 2 5 4 0 0 0 0 0 0 0 0 0 0 0 0 0 0 0 0 0 0],"tf.Tensor([3.0346472 2.4539406 2.2302573 3.2835996 3.6144068 7.       ], shape=(6,), dtype=float32)",0.0,[10 1 0 0 0 0 0 6 1 2 5 4 0 0 0 0 0 0 0 0 0 0 0 0 0],False,"tf.Tensor(
[[3.0346472 2.4539406 2.2302573 3.2835996 3.6144068 2.8695233 4.0783505
  3.1518004 3.8161235 2.3673031 3.5048492 2.7852135 4.5081115 2.768628
  4.1466694 4.1672964 4.283778  4.143965 ]], shape=(1, 18), dtype=float32)"
506,[10 1 0 0 0 0 0 6 1 2 5 4 0 0 0 0 0 0 0 0 0 0 0 0 0],"tf.Tensor([ 3.64403    2.8865743  1.7922062  2.8793912  3.3220265 11.       ], shape=(6,), dtype=float32)",0.5,[10 2 2 1 6 3 2 0 0 0 0 0 0 0 0 0 0 0 0 0 0 0 0 0 0],False,"tf.Tensor(
[[3.64403   2.8865743 1.7922062 2.8793912 3.3220265 3.93513   4.5291514
  3.3765283 4.2127123 1.4497644 3.2657673 2.9966013 4.370343  4.227011
  3.8163288 3.7512007 5.271667  3.1672275]], shape=(1, 18), dtype=float32)"
507,[10 2 2 1 6 3 2 0 0 0 0 0 0 0 0 0 0 0 0 0 0 0 0 0 0],[1 1 1 1 1 9],0.0,[10 3 2 1 6 3 2 0 0 0 0 0 0 0 0 0 0 0 0 0 0 0 0 0 0],False,"tf.Tensor(
[[3.0395043 1.7592012 1.7515107 3.1644626 2.2694921 2.5261054 3.4525561
  3.317915  3.039262  1.7900128 3.5666764 2.7265997 3.4086602 1.8792396
  3.4902976 4.2724943 2.9592972 4.22052  ]], shape=(1, 18), dtype=float32)"
508,[10 3 2 1 6 3 2 0 0 0 0 0 0 0 0 0 0 0 0 0 0 0 0 0 0],"tf.Tensor([ 3.0748634  1.780615   1.8620063  3.1785064  2.3709693 10.       ], shape=(6,), dtype=float32)",0.0,[11 1 0 0 0 0 0 2 1 6 3 2 0 0 0 0 0 0 0 0 0 0 0 0 0],False,"tf.Tensor(
[[3.0748634 1.780615  1.8620063 3.1785064 2.3709693 2.5974925 3.5826044
  3.357981  3.2237062 1.8878856 3.6431134 2.7708974 3.498634  1.9098036
  3.6107755 4.3575892 3.0099382 4.285385 ]], shape=(1, 18), dtype=float32)"
509,[11 1 0 0 0 0 0 2 1 6 3 2 0 0 0 0 0 0 0 0 0 0 0 0 0],"tf.Tensor([ 3.340422   2.2026207  1.5713192  2.6914275  2.960019  11.       ], shape=(6,), dtype=float32)",0.5,[11 2 3 6 1 3 6 0 0 0 0 0 0 0 0 0 0 0 0 0 0 0 0 0 0],False,"tf.Tensor(
[[3.340422  2.2026207 1.5713192 2.6914275 2.960019  3.5026968 4.3317842
  2.7037897 3.8612173 1.4052302 2.882705  2.420319  4.0184135 3.756144
  3.1860902 3.6331348 4.399696  3.07704  ]], shape=(1, 18), dtype=float32)"
510,[11 2 3 6 1 3 6 0 0 0 0 0 0 0 0 0 0 0 0 0 0 0 0 0 0],[ 0  1  0  0  1 12],0.0,[11 3 3 6 1 3 6 0 0 0 0 0 0 0 0 0 0 0 0 0 0 0 0 0 0],False,"tf.Tensor(
[[3.4224567 2.6812708 2.0716279 3.02055   3.332426  3.2023458 3.7285728
  3.0946074 4.186073  2.2196066 3.336826  2.6695201 4.372619  2.9767258
  3.7234693 4.0034313 3.9859765 4.0973577]], shape=(1, 18), dtype=float32)"
511,[11 3 3 6 1 3 6 0 0 0 0 0 0 0 0 0 0 0 0 0 0 0 0 0 0],"tf.Tensor([3.5009954 2.7672856 2.1822662 3.0297968 3.4576159 7.       ], shape=(6,), dtype=float32)",0.0,[12 1 0 0 0 0 0 3 6 1 3 6 0 0 0 0 0 0 0 0 0 0 0 0 0],False,"tf.Tensor(
[[3.5009954 2.7672856 2.1822662 3.0297968 3.4576159 3.291727  3.8107038
  3.1431503 4.400545  2.2980635 3.3924816 2.7142437 4.478646  3.0008855
  3.8197215 4.081407  4.064314  4.1795053]], shape=(1, 18), dtype=float32)"
512,[12 1 0 0 0 0 0 3 6 1 3 6 0 0 0 0 0 0 0 0 0 0 0 0 0],[0 1 0 1 1 6],0.30000000000000004,[12 2 2 6 2 0 0 5 0 2 0 0 0 0 0 0 0 0 0 0 0 0 0 0 0],False,"tf.Tensor(
[[3.7484891 2.9012282 1.744739  3.2557304 3.827495  3.6897452 4.9672112
  3.7994974 4.2579017 1.904957  3.8491943 3.1038122 4.6858873 4.3644137
  3.918542  4.2503834 4.867481  3.9376879]], shape=(1, 18), dtype=float32)"
513,[12 2 2 6 2 0 0 5 0 2 0 0 0 0 0 0 0 0 0 0 0 0 0 0 0],"tf.Tensor([3.5632114 2.231439  1.9364423 3.3827815 3.47556   1.       ], shape=(6,), dtype=float32)",0.2,[12 3 2 6 2 5 2 0 0 0 0 0 0 0 0 0 0 0 0 0 0 0 0 0 0],False,"tf.Tensor(
[[3.5632114 2.231439  1.9364423 3.3827815 3.47556   3.5352995 4.7568016
  3.495581  4.1416383 2.4002628 3.385349  3.0127697 4.64296   3.3785388
  4.233785  4.223616  4.7260017 4.3265014]], shape=(1, 18), dtype=float32)"
514,[12 3 2 6 2 5 2 0 0 0 0 0 0 0 0 0 0 0 0 0 0 0 0 0 0],"tf.Tensor([ 3.1788394  1.9710729  2.1101992  2.944451   3.0047631 12.       ], shape=(6,), dtype=float32)",34.0,[13 1 0 0 0 0 0 4 2 4 6 2 0 0 0 0 0 0 0 0 0 0 0 0 17],False,"tf.Tensor(
[[3.1788394 1.9710729 2.1101992 2.944451  3.0047631 3.1676016 4.368956
  3.3700647 4.1771164 2.2131603 3.5294402 3.1226506 3.9769359 2.4203815
  3.8430877 4.2895103 3.6026094 4.393603 ]], shape=(1, 18), dtype=float32)"
515,[13 1 0 0 0 0 0 4 2 4 6 2 0 0 0 0 0 0 0 0 0 0 0 0 17],"tf.Tensor([ 3.8617837  2.8708515  3.7472715  4.172131   2.4639366 11.       ], shape=(6,), dtype=float32)",0.5,[13 2 3 2 3 6 3 0 0 0 0 0 0 0 0 0 0 0 0 0 0 0 0 0 17],False,"tf.Tensor(
[[3.8617837 2.8708515 3.7472715 4.172131  2.4639366 3.0810077 5.4057484
  4.5253158 4.920531  3.0295331 4.7584167 4.1580653 5.1483374 2.9991887
  5.4916596 4.8889165 5.717173  4.2608223]], shape=(1, 18), dtype=float32)"
516,[13 2 3 2 3 6 3 0 0 0 0 0 0 0 0 0 0 0 0 0 0 0 0 0 17],"tf.Tensor([3.1314986 2.0643642 3.126405  3.4954557 2.1216903 9.       ], shape=(6,), dtype=float32)",0.0,[13 3 3 2 3 6 3 0 0 0 0 0 0 0 0 0 0 0 0 0 0 0 0 0 17],False,"tf.Tensor(
[[3.1314986 2.0643642 3.126405  3.4954557 2.1216903 2.5016592 5.3435655
  4.5015945 4.735262  3.6487074 4.8149257 3.8698583 4.1425853 2.0155015
  5.7263927 4.959031  3.664672  4.9482102]], shape=(1, 18), dtype=float32)"
517,[13 3 3 2 3 6 3 0 0 0 0 0 0 0 0 0 0 0 0 0 0 0 0 0 17],"tf.Tensor([3.195608  2.1053813 3.2976294 3.5142097 2.2024264 9.       ], shape=(6,), dtype=float32)",0.0,[14 1 0 0 0 0 0 3 2 3 6 3 0 0 0 0 0 0 0 0 0 0 0 0 17],True,"tf.Tensor(
[[3.195608  2.1053813 3.2976294 3.5142097 2.2024264 2.5349357 5.4695415
  4.593142  4.898895  3.7549171 4.9059477 3.9200928 4.2852955 2.0224416
  5.8502736 5.0189805 3.7578146 5.01101  ]], shape=(1, 18), dtype=float32)"
518,[1 1 0 0 0 0 0 3 2 5 4 4 0 0 0 0 0 0 0 0 0 0 0 0 0],"tf.Tensor([2.284626  2.8862972 1.6603079 1.6462884 3.1064982 7.       ], shape=(6,), dtype=float32)",0.5,[1 2 3 2 5 4 4 0 0 0 0 0 0 0 0 0 0 0 0 0 0 0 0 0 0],False,"tf.Tensor(
[[2.284626  2.8862972 1.6603079 1.6462884 3.1064982 2.4632344 2.6363685
  1.8380084 3.084827  1.4077117 2.322933  2.1694562 3.6056316 3.4271545
  2.5628572 2.8275638 3.4539578 2.1859927]], shape=(1, 18), dtype=float32)"
519,[1 2 3 2 5 4 4 0 0 0 0 0 0 0 0 0 0 0 0 0 0 0 0 0 0],[1 1 0 0 1 4],0.0,[1 3 3 2 5 4 4 0 0 0 0 0 0 0 0 0 0 0 0 0 0 0 0 0 0],False,"tf.Tensor(
[[2.7592158 2.6912663 1.9340667 2.701783  2.8994267 2.2493036 2.4197361
  2.6585894 3.3581738 1.7769812 2.8343492 2.250495  3.3142524 1.975874
  3.2371814 3.3222814 3.5281258 3.1049962]], shape=(1, 18), dtype=float32)"
520,[1 3 3 2 5 4 4 0 0 0 0 0 0 0 0 0 0 0 0 0 0 0 0 0 0],"tf.Tensor([ 2.8552768  2.7011158  2.0129092  2.7969248  2.9626386 11.       ], shape=(6,), dtype=float32)",0.0,[2 1 0 0 0 0 0 3 2 5 4 4 0 0 0 0 0 0 0 0 0 0 0 0 0],False,"tf.Tensor(
[[2.8552768 2.7011158 2.0129092 2.7969248 2.9626386 2.2543964 2.4257216
  2.7274978 3.4219542 1.8645247 2.9494078 2.2509792 3.4078295 1.9848783
  3.3103864 3.3906553 3.5611775 3.2033317]], shape=(1, 18), dtype=float32)"
521,[2 1 0 0 0 0 0 3 2 5 4 4 0 0 0 0 0 0 0 0 0 0 0 0 0],"tf.Tensor([2.4507174 2.870853  1.6908733 1.6596465 3.1115885 7.       ], shape=(6,), dtype=float32)",0.5,[2 2 1 3 3 4 1 0 0 0 0 0 0 0 0 0 0 0 0 0 0 0 0 0 0],False,"tf.Tensor(
[[2.4507174 2.870853  1.6908733 1.6596465 3.1115885 2.6141248 2.8347847
  1.9108765 3.2383556 1.4114026 2.3403316 2.2191696 3.6802046 3.5912573
  2.5819733 2.9149983 3.5874195 2.2087817]], shape=(1, 18), dtype=float32)"
522,[2 2 1 3 3 4 1 0 0 0 0 0 0 0 0 0 0 0 0 0 0 0 0 0 0],"tf.Tensor([ 2.25321    1.8871806  1.5893016  2.099744   1.9313982 10.       ], shape=(6,), dtype=float32)",0.0,[2 3 1 3 3 4 1 0 0 0 0 0 0 0 0 0 0 0 0 0 0 0 0 0 0],False,"tf.Tensor(
[[2.25321   1.8871806 1.5893016 2.099744  1.9313982 1.5589767 1.9115746
  2.3781705 2.5157137 1.4840705 2.2502115 1.7123319 2.3385396 1.2560947
  2.4726207 2.656525  2.4412563 2.4849398]], shape=(1, 18), dtype=float32)"
523,[2 3 1 3 3 4 1 0 0 0 0 0 0 0 0 0 0 0 0 0 0 0 0 0 0],"tf.Tensor([ 2.2931216  1.895396   1.6840429  2.1318464  1.9961864 10.       ], shape=(6,), dtype=float32)",0.0,[3 1 0 0 0 0 0 1 3 3 4 1 0 0 0 0 0 0 0 0 0 0 0 0 0],False,"tf.Tensor(
[[2.2931216 1.895396  1.6840429 2.1318464 1.9961864 1.5950581 2.0510566
  2.4341125 2.6129856 1.5512075 2.3450072 1.7279608 2.463515  1.2907743
  2.574266  2.7521036 2.4764595 2.5659547]], shape=(1, 18), dtype=float32)"
524,[3 1 0 0 0 0 0 1 3 3 4 1 0 0 0 0 0 0 0 0 0 0 0 0 0],"tf.Tensor([2.129366  1.9494313 1.2433045 1.5472481 2.176121  7.       ], shape=(6,), dtype=float32)",0.5,[3 2 1 4 3 4 6 0 0 0 0 0 0 0 0 0 0 0 0 0 0 0 0 0 0],False,"tf.Tensor(
[[2.129366  1.9494313 1.2433045 1.5472481 2.176121  1.9213065 2.2586367
  1.4701651 2.215703  1.0505471 1.841078  1.760759  2.7581065 2.7218177
  1.9693938 2.5665772 2.7069964 1.9804889]], shape=(1, 18), dtype=float32)"
525,[3 2 1 4 3 4 6 0 0 0 0 0 0 0 0 0 0 0 0 0 0 0 0 0 0],"tf.Tensor([2.9270241 2.6499653 2.015582  2.7744856 2.593921  7.       ], shape=(6,), dtype=float32)",0.0,[3 3 1 4 3 4 6 0 0 0 0 0 0 0 0 0 0 0 0 0 0 0 0 0 0],False,"tf.Tensor(
[[2.9270241 2.6499653 2.015582  2.7744856 2.593921  1.9807137 1.868819
  2.7529793 3.0895998 1.9533495 2.8747592 1.6605712 3.3116882 1.8894539
  3.1284866 3.1224751 3.0315063 3.1275477]], shape=(1, 18), dtype=float32)"
526,[3 3 1 4 3 4 6 0 0 0 0 0 0 0 0 0 0 0 0 0 0 0 0 0 0],"tf.Tensor([2.9550693 2.6492286 2.0772617 2.8105347 2.6617787 7.       ], shape=(6,), dtype=float32)",0.0,[4 1 0 0 0 0 0 1 4 3 4 6 0 0 0 0 0 0 0 0 0 0 0 0 0],False,"tf.Tensor(
[[2.9550693 2.6492286 2.0772617 2.8105347 2.6617787 2.0429301 2.0310738
  2.774182  3.1812518 2.016201  2.9424624 1.6567738 3.4586172 1.932437
  3.2544017 3.225572  3.0734115 3.2330267]], shape=(1, 18), dtype=float32)"
527,[4 1 0 0 0 0 0 1 4 3 4 6 0 0 0 0 0 0 0 0 0 0 0 0 0],"tf.Tensor([2.7016869 2.7551913 1.8074864 1.7581854 3.0524216 7.       ], shape=(6,), dtype=float32)",0.5,[4 2 4 3 2 1 4 0 0 0 0 0 0 0 0 0 0 0 0 0 0 0 0 0 0],False,"tf.Tensor(
[[2.7016869 2.7551913 1.8074864 1.7581854 3.0524216 2.5433223 3.1182444
  2.0440803 3.289459  1.4715161 2.612443  2.3147113 3.7269049 3.5720797
  2.6447902 3.3945947 3.454735  2.4800282]], shape=(1, 18), dtype=float32)"
528,[4 2 4 3 2 1 4 0 0 0 0 0 0 0 0 0 0 0 0 0 0 0 0 0 0],"tf.Tensor([2.3612926 2.215014  1.6604323 2.261988  2.6548588 7.       ], shape=(6,), dtype=float32)",0.0,[4 3 4 3 2 1 4 0 0 0 0 0 0 0 0 0 0 0 0 0 0 0 0 0 0],False,"tf.Tensor(
[[2.3612926 2.215014  1.6604323 2.261988  2.6548588 1.9361333 2.1756468
  2.2016535 2.8712056 1.8997704 2.4710844 1.5824333 3.1172361 1.9714465
  2.905159  2.859249  2.8019779 2.8113253]], shape=(1, 18), dtype=float32)"
529,[4 3 4 3 2 1 4 0 0 0 0 0 0 0 0 0 0 0 0 0 0 0 0 0 0],"tf.Tensor([2.398881  2.2471843 1.7746816 2.2878897 2.7664309 7.       ], shape=(6,), dtype=float32)",0.0,[5 1 0 0 0 0 0 4 3 2 1 4 0 0 0 0 0 0 0 0 0 0 0 0 0],False,"tf.Tensor(
[[2.398881  2.2471843 1.7746816 2.2878897 2.7664309 2.0126364 2.38702
  2.2528288 3.0447524 1.9722493 2.5572987 1.6282175 3.26014   2.0234952
  3.0305293 2.9765134 2.8903308 2.8944693]], shape=(1, 18), dtype=float32)"
530,[5 1 0 0 0 0 0 4 3 2 1 4 0 0 0 0 0 0 0 0 0 0 0 0 0],"tf.Tensor([ 2.3718894  2.2041097  1.2039527  1.8197736  2.6822166 11.       ], shape=(6,), dtype=float32)",0.5,[5 2 6 3 3 1 6 0 0 0 0 0 0 0 0 0 0 0 0 0 0 0 0 0 0],False,"tf.Tensor(
[[2.3718894 2.2041097 1.2039527 1.8197736 2.6822166 2.5574293 2.896386
  2.2470155 2.884954  1.2696979 2.2994962 1.8803692 3.0694797 2.9374757
  2.6272304 2.6335077 3.2705748 2.3199797]], shape=(1, 18), dtype=float32)"
531,[5 2 6 3 3 1 6 0 0 0 0 0 0 0 0 0 0 0 0 0 0 0 0 0 0],"tf.Tensor([2.921736  2.8925068 2.0175192 2.9194279 3.4317422 7.       ], shape=(6,), dtype=float32)",0.0,[5 3 6 3 3 1 6 0 0 0 0 0 0 0 0 0 0 0 0 0 0 0 0 0 0],False,"tf.Tensor(
[[2.921736  2.8925068 2.0175192 2.9194279 3.4317422 2.4103782 2.590693
  2.6788774 3.5495348 2.394597  3.1601136 2.077322  3.9674077 2.5758948
  3.7054765 3.5906878 3.6477923 3.5113957]], shape=(1, 18), dtype=float32)"
532,[5 3 6 3 3 1 6 0 0 0 0 0 0 0 0 0 0 0 0 0 0 0 0 0 0],[ 1  1  1  1  1 12],38.0,[6 1 0 0 0 0 0 6 3 3 1 6 0 0 0 0 0 0 0 0 0 0 0 0 19],False,"tf.Tensor(
[[2.9619868 2.924251  2.1274803 2.945525  3.5475647 2.4898696 2.7997668
  2.7270217 3.7199242 2.4619422 3.247694  2.1181517 4.113517  2.6318262
  3.8259006 3.711232  3.7321038 3.5974097]], shape=(1, 18), dtype=float32)"
533,[6 1 0 0 0 0 0 6 3 3 1 6 0 0 0 0 0 0 0 0 0 0 0 0 19],[1 1 1 1 0 4],0.4,[6 2 4 4 2 3 0 0 0 0 0 6 0 0 0 0 0 0 0 0 0 0 0 0 19],False,"tf.Tensor(
[[2.9847403 2.8407266 3.7322433 2.9690678 3.2294066 3.0769677 5.1655836
  3.3817592 5.0271645 3.2031047 3.7073562 3.0684004 5.307042  3.3224163
  5.047151  3.8123188 5.3450756 3.353143 ]], shape=(1, 18), dtype=float32)"
534,[6 2 4 4 2 3 0 0 0 0 0 6 0 0 0 0 0 0 0 0 0 0 0 0 19],"tf.Tensor([3.0196934 3.2892864 4.092255  3.5040185 2.7044861 9.       ], shape=(6,), dtype=float32)",0.1,[6 3 4 4 2 3 6 0 0 0 0 0 0 0 0 0 0 0 0 0 0 0 0 0 19],False,"tf.Tensor(
[[3.0196934 3.2892864 4.092255  3.5040185 2.7044861 1.807552  4.7238164
  4.40091   4.9874406 4.1105256 4.7909822 3.793834  4.572782  3.0125072
  5.308665  4.2790165 4.6913095 3.430276 ]], shape=(1, 18), dtype=float32)"
535,[6 3 4 4 2 3 6 0 0 0 0 0 0 0 0 0 0 0 0 0 0 0 0 0 19],"tf.Tensor([3.3887691 3.418749  3.6182244 3.5085313 3.1950562 9.       ], shape=(6,), dtype=float32)",0.0,[7 1 0 0 0 0 0 4 4 2 3 3 0 0 0 0 0 0 0 0 0 0 0 0 19],False,"tf.Tensor(
[[3.3887691 3.418749  3.6182244 3.5085313 3.1950562 2.52871   5.1304474
  4.2170496 5.342759  4.0108175 4.555698  3.3696754 5.050609  3.3514497
  5.642661  4.5669208 4.857943  4.042544 ]], shape=(1, 18), dtype=float32)"
536,[7 1 0 0 0 0 0 4 4 2 3 3 0 0 0 0 0 0 0 0 0 0 0 0 19],"tf.Tensor([ 3.1095338  2.3782039  3.5493867  3.11301    2.4358914 11.       ], shape=(6,), dtype=float32)",0.5,[7 2 3 2 3 5 3 0 0 0 0 0 0 0 0 0 0 0 0 0 0 0 0 0 19],False,"tf.Tensor(
[[3.1095338 2.3782039 3.5493867 3.11301   2.4358914 2.3931491 4.544604
  3.8003876 4.4364944 3.0623531 3.904512  3.2388895 4.347833  2.4769258
  4.5549107 3.8474896 4.592755  3.3704896]], shape=(1, 18), dtype=float32)"
537,[7 2 3 2 3 5 3 0 0 0 0 0 0 0 0 0 0 0 0 0 0 0 0 0 19],"tf.Tensor([2.7039824 2.5629802 3.2266119 3.370848  2.1549125 9.       ], shape=(6,), dtype=float32)",0.0,[7 3 3 2 3 5 3 0 0 0 0 0 0 0 0 0 0 0 0 0 0 0 0 0 19],False,"tf.Tensor(
[[2.7039824 2.5629802 3.2266119 3.370848  2.1549125 1.7895528 4.332959
  4.0605803 4.2015667 3.7071624 4.3589845 3.3935583 4.0611186 2.13199
  5.292405  4.1738396 3.7525852 4.011574 ]], shape=(1, 18), dtype=float32)"
538,[7 3 3 2 3 5 3 0 0 0 0 0 0 0 0 0 0 0 0 0 0 0 0 0 19],"tf.Tensor([2.756371  2.5785372 3.3536155 3.3682432 2.2468383 9.       ], shape=(6,), dtype=float32)",0.0,[8 1 0 0 0 0 0 3 2 3 5 3 0 0 0 0 0 0 0 0 0 0 0 0 19],False,"tf.Tensor(
[[2.756371  2.5785372 3.3536155 3.3682432 2.2468383 1.8151538 4.4379926
  4.144393  4.3380713 3.825083  4.426288  3.4349751 4.1900573 2.1043255
  5.423898  4.236756  3.7983124 4.113907 ]], shape=(1, 18), dtype=float32)"
539,[8 1 0 0 0 0 0 3 2 3 5 3 0 0 0 0 0 0 0 0 0 0 0 0 19],"tf.Tensor([ 3.238355   2.5564988  3.813112   3.4411337  2.363015  11.       ], shape=(6,), dtype=float32)",0.5,[8 2 3 1 1 3 4 0 0 0 0 0 0 0 0 0 0 0 0 0 0 0 0 0 19],False,"tf.Tensor(
[[3.238355  2.5564988 3.813112  3.4411337 2.363015  2.451165  4.5067616
  3.9814756 4.5702057 3.054261  4.2541604 3.6249301 4.4652    2.478384
  4.7209663 3.9842005 4.9122615 3.4672046]], shape=(1, 18), dtype=float32)"
540,[8 2 3 1 1 3 4 0 0 0 0 0 0 0 0 0 0 0 0 0 0 0 0 0 19],"tf.Tensor([2.63157   2.2585778 3.1479015 3.007579  1.8449649 9.       ], shape=(6,), dtype=float32)",0.0,[8 3 3 1 1 3 4 0 0 0 0 0 0 0 0 0 0 0 0 0 0 0 0 0 19],False,"tf.Tensor(
[[2.63157   2.2585778 3.1479015 3.007579  1.8449649 1.8600827 4.303524
  3.7846198 4.1461554 3.2634904 4.0224576 3.302894  3.6724634 1.9859195
  4.784399  3.8871098 3.685964  3.5324996]], shape=(1, 18), dtype=float32)"
541,[8 3 3 1 1 3 4 0 0 0 0 0 0 0 0 0 0 0 0 0 0 0 0 0 19],"tf.Tensor([2.6425052 2.2850084 3.2613008 3.0325334 1.9734015 9.       ], shape=(6,), dtype=float32)",0.0,[9 1 0 0 0 0 0 3 1 1 3 4 0 0 0 0 0 0 0 0 0 0 0 0 19],False,"tf.Tensor(
[[2.6425052 2.2850084 3.2613008 3.0325334 1.9734015 1.892326  4.486783
  3.8088229 4.265134  3.3490496 4.0760746 3.2929819 3.882182  1.9905198
  4.945523  3.9865875 3.7567883 3.6433723]], shape=(1, 18), dtype=float32)"
542,[9 1 0 0 0 0 0 3 1 1 3 4 0 0 0 0 0 0 0 0 0 0 0 0 19],"tf.Tensor([3.0408852 2.2634575 3.8649564 3.1422417 1.879425  9.       ], shape=(6,), dtype=float32)",0.5,[9 2 4 4 1 2 1 0 0 0 0 0 0 0 0 0 0 0 0 0 0 0 0 0 19],False,"tf.Tensor(
[[3.0408852 2.2634575 3.8649564 3.1422417 1.879425  2.1159353 4.28392
  4.093398  4.459321  3.0888152 4.2332363 3.7694986 3.9433324 1.9312665
  4.6779633 3.6226015 4.5492473 3.2795079]], shape=(1, 18), dtype=float32)"
543,[9 2 4 4 1 2 1 0 0 0 0 0 0 0 0 0 0 0 0 0 0 0 0 0 19],"tf.Tensor([2.7291594 2.401514  3.5787916 3.000791  2.1387386 9.       ], shape=(6,), dtype=float32)",0.0,[9 3 4 4 1 2 1 0 0 0 0 0 0 0 0 0 0 0 0 0 0 0 0 0 19],False,"tf.Tensor(
[[2.7291594 2.401514  3.5787916 3.000791  2.1387386 1.8528754 4.9561095
  4.0836787 4.813835  4.1519403 4.1703916 3.2353785 4.041002  2.2027242
  5.470845  4.3806233 3.635062  3.8535428]], shape=(1, 18), dtype=float32)"
544,[9 3 4 4 1 2 1 0 0 0 0 0 0 0 0 0 0 0 0 0 0 0 0 0 19],"tf.Tensor([2.737545  2.3956587 3.700127  3.0379395 2.2263565 9.       ], shape=(6,), dtype=float32)",0.0,[10 1 0 0 0 0 0 4 4 1 2 1 0 0 0 0 0 0 0 0 0 0 0 0 19],False,"tf.Tensor(
[[2.737545  2.3956587 3.700127  3.0379395 2.2263565 1.9163309 5.16972
  4.136836  4.978966  4.2319083 4.2469125 3.2043672 4.193814  2.1850536
  5.6274805 4.4412227 3.7159052 3.9278858]], shape=(1, 18), dtype=float32)"
545,[10 1 0 0 0 0 0 4 4 1 2 1 0 0 0 0 0 0 0 0 0 0 0 0 19],"tf.Tensor([3.1272037 1.8637466 3.4262064 3.2323322 1.4859364 9.       ], shape=(6,), dtype=float32)",0.5,[10 2 3 3 6 3 2 0 0 0 0 0 0 0 0 0 0 0 0 0 0 0 0 0 19],False,"tf.Tensor(
[[3.1272037 1.8637466 3.4262064 3.2323322 1.4859364 2.0203373 4.3487725
  4.3395433 3.914846  3.0888102 4.171741  3.620601  3.6721964 1.7886016
  4.7064734 3.826281  4.158088  3.574326 ]], shape=(1, 18), dtype=float32)"
546,[10 2 3 3 6 3 2 0 0 0 0 0 0 0 0 0 0 0 0 0 0 0 0 0 19],"tf.Tensor([3.0482097 2.5448613 3.2371488 3.6306176 2.207312  9.       ], shape=(6,), dtype=float32)",0.0,[10 3 3 3 6 3 2 0 0 0 0 0 0 0 0 0 0 0 0 0 0 0 0 0 19],False,"tf.Tensor(
[[3.0482097 2.5448613 3.2371488 3.6306176 2.207312  2.2068133 4.9711213
  4.5551176 4.8022304 4.1824784 4.8909545 3.7441003 4.1291065 2.1740024
  5.9149776 5.062739  3.4829543 4.9493194]], shape=(1, 18), dtype=float32)"
547,[10 3 3 3 6 3 2 0 0 0 0 0 0 0 0 0 0 0 0 0 0 0 0 0 19],"tf.Tensor([3.1230628 2.5167854 3.3867643 3.6441112 2.2793548 9.       ], shape=(6,), dtype=float32)",0.0,[11 1 0 0 0 0 0 3 3 6 3 2 0 0 0 0 0 0 0 0 0 0 0 0 19],False,"tf.Tensor(
[[3.1230628 2.5167854 3.3867643 3.6441112 2.2793548 2.2512622 5.095982
  4.6394143 4.9395986 4.257769  4.980786  3.8084896 4.2723217 2.1539078
  6.0292435 5.124612  3.5654745 5.0281096]], shape=(1, 18), dtype=float32)"
548,[11 1 0 0 0 0 0 3 3 6 3 2 0 0 0 0 0 0 0 0 0 0 0 0 19],"tf.Tensor([3.362876  2.7429428 3.7655911 3.9803443 2.3486693 9.       ], shape=(6,), dtype=float32)",0.5,[11 2 3 4 5 4 6 0 0 0 0 0 0 0 0 0 0 0 0 0 0 0 0 0 19],False,"tf.Tensor(
[[3.362876  2.7429428 3.7655911 3.9803443 2.3486693 2.4659498 4.931714
  4.2480645 4.4024553 3.2993186 4.508727  3.822769  4.960672  2.7070694
  5.26904   4.5615745 5.209613  3.9885097]], shape=(1, 18), dtype=float32)"
549,[11 2 3 4 5 4 6 0 0 0 0 0 0 0 0 0 0 0 0 0 0 0 0 0 19],"tf.Tensor([3.7925475 2.997756  3.1563253 3.9618788 2.9880161 9.       ], shape=(6,), dtype=float32)",0.0,[11 3 3 4 5 4 6 0 0 0 0 0 0 0 0 0 0 0 0 0 0 0 0 0 19],False,"tf.Tensor(
[[3.7925475 2.997756  3.1563253 3.9618788 2.9880161 3.0257845 5.683484
  4.8472104 5.3943176 4.0993996 5.3636274 3.9128423 4.911575  3.377039
  6.0993943 5.4731994 4.342256  5.281358 ]], shape=(1, 18), dtype=float32)"
550,[11 3 3 4 5 4 6 0 0 0 0 0 0 0 0 0 0 0 0 0 0 0 0 0 19],"tf.Tensor([3.8474216 3.0015993 3.3097556 3.9663248 3.06473   9.       ], shape=(6,), dtype=float32)",60.0,[12 1 0 0 0 0 0 3 4 5 4 6 0 0 0 0 0 0 0 0 0 30 0 0 19],False,"tf.Tensor(
[[3.8474216 3.0015993 3.3097556 3.9663248 3.06473   3.0604963 5.834165
  4.943649  5.548637  4.198968  5.446503  3.9744124 5.0409317 3.3419552
  6.239464  5.5429296 4.419677  5.3700447]], shape=(1, 18), dtype=float32)"
551,[12 1 0 0 0 0 0 3 4 5 4 6 0 0 0 0 0 0 0 0 0 30 0 0 19],"tf.Tensor([2.3673496 1.7980009 2.0438051 2.9878922 1.3490487 1.       ], shape=(6,), dtype=float32)",0.5,[12 2 6 6 2 1 2 0 0 0 0 0 0 0 0 0 0 0 0 0 0 30 0 0 19],False,"tf.Tensor(
[[ 2.3673496  1.7980009  2.0438051  2.9878922  1.3490487  2.8102603
   3.1202445  1.898282   3.057332   1.5845951  2.8689876 -0.4894708
   2.4557815  2.2317517  2.6411512  2.5494459  2.0464218  2.6215076]], shape=(1, 18), dtype=float32)"
552,[12 2 6 6 2 1 2 0 0 0 0 0 0 0 0 0 0 0 0 0 0 30 0 0 19],"tf.Tensor([1.9979527 0.901152  2.0130172 2.1269531 0.892306  1.       ], shape=(6,), dtype=float32)",0.0,[12 3 6 6 2 1 2 0 0 0 0 0 0 0 0 0 0 0 0 0 0 30 0 0 19],False,"tf.Tensor(
[[1.9979527  0.901152   2.0130172  2.1269531  0.892306   2.8448508
  4.0708885  2.6761615  3.488275   2.2356782  2.7150223  0.75998646
  1.8309236  2.322424   2.6285408  1.9961619  2.3381612  2.1970415 ]], shape=(1, 18), dtype=float32)"
553,[12 3 6 6 2 1 2 0 0 0 0 0 0 0 0 0 0 0 0 0 0 30 0 0 19],"tf.Tensor([2.0060363 0.8872801 2.046048  2.1691046 0.9131803 1.       ], shape=(6,), dtype=float32)",8.0,[13 1 0 0 0 0 0 6 6 2 1 2 0 4 0 0 0 0 0 0 0 30 0 0 19],False,"tf.Tensor(
[[2.0060363  0.8872801  2.046048   2.1691046  0.9131803  2.947575
  4.2420897  2.7037623  3.565988   2.3255408  2.7111073  0.72130406
  1.8772807  2.300837   2.7348313  2.1068888  2.4170265  2.2621856 ]], shape=(1, 18), dtype=float32)"
554,[13 1 0 0 0 0 0 6 6 2 1 2 0 4 0 0 0 0 0 0 0 30 0 0 19],"tf.Tensor([2.1959808  1.7963606  2.0436559  2.7813108  0.69585305 1.        ], shape=(6,), dtype=float32)",0.4,[13 2 1 5 5 3 0 0 0 0 0 2 0 4 0 0 0 0 0 0 0 30 0 0 19],False,"tf.Tensor(
[[ 2.1959808   1.7963606   2.0436559   2.7813108   0.69585305  2.3525891
   4.2449994   2.4018247   2.112561    1.9290491   2.5009036  -0.60232085
   1.7092988   2.1308796   1.8458425   2.1791663   1.7958859   2.5524786 ]], shape=(1, 18), dtype=float32)"
555,[13 2 1 5 5 3 0 0 0 0 0 2 0 4 0 0 0 0 0 0 0 30 0 0 19],"tf.Tensor([2.4221458 1.4125146 2.2936435 2.212749  1.4036779 5.       ], shape=(6,), dtype=float32)",0.1,[13 3 1 5 5 3 2 0 0 0 0 0 0 4 0 0 0 0 0 0 0 30 0 0 19],False,"tf.Tensor(
[[2.4221458 1.4125146 2.2936435 2.212749  1.4036779 1.5875756 2.7341697
  3.112407  3.1706932 2.3523118 3.226969  1.0519754 2.1450417 2.6212249
  2.564599  1.8390161 1.6175493 2.0198998]], shape=(1, 18), dtype=float32)"
556,[13 3 1 5 5 3 2 0 0 0 0 0 0 4 0 0 0 0 0 0 0 30 0 0 19],"tf.Tensor([2.4379282 1.2334608 2.1416078 2.1442857 1.3582846 3.       ], shape=(6,), dtype=float32)",0.0,[14 1 0 0 0 0 0 1 5 5 3 4 0 4 0 0 0 0 0 0 0 30 0 0 19],True,"tf.Tensor(
[[2.4379282 1.2334608 2.1416078 2.1442857 1.3582846 1.815699  2.7574494
  2.984393  3.1946678 2.2427003 3.1306775 1.2035053 1.9951978 2.7346134
  2.3623521 1.7118254 1.579869  2.09069  ]], shape=(1, 18), dtype=float32)"
557,[1 1 0 0 0 0 0 4 4 3 6 4 0 0 0 0 0 0 0 0 0 0 0 0 0],"tf.Tensor([ 2.5554764  3.1289601  1.8614485  1.9937415  3.7189202 11.       ], shape=(6,), dtype=float32)",0.5,[1 2 4 4 3 6 4 0 0 0 0 0 0 0 0 0 0 0 0 0 0 0 0 0 0],False,"tf.Tensor(
[[2.5554764 3.1289601 1.8614485 1.9937415 3.7189202 3.1200976 3.40951
  2.0547314 4.064261  1.5701885 2.70409   2.2990978 3.9587505 3.4419332
  3.2349784 3.209381  4.2307386 2.555918 ]], shape=(1, 18), dtype=float32)"
558,[1 2 4 4 3 6 4 0 0 0 0 0 0 0 0 0 0 0 0 0 0 0 0 0 0],"tf.Tensor([3.0887616 2.8481069 2.0256653 2.836568  3.323678  3.       ], shape=(6,), dtype=float32)",0.0,[1 3 4 4 3 6 4 0 0 0 0 0 0 0 0 0 0 0 0 0 0 0 0 0 0],False,"tf.Tensor(
[[3.0887616 2.8481069 2.0256653 2.836568  3.323678  2.524013  2.7161295
  2.8438425 3.7557526 1.9814858 3.0319293 2.2643483 3.6507537 2.2714863
  3.4231563 3.6633532 3.7023222 3.4273539]], shape=(1, 18), dtype=float32)"
559,[1 3 4 4 3 6 4 0 0 0 0 0 0 0 0 0 0 0 0 0 0 0 0 0 0],[1 0 0 0 1 9],0.0,[2 1 0 0 0 0 0 4 4 3 6 4 0 0 0 0 0 0 0 0 0 0 0 0 0],False,"tf.Tensor(
[[3.1661756 2.868005  2.0778277 2.862418  3.4455855 2.6193135 2.8397274
  2.862685  3.8888657 2.014225  3.1095648 2.2562704 3.8011427 2.3478935
  3.518952  3.7552805 3.7653115 3.517637 ]], shape=(1, 18), dtype=float32)"
560,[2 1 0 0 0 0 0 4 4 3 6 4 0 0 0 0 0 0 0 0 0 0 0 0 0],"tf.Tensor([ 2.6548007  3.124611   1.8494362  1.9875482  3.7415364 11.       ], shape=(6,), dtype=float32)",0.5,[2 2 5 5 6 4 2 0 0 0 0 0 0 0 0 0 0 0 0 0 0 0 0 0 0],False,"tf.Tensor(
[[2.6548007 3.124611  1.8494362 1.9875482 3.7415364 3.2165956 3.568074
  2.1169121 4.1394386 1.5615519 2.7035346 2.3526185 4.035456  3.5732121
  3.233683  3.3049414 4.2780333 2.6094077]], shape=(1, 18), dtype=float32)"
561,[2 2 5 5 6 4 2 0 0 0 0 0 0 0 0 0 0 0 0 0 0 0 0 0 0],"tf.Tensor([ 3.4997125  3.1571615  2.5538857  3.5454626  3.4576998 10.       ], shape=(6,), dtype=float32)",0.0,[2 3 5 5 6 4 2 0 0 0 0 0 0 0 0 0 0 0 0 0 0 0 0 0 0],False,"tf.Tensor(
[[3.4997125 3.1571615 2.5538857 3.5454626 3.4576998 2.6935327 3.2945542
  3.596293  4.2164755 2.40961   3.6578863 3.0045135 4.101126  2.1644702
  4.3047223 4.465302  4.409682  4.1107364]], shape=(1, 18), dtype=float32)"
562,[2 3 5 5 6 4 2 0 0 0 0 0 0 0 0 0 0 0 0 0 0 0 0 0 0],"tf.Tensor([ 3.5540404  3.1742213  2.6730049  3.5537426  3.5162675 10.       ], shape=(6,), dtype=float32)",0.0,[3 1 0 0 0 0 0 5 5 6 4 2 0 0 0 0 0 0 0 0 0 0 0 0 0],False,"tf.Tensor(
[[3.5540404 3.1742213 2.6730049 3.5537426 3.5162675 2.7313056 3.4527817
  3.6722593 4.36449   2.4945061 3.753584  3.0247412 4.221896  2.2007668
  4.423744  4.5314975 4.460815  4.171526 ]], shape=(1, 18), dtype=float32)"
563,[3 1 0 0 0 0 0 5 5 6 4 2 0 0 0 0 0 0 0 0 0 0 0 0 0],"tf.Tensor([ 3.0705662  3.0993135  1.7715279  2.515949   3.8567955 11.       ], shape=(6,), dtype=float32)",0.5,[3 2 5 2 4 6 1 0 0 0 0 0 0 0 0 0 0 0 0 0 0 0 0 0 0],False,"tf.Tensor(
[[3.0705662 3.0993135 1.7715279 2.515949  3.8567955 3.3495104 3.5827637
  2.5708308 3.8880544 1.7848612 3.065742  2.6370337 4.475631  3.9375424
  3.4126465 3.6308594 4.537822  3.1220062]], shape=(1, 18), dtype=float32)"
564,[3 2 5 2 4 6 1 0 0 0 0 0 0 0 0 0 0 0 0 0 0 0 0 0 0],"tf.Tensor([ 2.8673136  2.503591   2.0643888  2.8342993  3.0560503 11.       ], shape=(6,), dtype=float32)",0.0,[3 3 5 2 4 6 1 0 0 0 0 0 0 0 0 0 0 0 0 0 0 0 0 0 0],False,"tf.Tensor(
[[2.8673136 2.503591  2.0643888 2.8342993 3.0560503 2.297397  2.993063
  3.0094936 3.4883478 1.9715018 3.0692503 2.7676806 3.5281532 1.9656008
  3.4553225 3.7008047 3.7419162 3.4468155]], shape=(1, 18), dtype=float32)"
565,[3 3 5 2 4 6 1 0 0 0 0 0 0 0 0 0 0 0 0 0 0 0 0 0 0],"tf.Tensor([ 2.9035504  2.5202267  2.174288   2.861828   3.1148713 11.       ], shape=(6,), dtype=float32)",0.0,[4 1 0 0 0 0 0 5 2 4 6 1 0 0 0 0 0 0 0 0 0 0 0 0 0],False,"tf.Tensor(
[[2.9035504 2.5202267 2.174288  2.861828  3.1148713 2.3476589 3.147828
  3.072946  3.619495  2.0542693 3.13807   2.8227952 3.6402876 1.986094
  3.5878587 3.762076  3.8435755 3.5087345]], shape=(1, 18), dtype=float32)"
566,[4 1 0 0 0 0 0 5 2 4 6 1 0 0 0 0 0 0 0 0 0 0 0 0 0],"tf.Tensor([ 2.5738642  2.7725463  1.4765476  2.0544457  3.4477854 11.       ], shape=(6,), dtype=float32)",0.5,[4 2 5 5 3 6 6 0 0 0 0 0 0 0 0 0 0 0 0 0 0 0 0 0 0],False,"tf.Tensor(
[[2.5738642 2.7725463 1.4765476 2.0544457 3.4477854 3.3672342 3.7971938
  2.1347647 3.804391  1.3642508 2.4392834 2.3986695 3.8272278 3.9306338
  3.1789775 2.9634717 4.531322  2.3531342]], shape=(1, 18), dtype=float32)"
567,[4 2 5 5 3 6 6 0 0 0 0 0 0 0 0 0 0 0 0 0 0 0 0 0 0],"tf.Tensor([3.7242033 3.432532  2.422887  3.4525325 3.8270164 7.       ], shape=(6,), dtype=float32)",0.0,[4 3 5 5 3 6 6 0 0 0 0 0 0 0 0 0 0 0 0 0 0 0 0 0 0],False,"tf.Tensor(
[[3.7242033 3.432532  2.422887  3.4525325 3.8270164 2.8754168 2.996649
  3.4592168 4.2760878 2.5525253 3.6674361 2.553561  4.5238667 2.802398
  4.2090993 4.2330494 4.334148  4.1467566]], shape=(1, 18), dtype=float32)"
568,[4 3 5 5 3 6 6 0 0 0 0 0 0 0 0 0 0 0 0 0 0 0 0 0 0],[ 0  0  0  0  1 11],0.0,[5 1 0 0 0 0 0 5 5 3 6 6 0 0 0 0 0 0 0 0 0 0 0 0 0],False,"tf.Tensor(
[[3.7813401 3.4627724 2.5102026 3.4817238 3.9204338 2.9208882 3.1224966
  3.5019984 4.426359  2.6483386 3.749407  2.5705483 4.6366215 2.8546515
  4.3109818 4.2857084 4.4044228 4.215287 ]], shape=(1, 18), dtype=float32)"
569,[5 1 0 0 0 0 0 5 5 3 6 6 0 0 0 0 0 0 0 0 0 0 0 0 0],"tf.Tensor([ 3.2932277  3.5000634  2.077221   2.282117   4.356306  11.       ], shape=(6,), dtype=float32)",0.5,[5 2 5 5 4 4 2 0 0 0 0 0 0 0 0 0 0 0 0 0 0 0 0 0 0],False,"tf.Tensor(
[[3.2932277 3.5000634 2.077221  2.282117  4.356306  3.9630878 4.6793804
  2.7310681 5.0427685 1.789328  3.1992316 2.8372164 4.7656884 4.420612
  3.772254  4.0137515 5.059503  3.104145 ]], shape=(1, 18), dtype=float32)"
570,[5 2 5 5 4 4 2 0 0 0 0 0 0 0 0 0 0 0 0 0 0 0 0 0 0],"tf.Tensor([ 3.3399978  2.8291667  2.3809426  3.20194    3.2913737 10.       ], shape=(6,), dtype=float32)",0.0,[5 3 5 5 4 4 2 0 0 0 0 0 0 0 0 0 0 0 0 0 0 0 0 0 0],False,"tf.Tensor(
[[3.3399978 2.8291667 2.3809426 3.20194   3.2913737 2.5337107 3.352086
  3.4972732 3.9321094 2.4220467 3.4795024 2.7848978 4.047765  2.21818
  4.037441  4.2026553 3.9969065 3.9952505]], shape=(1, 18), dtype=float32)"
571,[5 3 5 5 4 4 2 0 0 0 0 0 0 0 0 0 0 0 0 0 0 0 0 0 0],[1 0 0 0 1 1],4.0,[6 1 0 0 0 0 0 5 5 4 4 2 0 2 0 0 0 0 0 0 0 0 0 0 0],False,"tf.Tensor(
[[3.377529  2.8551219 2.4901536 3.2355595 3.394215  2.599635  3.546154
  3.5478766 4.0782256 2.496087  3.5750372 2.8177652 4.1981926 2.2713323
  4.1600823 4.322143  4.0669765 4.0872416]], shape=(1, 18), dtype=float32)"
572,[6 1 0 0 0 0 0 5 5 4 4 2 0 2 0 0 0 0 0 0 0 0 0 0 0],"tf.Tensor([ 3.1635785  2.873039   1.5252725  2.658006   3.4647772 11.       ], shape=(6,), dtype=float32)",0.5,[6 2 4 2 6 4 5 0 0 0 0 0 0 2 0 0 0 0 0 0 0 0 0 0 0],False,"tf.Tensor(
[[3.1635785 2.873039  1.5252725 2.658006  3.4647772 3.5243695 4.2413387
  2.9168828 3.70417   1.5064805 3.2147355 2.749741  4.426085  4.3327684
  3.4232318 3.7875469 4.5473924 3.165052 ]], shape=(1, 18), dtype=float32)"
573,[6 2 4 2 6 4 5 0 0 0 0 0 0 2 0 0 0 0 0 0 0 0 0 0 0],"tf.Tensor([ 3.6078923  3.2982888  2.5266886  3.8990033  3.165932  10.       ], shape=(6,), dtype=float32)",0.0,[6 3 4 2 6 4 5 0 0 0 0 0 0 2 0 0 0 0 0 0 0 0 0 0 0],False,"tf.Tensor(
[[3.6078923 3.2982888 2.5266886 3.8990033 3.165932  2.316026  2.7955437
  3.8734105 3.619341  2.4903383 4.1189504 3.0654182 4.284878  2.2423127
  4.3086033 4.515217  4.1496673 4.353255 ]], shape=(1, 18), dtype=float32)"
574,[6 3 4 2 6 4 5 0 0 0 0 0 0 2 0 0 0 0 0 0 0 0 0 0 0],"tf.Tensor([ 3.6275299  3.313115   2.6165845  3.9486454  3.2115898 10.       ], shape=(6,), dtype=float32)",0.0,[7 1 0 0 0 0 0 4 2 6 4 5 0 2 0 0 0 0 0 0 0 0 0 0 0],False,"tf.Tensor(
[[3.6275299 3.313115  2.6165845 3.9486454 3.2115898 2.3327117 2.9115372
  3.9207315 3.6887884 2.564419  4.2122526 3.0796459 4.3988385 2.265643
  4.4168744 4.6125517 4.176351  4.433664 ]], shape=(1, 18), dtype=float32)"
575,[7 1 0 0 0 0 0 4 2 6 4 5 0 2 0 0 0 0 0 0 0 0 0 0 0],"tf.Tensor([ 3.388935   3.3229225  1.9241108  2.2049127  3.7291691 11.       ], shape=(6,), dtype=float32)",0.5,[7 2 3 2 2 4 5 0 0 0 0 0 0 2 0 0 0 0 0 0 0 0 0 0 0],False,"tf.Tensor(
[[3.388935  3.3229225 1.9241108 2.2049127 3.7291691 3.7115786 4.406192
  2.7630272 4.409844  1.6671728 2.9530532 2.94951   4.560585  4.7951684
  3.4428542 3.7860992 4.963767  2.7959952]], shape=(1, 18), dtype=float32)"
576,[7 2 3 2 2 4 5 0 0 0 0 0 0 2 0 0 0 0 0 0 0 0 0 0 0],"tf.Tensor([2.8486814 2.489765  1.7539942 2.8616498 2.7461853 7.       ], shape=(6,), dtype=float32)",0.0,[7 3 3 2 2 4 5 0 0 0 0 0 0 2 0 0 0 0 0 0 0 0 0 0 0],False,"tf.Tensor(
[[2.8486814 2.489765  1.7539942 2.8616498 2.7461853 2.0817382 2.5951974
  2.9029005 2.9046013 1.9177406 3.1622446 2.281031  3.6340728 2.2600965
  3.2343364 3.4762251 3.2163448 3.484642 ]], shape=(1, 18), dtype=float32)"
577,[7 3 3 2 2 4 5 0 0 0 0 0 0 2 0 0 0 0 0 0 0 0 0 0 0],"tf.Tensor([2.8713524 2.5174582 1.8642083 2.8764338 2.844422  7.       ], shape=(6,), dtype=float32)",0.0,[8 1 0 0 0 0 0 3 2 2 4 5 0 2 0 0 0 0 0 0 0 0 0 0 0],False,"tf.Tensor(
[[2.8713524 2.5174582 1.8642083 2.8764338 2.844422  2.112245  2.7115438
  2.9361894 3.0346332 2.005878  3.2127655 2.2725995 3.757557  2.2418919
  3.3447247 3.5840886 3.2294278 3.5800943]], shape=(1, 18), dtype=float32)"
578,[8 1 0 0 0 0 0 3 2 2 4 5 0 2 0 0 0 0 0 0 0 0 0 0 0],"tf.Tensor([ 3.1634054  2.7320626  1.793542   2.2720017  2.9265814 11.       ], shape=(6,), dtype=float32)",0.5,[8 2 4 1 4 1 2 0 0 0 0 0 0 2 0 0 0 0 0 0 0 0 0 0 0],False,"tf.Tensor(
[[3.1634054 2.7320626 1.793542  2.2720017 2.9265814 3.2020795 4.036158
  3.0714073 3.8868208 1.4676887 3.0235536 2.7258708 3.8472419 3.680906
  3.2676356 3.5000818 4.278425  2.755118 ]], shape=(1, 18), dtype=float32)"
579,[8 2 4 1 4 1 2 0 0 0 0 0 0 2 0 0 0 0 0 0 0 0 0 0 0],"tf.Tensor([ 2.7016175  2.0542755  1.7843255  2.8823235  2.4277966 10.       ], shape=(6,), dtype=float32)",0.0,[8 3 4 1 4 1 2 0 0 0 0 0 0 2 0 0 0 0 0 0 0 0 0 0 0],False,"tf.Tensor(
[[2.7016175 2.0542755 1.7843255 2.8823235 2.4277966 2.0795388 3.0194647
  3.0181253 2.8349721 1.7812244 3.2736084 2.6181874 3.356716  1.8992213
  3.271847  3.7407825 3.099837  3.5876932]], shape=(1, 18), dtype=float32)"
580,[8 3 4 1 4 1 2 0 0 0 0 0 0 2 0 0 0 0 0 0 0 0 0 0 0],[1 1 0 1 0 4],0.0,[9 1 0 0 0 0 0 4 1 4 1 2 0 2 0 0 0 0 0 0 0 0 0 0 0],False,"tf.Tensor(
[[2.7739346 2.0725985 1.8972002 2.8967268 2.5267322 2.1605    3.1498175
  3.0786135 3.0291004 1.8919594 3.3432965 2.6295586 3.465254  1.9195629
  3.3994825 3.8454545 3.1371963 3.6881337]], shape=(1, 18), dtype=float32)"
581,[9 1 0 0 0 0 0 4 1 4 1 2 0 2 0 0 0 0 0 0 0 0 0 0 0],"tf.Tensor([ 3.115741   2.1901834  1.4437673  2.62294    2.520949  11.       ], shape=(6,), dtype=float32)",0.5,[9 2 2 4 5 5 5 0 0 0 0 0 0 2 0 0 0 0 0 0 0 0 0 0 0],False,"tf.Tensor(
[[3.115741  2.1901834 1.4437673 2.62294   2.520949  3.1719115 3.714657
  2.8441138 3.164508  1.2058785 2.8205626 2.3874702 3.7179785 3.411036
  3.076491  3.2448616 4.174968  2.888316 ]], shape=(1, 18), dtype=float32)"
582,[9 2 2 4 5 5 5 0 0 0 0 0 0 2 0 0 0 0 0 0 0 0 0 0 0],"tf.Tensor([ 3.918145   3.1211817  2.415303   3.900861   3.0417016 10.       ], shape=(6,), dtype=float32)",0.0,[9 3 2 4 5 5 5 0 0 0 0 0 0 2 0 0 0 0 0 0 0 0 0 0 0],False,"tf.Tensor(
[[3.918145  3.1211817 2.415303  3.900861  3.0417016 2.5794563 3.0603628
  4.090479  3.7403693 2.4153764 4.2974114 2.99454   4.33561   2.3423462
  4.278428  4.7573466 3.8717873 4.7162447]], shape=(1, 18), dtype=float32)"
583,[9 3 2 4 5 5 5 0 0 0 0 0 0 2 0 0 0 0 0 0 0 0 0 0 0],"tf.Tensor([ 3.9536085  3.1279752  2.5251296  3.9140024  3.1222045 10.       ], shape=(6,), dtype=float32)",0.0,[10 1 0 0 0 0 0 2 4 5 5 5 0 2 0 0 0 0 0 0 0 0 0 0 0],False,"tf.Tensor(
[[3.9536085 3.1279752 2.5251296 3.9140024 3.1222045 2.6413617 3.195097
  4.1214647 3.885524  2.506997  4.3639035 2.9977217 4.4516716 2.3538506
  4.3882356 4.8658967 3.8928547 4.8089004]], shape=(1, 18), dtype=float32)"
584,[10 1 0 0 0 0 0 2 4 5 5 5 0 2 0 0 0 0 0 0 0 0 0 0 0],"tf.Tensor([ 3.8884342  3.284383   2.0094771  2.64205    3.7161188 11.       ], shape=(6,), dtype=float32)",0.5,[10 2 3 4 6 1 3 0 0 0 0 0 0 2 0 0 0 0 0 0 0 0 0 0 0],False,"tf.Tensor(
[[3.8884342 3.284383  2.0094771 2.64205   3.7161188 3.9553049 5.161855
  3.3440924 4.5658717 1.7396264 3.4875095 3.2383497 4.853505  5.1504774
  3.8131254 4.5269747 5.1710887 3.3321538]], shape=(1, 18), dtype=float32)"
585,[10 2 3 4 6 1 3 0 0 0 0 0 0 2 0 0 0 0 0 0 0 0 0 0 0],"tf.Tensor([ 3.6592817  2.6334286  2.3549979  3.6146991  2.7918024 10.       ], shape=(6,), dtype=float32)",0.0,[10 3 3 4 6 1 3 0 0 0 0 0 0 2 0 0 0 0 0 0 0 0 0 0 0],False,"tf.Tensor(
[[3.6592817 2.6334286 2.3549979 3.6146991 2.7918024 2.7183099 3.3030381
  3.7953877 3.782051  2.2619116 4.1190267 3.01544   4.1005244 1.9630613
  4.181476  4.800222  3.522536  4.7781143]], shape=(1, 18), dtype=float32)"
586,[10 3 3 4 6 1 3 0 0 0 0 0 0 2 0 0 0 0 0 0 0 0 0 0 0],"tf.Tensor([ 3.6983747  2.628039   2.4746838  3.6322834  2.8862948 10.       ], shape=(6,), dtype=float32)",0.0,[11 1 0 0 0 0 0 3 4 6 1 3 0 2 0 0 0 0 0 0 0 0 0 0 0],False,"tf.Tensor(
[[3.6983747 2.628039  2.4746838 3.6322834 2.8862948 2.8049362 3.4815447
  3.835009  3.9634619 2.367466  4.2005606 3.027089  4.2141385 1.9993005
  4.307917  4.9181747 3.5595126 4.8697333]], shape=(1, 18), dtype=float32)"
587,[11 1 0 0 0 0 0 3 4 6 1 3 0 2 0 0 0 0 0 0 0 0 0 0 0],"tf.Tensor([ 3.7495427  2.4439888  1.6104728  3.1537232  3.4011323 11.       ], shape=(6,), dtype=float32)",0.5,[11 2 1 4 3 3 5 0 0 0 0 0 0 2 0 0 0 0 0 0 0 0 0 0 0],False,"tf.Tensor(
[[3.7495427 2.4439888 1.6104728 3.1537232 3.4011323 3.9220986 4.920789
  3.2621448 4.0322814 1.4097003 3.5385807 2.92949   4.541774  4.4333467
  3.4578369 4.08883   4.9998274 3.496866 ]], shape=(1, 18), dtype=float32)"
588,[11 2 1 4 3 3 5 0 0 0 0 0 0 2 0 0 0 0 0 0 0 0 0 0 0],[1 1 1 1 0 5],0.0,[11 3 1 4 3 3 5 0 0 0 0 0 0 2 0 0 0 0 0 0 0 0 0 0 0],False,"tf.Tensor(
[[3.5379066 2.3567169 1.9954494 3.221463  2.4163287 2.9232874 3.3811355
  3.427832  3.6912856 2.0333223 3.7756338 2.8089464 3.7907398 2.5675418
  3.5432284 4.186096  3.4352791 4.2376776]], shape=(1, 18), dtype=float32)"
589,[11 3 1 4 3 3 5 0 0 0 0 0 0 2 0 0 0 0 0 0 0 0 0 0 0],"tf.Tensor([ 3.56636    2.4175699  2.0895228  3.2321181  2.5278568 12.       ], shape=(6,), dtype=float32)",32.0,[12 1 0 0 0 0 0 1 4 3 3 5 0 2 0 0 0 0 0 0 0 0 0 0 16],False,"tf.Tensor(
[[3.56636   2.4175699 2.0895228 3.2321181 2.5278568 2.96019   3.4230156
  3.4498303 3.8386436 2.1116161 3.8256047 2.829066  3.8801668 2.552948
  3.6271932 4.266635  3.4457011 4.3197913]], shape=(1, 18), dtype=float32)"
590,[12 1 0 0 0 0 0 1 4 3 3 5 0 2 0 0 0 0 0 0 0 0 0 0 16],"tf.Tensor([3.2025523 2.7931397 3.6410773 3.6882327 2.546526  1.       ], shape=(6,), dtype=float32)",0.5,[12 2 6 1 5 1 6 0 0 0 0 0 0 2 0 0 0 0 0 0 0 0 0 0 16],False,"tf.Tensor(
[[3.2025523 2.7931397 3.6410773 3.6882327 2.546526  2.3034434 5.3879194
  4.493692  4.4701576 3.1604655 4.9501266 4.3278728 4.7506704 3.213932
  5.002899  4.658956  5.0493436 3.6874008]], shape=(1, 18), dtype=float32)"
591,[12 2 6 1 5 1 6 0 0 0 0 0 0 2 0 0 0 0 0 0 0 0 0 0 16],"tf.Tensor([3.776284  3.0040443 2.9178352 4.073898  3.0239093 9.       ], shape=(6,), dtype=float32)",0.0,[12 3 6 1 5 1 6 0 0 0 0 0 0 2 0 0 0 0 0 0 0 0 0 0 16],False,"tf.Tensor(
[[3.776284  3.0040443 2.9178352 4.073898  3.0239093 3.0939274 5.2382803
  4.452274  4.979406  3.4964004 5.1057277 3.8588629 4.9424934 3.2640536
  5.680733  5.441162  4.510369  5.144222 ]], shape=(1, 18), dtype=float32)"
592,[12 3 6 1 5 1 6 0 0 0 0 0 0 2 0 0 0 0 0 0 0 0 0 0 16],"tf.Tensor([3.812568  3.0088131 3.049982  4.0749755 3.1037717 9.       ], shape=(6,), dtype=float32)",0.0,[13 1 0 0 0 0 0 6 1 5 1 6 0 2 0 0 0 0 0 0 0 0 0 0 16],False,"tf.Tensor(
[[3.812568  3.0088131 3.049982  4.0749755 3.1037717 3.0983386 5.3600454
  4.5504203 5.097103  3.618979  5.180266  3.9148598 5.063821  3.2237465
  5.8220887 5.5004745 4.560365  5.240648 ]], shape=(1, 18), dtype=float32)"
593,[13 1 0 0 0 0 0 6 1 5 1 6 0 2 0 0 0 0 0 0 0 0 0 0 16],[ 0  0  1  1  0 10],0.2,[13 2 5 1 0 0 0 4 5 0 0 6 0 2 0 0 0 0 0 0 0 0 0 0 16],False,"tf.Tensor(
[[3.580399  3.0664365 4.053926  3.921114  2.8446138 3.2654583 6.1623335
  4.6993895 5.0799007 3.2292097 4.8571396 4.4934473 5.709536  3.5835865
  5.9492626 4.7454114 6.325662  4.055318 ]], shape=(1, 18), dtype=float32)"
594,[13 2 5 1 0 0 0 4 5 0 0 6 0 2 0 0 0 0 0 0 0 0 0 0 16],"tf.Tensor([4.060483  3.3238668 4.030321  4.1990285 3.5387456 1.       ], shape=(6,), dtype=float32)",0.30000000000000004,[13 3 5 1 4 5 6 0 0 0 0 0 0 2 0 0 0 0 0 0 0 0 0 0 16],False,"tf.Tensor(
[[4.060483  3.3238668 4.030321  4.1990285 3.5387456 3.2776234 6.30591
  5.2351947 5.375674  3.5766685 5.373512  4.874222  5.96145   3.8061526
  6.0067205 5.4974604 6.223815  4.723002 ]], shape=(1, 18), dtype=float32)"
595,[13 3 5 1 4 5 6 0 0 0 0 0 0 2 0 0 0 0 0 0 0 0 0 0 16],[0 1 1 0 0 0],1.0,[14 1 0 0 0 0 0 6 5 5 1 6 1 2 0 0 0 0 0 0 0 0 0 0 16],True,"tf.Tensor(
[[3.9722376 2.9421253 3.1883967 4.261463  3.0396638 3.204284  5.624373
  4.900888  5.2071476 3.5883029 5.519168  4.2492337 5.1165504 3.0804706
  6.061132  5.661591  4.7210975 5.5252175]], shape=(1, 18), dtype=float32)"
596,[1 1 0 0 0 0 0 4 2 6 3 2 0 0 0 0 0 0 0 0 0 0 0 0 0],"tf.Tensor([ 2.2648451  2.6332138  1.5559566  1.9261823  3.0503678 11.       ], shape=(6,), dtype=float32)",0.5,[1 2 4 2 6 3 2 0 0 0 0 0 0 0 0 0 0 0 0 0 0 0 0 0 0],False,"tf.Tensor(
[[2.2648451 2.6332138 1.5559566 1.9261823 3.0503678 2.5364146 2.513443
  1.9746358 3.0327306 1.4798275 2.3298144 2.074112  3.474966  3.0330782
  2.6982865 2.6406822 3.6212187 2.263146 ]], shape=(1, 18), dtype=float32)"
597,[1 2 4 2 6 3 2 0 0 0 0 0 0 0 0 0 0 0 0 0 0 0 0 0 0],"tf.Tensor([ 2.7537751  2.6350749  2.078379   2.8989425  2.7799754 11.       ], shape=(6,), dtype=float32)",0.0,[1 3 4 2 6 3 2 0 0 0 0 0 0 0 0 0 0 0 0 0 0 0 0 0 0],False,"tf.Tensor(
[[2.7537751 2.6350749 2.078379  2.8989425 2.7799754 2.1136217 2.505314
  2.868635  3.342695  1.908292  3.001641  2.5688434 3.254383  1.7571076
  3.4326253 3.4731822 3.6572611 3.2108662]], shape=(1, 18), dtype=float32)"
598,[1 3 4 2 6 3 2 0 0 0 0 0 0 0 0 0 0 0 0 0 0 0 0 0 0],[0 1 1 1 0 1],8.0,[2 1 0 0 0 0 0 4 2 6 3 2 0 4 0 0 0 0 0 0 0 0 0 0 0],False,"tf.Tensor(
[[2.808385  2.6515431 2.1897008 2.9657578 2.8263059 2.1403954 2.6172726
  2.9496424 3.4178393 1.9904867 3.1158137 2.595821  3.3906887 1.7779899
  3.5586593 3.5719633 3.7116256 3.3102758]], shape=(1, 18), dtype=float32)"
599,[2 1 0 0 0 0 0 4 2 6 3 2 0 4 0 0 0 0 0 0 0 0 0 0 0],"tf.Tensor([2.4284165 3.1261995 1.5700701 1.7157967 3.3117094 8.       ], shape=(6,), dtype=float32)",0.5,[2 2 1 2 1 4 5 0 0 0 0 0 0 4 0 0 0 0 0 0 0 0 0 0 0],False,"tf.Tensor(
[[2.4284165 3.1261995 1.5700701 1.7157967 3.3117094 2.7645454 3.0107565
  2.0304842 3.232827  1.5000017 2.4543908 2.5344458 3.9727032 4.1529856
  2.7469654 2.850763  3.9698374 2.1968799]], shape=(1, 18), dtype=float32)"
600,[2 2 1 2 1 4 5 0 0 0 0 0 0 4 0 0 0 0 0 0 0 0 0 0 0],[ 1  0  1  0  0 11],0.0,[2 3 1 2 1 4 5 0 0 0 0 0 0 4 0 0 0 0 0 0 0 0 0 0 0],False,"tf.Tensor(
[[2.2648609 2.2651672 1.5565252 2.111644  2.0479326 1.3537334 1.5090787
  2.2694852 2.3010077 1.4998293 2.5681791 1.4781097 2.6647923 1.7682328
  2.2473755 2.5168424 2.1245408 2.4637482]], shape=(1, 18), dtype=float32)"
601,[2 3 1 2 1 4 5 0 0 0 0 0 0 4 0 0 0 0 0 0 0 0 0 0 0],"tf.Tensor([2.3273892 2.25039   1.6175754 2.1952667 2.1412325 7.       ], shape=(6,), dtype=float32)",0.0,[3 1 0 0 0 0 0 1 2 1 4 5 0 4 0 0 0 0 0 0 0 0 0 0 0],False,"tf.Tensor(
[[2.3273892 2.25039   1.6175754 2.1952667 2.1412325 1.4588193 1.6574049
  2.3308558 2.4221797 1.5301151 2.6535697 1.4869621 2.7622907 1.7499404
  2.368729  2.6499074 2.2164636 2.5724556]], shape=(1, 18), dtype=float32)"
602,[3 1 0 0 0 0 0 1 2 1 4 5 0 4 0 0 0 0 0 0 0 0 0 0 0],[ 1  1  1  0  1 11],0.4,[3 2 4 1 1 1 0 0 0 0 1 0 0 4 0 0 0 0 0 0 0 0 0 0 0],False,"tf.Tensor(
[[2.1726866 2.5283468 1.7731181 1.8894215 2.3733125 1.9073259 2.5878866
  2.17492   2.8587189 1.3512452 2.5844483 2.4340982 3.0780506 2.5926728
  2.523215  2.7846446 3.152068  2.189157 ]], shape=(1, 18), dtype=float32)"
603,[3 2 4 1 1 1 0 0 0 0 1 0 0 4 0 0 0 0 0 0 0 0 0 0 0],"tf.Tensor([1.7791321 1.873524  1.2860281 1.7645633 1.7650825 5.       ], shape=(6,), dtype=float32)",0.1,[3 3 4 1 1 1 1 0 0 0 0 0 0 4 0 0 0 0 0 0 0 0 0 0 0],False,"tf.Tensor(
[[1.7791321 1.873524  1.2860281 1.7645633 1.7650825 1.0433838 1.5822957
  2.0667105 1.8887718 1.4068494 2.345051  2.048762  2.170918  1.562111
  2.1256084 2.237034  2.1547084 2.093597 ]], shape=(1, 18), dtype=float32)"
604,[3 3 4 1 1 1 1 0 0 0 0 0 0 4 0 0 0 0 0 0 0 0 0 0 0],"tf.Tensor([1.8912079 1.8887322 1.4070636 1.860549  1.9017056 5.       ], shape=(6,), dtype=float32)",0.0,[4 1 0 0 0 0 0 4 1 1 4 1 0 4 0 0 0 0 0 0 0 0 0 0 0],False,"tf.Tensor(
[[1.8912079 1.8887322 1.4070636 1.860549  1.9017056 1.2031423 1.7157457
  2.1335871 2.119374  1.449591  2.4506707 1.8980494 2.313886  1.5452496
  2.2530003 2.336908  2.2303522 2.1925313]], shape=(1, 18), dtype=float32)"
605,[4 1 0 0 0 0 0 4 1 1 4 1 0 4 0 0 0 0 0 0 0 0 0 0 0],"tf.Tensor([ 2.3347292  2.4242728  1.5307853  1.9613147  2.3181496 11.       ], shape=(6,), dtype=float32)",0.5,[4 2 6 4 5 4 4 0 0 0 0 0 0 4 0 0 0 0 0 0 0 0 0 0 0],False,"tf.Tensor(
[[2.3347292 2.4242728 1.5307853 1.9613147 2.3181496 2.3086216 2.629454
  2.346249  2.9172325 1.2982298 2.4298303 2.2821193 3.0078669 2.7613456
  2.685538  2.4465652 3.5543442 2.075668 ]], shape=(1, 18), dtype=float32)"
606,[4 2 6 4 5 4 4 0 0 0 0 0 0 4 0 0 0 0 0 0 0 0 0 0 0],"tf.Tensor([ 3.799997   3.564534   2.7018898  3.9141688  3.7317657 10.       ], shape=(6,), dtype=float32)",0.0,[4 3 6 4 5 4 4 0 0 0 0 0 0 4 0 0 0 0 0 0 0 0 0 0 0],False,"tf.Tensor(
[[3.799997  3.564534  2.7018898 3.9141688 3.7317657 2.5841992 3.186721
  4.052136  4.1583242 2.636411  4.39152   3.4989004 4.5358434 2.6189063
  4.4790454 4.7364426 4.6336546 4.4230337]], shape=(1, 18), dtype=float32)"
607,[4 3 6 4 5 4 4 0 0 0 0 0 0 4 0 0 0 0 0 0 0 0 0 0 0],"tf.Tensor([ 3.837747   3.5840583  2.8044708  3.9527786  3.79319   10.       ], shape=(6,), dtype=float32)",0.0,[5 1 0 0 0 0 0 6 4 5 4 4 0 4 0 0 0 0 0 0 0 0 0 0 0],False,"tf.Tensor(
[[3.837747  3.5840583 2.8044708 3.9527786 3.79319   2.6179152 3.3192925
  4.1121736 4.262348  2.7182522 4.4882836 3.5225382 4.6520123 2.6496937
  4.59901   4.828073  4.686401  4.49792  ]], shape=(1, 18), dtype=float32)"
608,[5 1 0 0 0 0 0 6 4 5 4 4 0 4 0 0 0 0 0 0 0 0 0 0 0],"tf.Tensor([ 3.2836227  3.6406183  2.0531275  2.4595246  4.1109347 11.       ], shape=(6,), dtype=float32)",0.5,[5 2 3 4 5 6 5 0 0 0 0 0 0 4 0 0 0 0 0 0 0 0 0 0 0],False,"tf.Tensor(
[[3.2836227 3.6406183 2.0531275 2.4595246 4.1109347 3.8350794 4.467047
  3.0250547 4.5647264 1.8322945 3.369346  3.191114  4.937854  4.8109045
  3.8015413 3.8931243 5.235524  3.0323622]], shape=(1, 18), dtype=float32)"
609,[5 2 3 4 5 6 5 0 0 0 0 0 0 4 0 0 0 0 0 0 0 0 0 0 0],"tf.Tensor([ 3.9786854  3.5697675  2.7102678  3.9381723  3.405599  10.       ], shape=(6,), dtype=float32)",0.0,[5 3 3 4 5 6 5 0 0 0 0 0 0 4 0 0 0 0 0 0 0 0 0 0 0],False,"tf.Tensor(
[[3.9786854 3.5697675 2.7102678 3.9381723 3.405599  2.4506495 2.9686825
  4.2475376 4.063246  2.5997732 4.394642  3.2211137 4.378413  2.4465926
  4.383382  4.730731  4.299346  4.4624667]], shape=(1, 18), dtype=float32)"
610,[5 3 3 4 5 6 5 0 0 0 0 0 0 4 0 0 0 0 0 0 0 0 0 0 0],[ 1  0  0  1  0 12],46.0,[6 1 0 0 0 0 0 3 4 5 6 5 0 4 0 0 0 0 0 0 0 0 0 0 23],False,"tf.Tensor(
[[4.0453525 3.5914774 2.7797105 3.983431  3.5115209 2.514831  3.0563555
  4.2880063 4.157681  2.6486118 4.4797235 3.2245026 4.4948707 2.4992793
  4.463718  4.8341517 4.3522286 4.5431285]], shape=(1, 18), dtype=float32)"
611,[6 1 0 0 0 0 0 3 4 5 6 5 0 4 0 0 0 0 0 0 0 0 0 0 23],"tf.Tensor([ 3.707787   3.7698612  4.791125   4.1228137  3.9812188 11.       ], shape=(6,), dtype=float32)",0.5,[6 2 5 2 2 6 2 0 0 0 0 0 0 4 0 0 0 0 0 0 0 0 0 0 23],False,"tf.Tensor(
[[3.707787  3.7698612 4.791125  4.1228137 3.9812188 3.2571342 6.107483
  4.4961557 5.9474516 3.7702227 5.4853654 4.6598516 6.3503947 4.36721
  5.6922297 5.0874705 6.597845  3.927032 ]], shape=(1, 18), dtype=float32)"
612,[6 2 5 2 2 6 2 0 0 0 0 0 0 4 0 0 0 0 0 0 0 0 0 0 23],"tf.Tensor([3.1342669 3.5639567 4.368485  4.460118  2.4827795 9.       ], shape=(6,), dtype=float32)",0.0,[6 3 5 2 2 6 2 0 0 0 0 0 0 4 0 0 0 0 0 0 0 0 0 0 23],False,"tf.Tensor(
[[3.1342669 3.5639567 4.368485  4.460118  2.4827795 1.5029309 4.5526896
  5.0186234 4.5885944 4.345516  5.5973816 4.5379066 5.010933  2.669923
  6.147252  4.709336  5.1213055 4.2151794]], shape=(1, 18), dtype=float32)"
613,[6 3 5 2 2 6 2 0 0 0 0 0 0 4 0 0 0 0 0 0 0 0 0 0 23],"tf.Tensor([3.191955  3.6039083 4.4635596 4.4674964 2.5451722 9.       ], shape=(6,), dtype=float32)",0.0,[7 1 0 0 0 0 0 5 2 2 6 2 0 4 0 0 0 0 0 0 0 0 0 0 23],False,"tf.Tensor(
[[3.191955  3.6039083 4.4635596 4.4674964 2.5451722 1.512719  4.6195054
  5.1147876 4.680372  4.454632  5.652781  4.5890703 5.125075  2.6284254
  6.2786527 4.7610555 5.179114  4.298082 ]], shape=(1, 18), dtype=float32)"
614,[7 1 0 0 0 0 0 5 2 2 6 2 0 4 0 0 0 0 0 0 0 0 0 0 23],"tf.Tensor([ 3.66359    3.1130922  4.6676455  4.023611   2.9753766 11.       ], shape=(6,), dtype=float32)",0.5,[7 2 4 3 1 2 2 0 0 0 0 0 0 4 0 0 0 0 0 0 0 0 0 0 23],False,"tf.Tensor(
[[3.66359   3.1130922 4.6676455 4.023611  2.9753766 2.7240372 5.1892962
  4.792049  5.326478  3.690575  5.2992377 4.8726506 5.381306  3.0070655
  5.6014934 4.361202  6.169998  3.9452338]], shape=(1, 18), dtype=float32)"
615,[7 2 4 3 1 2 2 0 0 0 0 0 0 4 0 0 0 0 0 0 0 0 0 0 23],[ 0  1  1  1  1 11],0.0,[7 3 4 3 1 2 2 0 0 0 0 0 0 4 0 0 0 0 0 0 0 0 0 0 23],False,"tf.Tensor(
[[3.1837795 3.4992526 4.329625  4.064606  2.201095  1.6833959 4.8226132
  4.9317064 4.90125   4.2013464 5.3899994 4.4670973 4.5812426 2.7874444
  5.809458  4.670901  5.007682  3.7892263]], shape=(1, 18), dtype=float32)"
616,[7 3 4 3 1 2 2 0 0 0 0 0 0 4 0 0 0 0 0 0 0 0 0 0 23],"tf.Tensor([3.1646562 3.5079482 4.3975043 4.0652404 2.3125896 9.       ], shape=(6,), dtype=float32)",60.0,[8 1 0 0 0 0 0 4 3 1 2 2 0 4 0 0 0 0 0 0 0 30 0 0 23],False,"tf.Tensor(
[[3.1646562 3.5079482 4.3975043 4.0652404 2.3125896 1.6960924 4.982016
  4.934594  4.97862   4.2526402 5.4284935 4.4748755 4.7488847 2.8032835
  5.931361  4.713425  5.073745  3.8549514]], shape=(1, 18), dtype=float32)"
617,[8 1 0 0 0 0 0 4 3 1 2 2 0 4 0 0 0 0 0 0 0 30 0 0 23],[1 1 1 0 1 1],0.4,[8 2 6 3 5 2 0 0 0 0 5 0 0 4 0 0 0 0 0 0 0 30 0 0 23],False,"tf.Tensor(
[[ 2.6334767  2.4286265  1.8400481  2.4613435  1.0271654  1.4442903
   2.2650118  1.8200165  2.2227812  1.5264385  1.9794552 -1.1552421
   1.196676   2.2339065  1.2564255  1.0063446  1.1130952  2.294536 ]], shape=(1, 18), dtype=float32)"
618,[8 2 6 3 5 2 0 0 0 0 5 0 0 4 0 0 0 0 0 0 0 30 0 0 23],[0 1 0 1 0 4],0.1,[8 3 6 3 5 2 5 0 0 0 0 0 0 4 0 0 0 0 0 0 0 30 0 0 23],False,"tf.Tensor(
[[3.015331   2.4394076  2.2574334  2.600127   1.6348121  1.4623457
  1.7674294  2.5706663  2.8872094  1.9337589  2.878023   0.18387924
  2.382764   2.8557851  2.327161   1.4786261  1.7072384  2.1321955 ]], shape=(1, 18), dtype=float32)"
619,[8 3 6 3 5 2 5 0 0 0 0 0 0 4 0 0 0 0 0 0 0 30 0 0 23],"tf.Tensor([2.898385  2.5097106 2.2844307 2.6094909 2.0925364 5.       ], shape=(6,), dtype=float32)",12.0,[9 1 0 0 0 0 0 6 3 5 3 2 0 4 0 0 0 6 0 0 0 30 0 0 23],False,"tf.Tensor(
[[2.898385  2.5097106 2.2844307 2.6094909 2.0925364 1.4047272 1.9178114
  2.638285  3.0668638 2.049092  3.1015518 0.5302119 2.9404652 3.0486212
  2.5992951 1.6511127 1.96783   2.1470737]], shape=(1, 18), dtype=float32)"
620,[9 1 0 0 0 0 0 6 3 5 3 2 0 4 0 0 0 6 0 0 0 30 0 0 23],"tf.Tensor([2.7809494 2.08243   2.2930117 3.1825125 1.2113761 5.       ], shape=(6,), dtype=float32)",0.5,[9 2 4 2 6 3 6 0 0 0 0 0 0 4 0 0 0 6 0 0 0 30 0 0 23],False,"tf.Tensor(
[[ 2.7809494   2.08243     2.2930117   3.1825125   1.2113761   1.8751656
   2.8314552   2.4279904   2.627909    2.0874486   3.2955327  -0.09080602
   2.428534    2.8532739   2.466151    1.865365    1.4329959   2.7180822 ]], shape=(1, 18), dtype=float32)"
621,[9 2 4 2 6 3 6 0 0 0 0 0 0 4 0 0 0 6 0 0 0 30 0 0 23],"tf.Tensor([3.1976318 2.7259815 2.3635209 2.5364764 2.4498339 8.       ], shape=(6,), dtype=float32)",0.0,[9 3 4 2 6 3 6 0 0 0 0 0 0 4 0 0 0 6 0 0 0 30 0 0 23],False,"tf.Tensor(
[[3.1976318 2.7259815 2.3635209 2.5364764 2.4498339 1.4809189 2.02415
  3.0466201 3.346138  2.2599876 3.3243752 1.1103038 3.004666  3.7053173
  2.4511037 1.5950371 2.0982425 2.396703 ]], shape=(1, 18), dtype=float32)"
622,[9 3 4 2 6 3 6 0 0 0 0 0 0 4 0 0 0 6 0 0 0 30 0 0 23],"tf.Tensor([3.149924  2.701777  2.3387074 2.632541  2.4356756 8.       ], shape=(6,), dtype=float32)",0.0,[10 1 0 0 0 0 0 4 2 6 3 6 0 4 0 0 0 6 0 0 0 30 0 0 23],False,"tf.Tensor(
[[3.149924  2.701777  2.3387074 2.632541  2.4356756 1.5651104 2.115779
  3.0125606 3.337975  2.313421  3.3607376 1.0788853 3.1048858 3.6973777
  2.5814836 1.6856004 2.1713815 2.4537086]], shape=(1, 18), dtype=float32)"
623,[10 1 0 0 0 0 0 4 2 6 3 6 0 4 0 0 0 6 0 0 0 30 0 0 23],[1 0 1 0 1 7],0.30000000000000004,[10 2 2 1 5 0 0 0 4 0 4 0 0 4 0 0 0 6 0 0 0 30 0 0 23],False,"tf.Tensor(
[[3.3026354  2.285621   2.4691503  3.4651937  2.0158477  2.1242383
  2.8910148  2.6895819  3.5101085  2.0861547  3.8579426  0.23504144
  3.1998785  3.511914   2.9791493  2.6786473  2.0720897  2.6653008 ]], shape=(1, 18), dtype=float32)"
624,[10 2 2 1 5 0 0 0 4 0 4 0 0 4 0 0 0 6 0 0 0 30 0 0 23],"tf.Tensor([3.1597788 2.458042  2.3449159 2.51382   1.6500796 8.       ], shape=(6,), dtype=float32)",0.2,[10 3 2 1 5 4 4 0 0 0 0 0 0 4 0 0 0 6 0 0 0 30 0 0 23],False,"tf.Tensor(
[[3.1597788 2.458042  2.3449159 2.51382   1.6500796 1.6741724 2.180776
  2.8315117 3.149403  2.250178  3.066526  0.6276791 2.0994022 3.4357884
  2.093732  1.3196903 1.3324449 2.5021048]], shape=(1, 18), dtype=float32)"
625,[10 3 2 1 5 4 4 0 0 0 0 0 0 4 0 0 0 6 0 0 0 30 0 0 23],"tf.Tensor([3.048484  2.043168  2.4321165 2.3854685 1.441619  8.       ], shape=(6,), dtype=float32)",0.0,[11 1 0 0 0 0 0 2 3 1 5 5 0 4 0 0 0 6 0 0 0 30 0 0 23],False,"tf.Tensor(
[[3.048484  2.043168  2.4321165 2.3854685 1.441619  1.3038852 2.076051
  3.035601  2.9888499 2.1934552 2.8936372 0.6880123 2.0354114 3.3193316
  2.1114612 1.0594455 1.3396342 2.3646946]], shape=(1, 18), dtype=float32)"
626,[11 1 0 0 0 0 0 2 3 1 5 5 0 4 0 0 0 6 0 0 0 30 0 0 23],"tf.Tensor([3.2080586 2.5296855 2.4864845 2.985054  1.7782214 5.       ], shape=(6,), dtype=float32)",0.5,[11 2 1 1 5 5 1 0 0 0 0 0 0 4 0 0 0 6 0 0 0 30 0 0 23],False,"tf.Tensor(
[[3.2080586e+00 2.5296855e+00 2.4864845e+00 2.9850540e+00 1.7782214e+00
  1.3568071e+00 2.1460135e+00 2.5792902e+00 2.9390817e+00 2.1977675e+00
  3.3697264e+00 3.3578426e-03 2.4916184e+00 3.1365497e+00 2.3815835e+00
  1.5327367e+00 1.4139305e+00 2.4524167e+00]], shape=(1, 18), dtype=float32)"
627,[11 2 1 1 5 5 1 0 0 0 0 0 0 4 0 0 0 6 0 0 0 30 0 0 23],[0 1 1 0 1 9],0.0,[11 3 1 1 5 5 1 0 0 0 0 0 0 4 0 0 0 6 0 0 0 30 0 0 23],False,"tf.Tensor(
[[2.5788913 1.5978725 2.3562026 2.3609529 0.797812  1.2980944 2.4829285
  3.09741   2.370567  2.3989055 2.9468057 0.5151377 1.5146513 2.8572326
  1.9124539 1.1828699 1.1943283 2.2889724]], shape=(1, 18), dtype=float32)"
628,[11 3 1 1 5 5 1 0 0 0 0 0 0 4 0 0 0 6 0 0 0 30 0 0 23],"tf.Tensor([2.5165095 1.6028763 2.3611808 2.4132292 0.792957  2.       ], shape=(6,), dtype=float32)",0.0,[12 1 0 0 0 0 0 1 1 5 5 1 0 4 0 0 0 6 0 0 0 30 0 0 23],False,"tf.Tensor(
[[2.5165095 1.6028763 2.3611808 2.4132292 0.792957  1.3744495 2.5965796
  3.1201468 2.39372   2.4876301 3.0056787 0.4612183 1.6060052 2.8066192
  2.019326  1.3040935 1.2685848 2.2917972]], shape=(1, 18), dtype=float32)"
629,[12 1 0 0 0 0 0 1 1 5 5 1 0 4 0 0 0 6 0 0 0 30 0 0 23],"tf.Tensor([3.0766006 1.778813  2.6074731 2.60836   0.8197705 3.       ], shape=(6,), dtype=float32)",0.4,[12 2 4 2 2 5 0 0 0 0 0 3 0 4 0 0 0 6 0 0 0 30 0 0 23],False,"tf.Tensor(
[[3.0766006 1.778813  2.6074731 2.60836   0.8197705 2.2702606 2.3636782
  2.787894  3.6452913 2.3135347 3.3317626 0.5810907 1.9253744 3.1354818
  2.3567863 1.6112717 1.3339441 2.5072105]], shape=(1, 18), dtype=float32)"
630,[12 2 4 2 2 5 0 0 0 0 0 3 0 4 0 0 0 6 0 0 0 30 0 0 23],[1 1 1 0 0 6],0.0,[12 3 4 2 2 5 0 0 0 0 0 5 0 4 0 0 0 6 0 0 0 30 0 0 23],False,"tf.Tensor(
[[2.6065133 1.4777771 2.5803597 2.7428591 1.039952  1.7588563 3.121047
  3.1548388 3.0077486 2.580775  3.4252787 0.683926  2.271283  2.7764783
  2.8616962 1.71734   1.8765541 2.3588963]], shape=(1, 18), dtype=float32)"
631,[12 3 4 2 2 5 0 0 0 0 0 5 0 4 0 0 0 6 0 0 0 30 0 0 23],"tf.Tensor([2.694495  1.5162828 2.8365705 3.0459206 1.2722808 5.       ], shape=(6,), dtype=float32)",-12.0,[13 1 0 0 0 0 0 4 2 2 5 5 0 4 0 0 0 0 0 0 0 30 0 0 23],False,"tf.Tensor(
[[2.694495   1.5162828  2.8365705  3.0459206  1.2722808  1.6207788
  3.1642926  3.3315742  3.166057   2.7520177  3.6897635  0.55701715
  2.7208269  2.7618139  3.3302212  2.1295686  1.9814717  2.4528742 ]], shape=(1, 18), dtype=float32)"
632,[13 1 0 0 0 0 0 4 2 2 5 5 0 4 0 0 0 0 0 0 0 30 0 0 23],"tf.Tensor([3.0322778 2.3893929 2.2070775 2.9390018 1.6224562 5.       ], shape=(6,), dtype=float32)",0.5,[13 2 6 4 5 2 4 0 0 0 0 0 0 4 0 0 0 0 0 0 0 30 0 0 23],False,"tf.Tensor(
[[ 3.0322778   2.3893929   2.2070775   2.9390018   1.6224562   1.7429502
   2.2066655   2.1420157   3.137249    2.0516632   3.1427586  -0.25375304
   2.3588343   2.8383174   2.2851458   1.555261    1.5437642   2.4975553 ]], shape=(1, 18), dtype=float32)"
633,[13 2 6 4 5 2 4 0 0 0 0 0 0 4 0 0 0 0 0 0 0 30 0 0 23],"tf.Tensor([2.5729027 1.5603478 2.3203743 2.3813977 1.4243095 3.       ], shape=(6,), dtype=float32)",0.0,[13 3 6 4 5 2 4 0 0 0 0 0 0 4 0 0 0 0 0 0 0 30 0 0 23],False,"tf.Tensor(
[[2.5729027 1.5603478 2.3203743 2.3813977 1.4243095 2.1837473 2.7892537
  3.0776548 3.8236794 2.5881193 3.6454558 1.3959838 2.396339  2.956717
  2.854196  2.023015  1.8694949 2.4806569]], shape=(1, 18), dtype=float32)"
634,[13 3 6 4 5 2 4 0 0 0 0 0 0 4 0 0 0 0 0 0 0 30 0 0 23],"tf.Tensor([2.573783  1.5120173 2.373402  2.4714005 1.43617   3.       ], shape=(6,), dtype=float32)",16.0,[14 1 0 0 0 0 0 6 4 5 2 4 0 4 0 8 0 0 0 0 0 30 0 0 23],True,"tf.Tensor(
[[2.573783  1.5120173 2.373402  2.4714005 1.43617   2.2610006 2.9263132
  3.0823112 3.869782  2.6206274 3.6591578 1.3520132 2.4814625 2.953054
  2.9742265 2.1230092 1.9183563 2.5636165]], shape=(1, 18), dtype=float32)"
635,[1 1 0 0 0 0 0 6 5 3 5 3 0 0 0 0 0 0 0 0 0 0 0 0 0],"tf.Tensor([ 2.6603773  3.3782318  1.8695555  2.1278758  4.121143  11.       ], shape=(6,), dtype=float32)",0.5,[1 2 6 5 3 5 3 0 0 0 0 0 0 0 0 0 0 0 0 0 0 0 0 0 0],False,"tf.Tensor(
[[2.6603773 3.3782318 1.8695555 2.1278758 4.121143  3.216581  3.5117183
  2.2928033 4.254988  1.8012646 2.9315233 2.5319662 4.20456   3.6372867
  3.5497243 3.3557186 4.458855  2.8201594]], shape=(1, 18), dtype=float32)"
636,[1 2 6 5 3 5 3 0 0 0 0 0 0 0 0 0 0 0 0 0 0 0 0 0 0],"tf.Tensor([ 3.1526585  3.064576   2.2228267  3.068434   3.7843633 11.       ], shape=(6,), dtype=float32)",0.0,[1 3 6 5 3 5 3 0 0 0 0 0 0 0 0 0 0 0 0 0 0 0 0 0 0],False,"tf.Tensor(
[[3.1526585 3.064576  2.2228267 3.068434  3.7843633 2.7591648 3.1965847
  2.9433768 4.164725  2.216872  3.3175356 2.676608  4.0439863 2.5251436
  3.8593843 4.090137  4.1794124 3.7066114]], shape=(1, 18), dtype=float32)"
637,[1 3 6 5 3 5 3 0 0 0 0 0 0 0 0 0 0 0 0 0 0 0 0 0 0],"tf.Tensor([3.2302015 3.0844018 2.307172  3.0831892 3.874925  3.       ], shape=(6,), dtype=float32)",0.0,[2 1 0 0 0 0 0 6 5 3 5 3 0 0 0 0 0 0 0 0 0 0 0 0 0],False,"tf.Tensor(
[[3.2302015 3.0844018 2.307172  3.0831892 3.874925  2.8216357 3.31111
  3.0045397 4.312069  2.2681518 3.4090617 2.654169  4.153191  2.5725672
  3.9374204 4.1600757 4.2115593 3.7658484]], shape=(1, 18), dtype=float32)"
638,[2 1 0 0 0 0 0 6 5 3 5 3 0 0 0 0 0 0 0 0 0 0 0 0 0],"tf.Tensor([ 2.7489688  3.356018   1.8287098  2.1417139  4.124555  11.       ], shape=(6,), dtype=float32)",0.5,[2 2 6 2 5 2 2 0 0 0 0 0 0 0 0 0 0 0 0 0 0 0 0 0 0],False,"tf.Tensor(
[[2.7489688 3.356018  1.8287098 2.1417139 4.124555  3.341699  3.7178063
  2.3828406 4.3098407 1.7831646 2.9552808 2.5553606 4.2607427 3.819585
  3.5706828 3.4363558 4.519905  2.8525913]], shape=(1, 18), dtype=float32)"
639,[2 2 6 2 5 2 2 0 0 0 0 0 0 0 0 0 0 0 0 0 0 0 0 0 0],"tf.Tensor([ 2.6445217  2.6554315  2.0597365  2.8454692  3.0567749 11.       ], shape=(6,), dtype=float32)",0.0,[2 3 6 2 5 2 2 0 0 0 0 0 0 0 0 0 0 0 0 0 0 0 0 0 0],False,"tf.Tensor(
[[2.6445217 2.6554315 2.0597365 2.8454692 3.0567749 2.1590984 2.7301931
  2.7877305 3.4292037 2.1104712 3.1018028 2.6735048 3.4016929 2.0181165
  3.566422  3.576604  3.739706  3.2389832]], shape=(1, 18), dtype=float32)"
640,[2 3 6 2 5 2 2 0 0 0 0 0 0 0 0 0 0 0 0 0 0 0 0 0 0],"tf.Tensor([ 2.6786532  2.6824098  2.1937382  2.9037151  3.1303794 11.       ], shape=(6,), dtype=float32)",0.0,[3 1 0 0 0 0 0 6 2 5 2 2 0 0 0 0 0 0 0 0 0 0 0 0 0],False,"tf.Tensor(
[[2.6786532 2.6824098 2.1937382 2.9037151 3.1303794 2.206202  2.8921556
  2.8482943 3.565294  2.1836476 3.2217147 2.7116244 3.526915  2.0589657
  3.6997194 3.6682765 3.8238661 3.3334281]], shape=(1, 18), dtype=float32)"
641,[3 1 0 0 0 0 0 6 2 5 2 2 0 0 0 0 0 0 0 0 0 0 0 0 0],[0 0 1 0 1 8],0.2,[3 2 4 4 0 0 0 6 1 0 3 0 0 0 0 0 0 0 0 0 0 0 0 0 0],False,"tf.Tensor(
[[2.39365   2.6688645 1.4629276 1.9980922 3.1957421 2.9893513 3.1489153
  2.1867704 3.4015155 1.5514253 2.4263468 2.2159936 3.6385605 3.362126
  3.1686428 2.5669763 4.1475472 2.3506944]], shape=(1, 18), dtype=float32)"
642,[3 2 4 4 0 0 0 6 1 0 3 0 0 0 0 0 0 0 0 0 0 0 0 0 0],"tf.Tensor([ 2.3569584  2.905857   1.4435359  2.756168   3.438386  11.       ], shape=(6,), dtype=float32)",0.30000000000000004,[3 3 4 4 6 1 3 0 0 0 0 0 0 0 0 0 0 0 0 0 0 0 0 0 0],False,"tf.Tensor(
[[2.3569584 2.905857  1.4435359 2.756168  3.438386  2.7286303 2.9737196
  2.6698515 3.1108527 2.2889018 2.9811385 2.5579538 3.7457972 3.6595895
  3.7260642 2.7909718 4.3007827 2.9362617]], shape=(1, 18), dtype=float32)"
643,[3 3 4 4 6 1 3 0 0 0 0 0 0 0 0 0 0 0 0 0 0 0 0 0 0],"tf.Tensor([3.1253066 2.8163192 2.4265206 3.1471379 3.036898  9.       ], shape=(6,), dtype=float32)",0.0,[4 1 0 0 0 0 0 3 3 4 3 4 0 0 0 0 0 0 0 0 0 0 0 0 0],False,"tf.Tensor(
[[3.1253066 2.8163192 2.4265206 3.1471379 3.036898  2.3628252 2.9655719
  3.2294796 3.814476  2.367539  3.3253596 2.4573648 3.7708693 1.9655926
  4.001112  3.935058  3.836092  3.688807 ]], shape=(1, 18), dtype=float32)"
644,[4 1 0 0 0 0 0 3 3 4 3 4 0 0 0 0 0 0 0 0 0 0 0 0 0],"tf.Tensor([ 2.5876982  2.4254546  1.483853   1.7556732  2.9870253 11.       ], shape=(6,), dtype=float32)",0.5,[4 2 4 5 1 5 6 0 0 0 0 0 0 0 0 0 0 0 0 0 0 0 0 0 0],False,"tf.Tensor(
[[2.5876982 2.4254546 1.483853  1.7556732 2.9870253 2.8329506 3.2036562
  2.0943594 3.3235583 1.3176438 2.3569126 2.1172667 3.538018  3.3546288
  2.5755386 2.9448533 3.6074696 2.3452432]], shape=(1, 18), dtype=float32)"
645,[4 2 4 5 1 5 6 0 0 0 0 0 0 0 0 0 0 0 0 0 0 0 0 0 0],"tf.Tensor([3.1922638 2.8965945 2.0575738 2.8789775 3.2963095 7.       ], shape=(6,), dtype=float32)",0.0,[4 3 4 5 1 5 6 0 0 0 0 0 0 0 0 0 0 0 0 0 0 0 0 0 0],False,"tf.Tensor(
[[3.1922638 2.8965945 2.0575738 2.8789775 3.2963095 2.4390137 2.4525251
  2.859731  3.6251607 2.2399113 3.098205  1.8923712 3.9132407 2.4802818
  3.4989114 3.5088785 3.496689  3.519825 ]], shape=(1, 18), dtype=float32)"
646,[4 3 4 5 1 5 6 0 0 0 0 0 0 0 0 0 0 0 0 0 0 0 0 0 0],"tf.Tensor([3.23815   2.924251  2.162632  2.8814042 3.4077115 7.       ], shape=(6,), dtype=float32)",0.0,[5 1 0 0 0 0 0 4 5 1 5 6 0 0 0 0 0 0 0 0 0 0 0 0 0],False,"tf.Tensor(
[[3.23815   2.924251  2.162632  2.8814042 3.4077115 2.5251946 2.644022
  2.9075148 3.807831  2.3431735 3.1521215 1.9181721 4.0414824 2.5441182
  3.6360896 3.581282  3.6022992 3.5823686]], shape=(1, 18), dtype=float32)"
647,[5 1 0 0 0 0 0 4 5 1 5 6 0 0 0 0 0 0 0 0 0 0 0 0 0],"tf.Tensor([2.9264941 3.0159628 1.8364545 2.0767307 3.794905  3.       ], shape=(6,), dtype=float32)",0.5,[5 2 5 5 6 3 3 0 0 0 0 0 0 0 0 0 0 0 0 0 0 0 0 0 0],False,"tf.Tensor(
[[2.9264941 3.0159628 1.8364545 2.0767307 3.794905  3.4187531 4.1923065
  2.5755658 4.4420943 1.641956  2.9313967 2.490965  4.098068  3.82593
  3.3943632 3.5653374 4.351952  2.803626 ]], shape=(1, 18), dtype=float32)"
648,[5 2 5 5 6 3 3 0 0 0 0 0 0 0 0 0 0 0 0 0 0 0 0 0 0],"tf.Tensor([ 3.696322   3.2253497  2.6796677  3.6825948  3.4284983 10.       ], shape=(6,), dtype=float32)",0.0,[5 3 5 5 6 3 3 0 0 0 0 0 0 0 0 0 0 0 0 0 0 0 0 0 0],False,"tf.Tensor(
[[3.696322  3.2253497 2.6796677 3.6825948 3.4284983 2.6758783 3.388009
  3.881534  4.2512765 2.6547294 3.8741133 3.006862  4.31395   2.255172
  4.5306196 4.6113586 4.4070697 4.3518667]], shape=(1, 18), dtype=float32)"
649,[5 3 5 5 6 3 3 0 0 0 0 0 0 0 0 0 0 0 0 0 0 0 0 0 0],"tf.Tensor([ 3.7397754  3.2648425  2.7960312  3.7252834  3.5266025 10.       ], shape=(6,), dtype=float32)",0.0,[6 1 0 0 0 0 0 5 5 6 3 3 0 0 0 0 0 0 0 0 0 0 0 0 0],False,"tf.Tensor(
[[3.7397754 3.2648425 2.7960312 3.7252834 3.5266025 2.7358556 3.567062
  3.9393945 4.402276  2.7294714 3.979789  3.0383406 4.4554386 2.3029585
  4.656375  4.736016  4.4756746 4.4409766]], shape=(1, 18), dtype=float32)"
650,[6 1 0 0 0 0 0 5 5 6 3 3 0 0 0 0 0 0 0 0 0 0 0 0 0],"tf.Tensor([ 3.4359522  2.8562899  1.6606219  2.7441719  3.740783  11.       ], shape=(6,), dtype=float32)",0.5,[6 2 1 4 5 5 3 0 0 0 0 0 0 0 0 0 0 0 0 0 0 0 0 0 0],False,"tf.Tensor(
[[3.4359522 2.8562899 1.6606219 2.7441719 3.740783  3.8007033 4.368936
  2.8945389 4.027527  1.5498943 3.2574518 2.7594194 4.630573  4.3635087
  3.4733176 3.9292352 4.837996  3.313092 ]], shape=(1, 18), dtype=float32)"
651,[6 2 1 4 5 5 3 0 0 0 0 0 0 0 0 0 0 0 0 0 0 0 0 0 0],[0 0 0 1 0 2],0.0,[6 3 1 4 5 5 3 0 0 0 0 0 0 0 0 0 0 0 0 0 0 0 0 0 0],False,"tf.Tensor(
[[3.3531058 2.6078224 2.1966848 3.2034333 2.565565  2.2143457 2.614099
  3.501508  3.3571765 2.1070306 3.399766  2.4366732 3.5231237 1.7452455
  3.6358366 3.976755  3.3405256 3.8861856]], shape=(1, 18), dtype=float32)"
652,[6 3 1 4 5 5 3 0 0 0 0 0 0 0 0 0 0 0 0 0 0 0 0 0 0],"tf.Tensor([ 3.3820233  2.6028543  2.2873344  3.234965   2.6281834 10.       ], shape=(6,), dtype=float32)",0.0,[7 1 0 0 0 0 0 1 4 5 5 3 0 0 0 0 0 0 0 0 0 0 0 0 0],False,"tf.Tensor(
[[3.3820233 2.6028543 2.2873344 3.234965  2.6281834 2.2661014 2.7520356
  3.5364652 3.4600854 2.1824825 3.4912446 2.4389324 3.640609  1.7779083
  3.738821  4.084446  3.3521423 3.9799736]], shape=(1, 18), dtype=float32)"
653,[7 1 0 0 0 0 0 1 4 5 5 3 0 0 0 0 0 0 0 0 0 0 0 0 0],"tf.Tensor([ 3.160577   2.7369528  1.74486    2.1827462  3.1806862 11.       ], shape=(6,), dtype=float32)",0.5,[7 2 1 2 3 3 2 0 0 0 0 0 0 0 0 0 0 0 0 0 0 0 0 0 0],False,"tf.Tensor(
[[3.160577  2.7369528 1.74486   2.1827462 3.1806862 3.1531408 4.0225654
  2.308239  3.5889797 1.357071  2.658753  2.674082  4.0595245 4.280457
  2.9828632 3.797761  4.2882304 2.7456784]], shape=(1, 18), dtype=float32)"
654,[7 2 1 2 3 3 2 0 0 0 0 0 0 0 0 0 0 0 0 0 0 0 0 0 0],"tf.Tensor([ 2.295357   1.512292   1.4244856  2.261643   1.9053984 12.       ], shape=(6,), dtype=float32)",0.0,[7 3 1 2 3 3 2 0 0 0 0 0 0 0 0 0 0 0 0 0 0 0 0 0 0],False,"tf.Tensor(
[[2.295357  1.512292  1.4244856 2.261643  1.9053984 1.9708533 2.5272179
  2.4070876 2.5053825 1.4566203 2.5608344 1.9532411 2.6639898 1.5427108
  2.601514  3.0139983 2.3361888 3.0578961]], shape=(1, 18), dtype=float32)"
655,[7 3 1 2 3 3 2 0 0 0 0 0 0 0 0 0 0 0 0 0 0 0 0 0 0],"tf.Tensor([ 2.3393908  1.5430608  1.5354877  2.2802393  2.0071611 12.       ], shape=(6,), dtype=float32)",22.0,[8 1 0 0 0 0 0 1 2 3 3 2 0 0 0 0 0 0 0 0 0 0 0 0 11],False,"tf.Tensor(
[[2.3393908 1.5430608 1.5354877 2.2802393 2.0071611 2.0397136 2.6562757
  2.4568405 2.6892953 1.5568705 2.6388676 2.000021  2.7583601 1.5788345
  2.7185228 3.1041114 2.3915637 3.127114 ]], shape=(1, 18), dtype=float32)"
656,[8 1 0 0 0 0 0 1 2 3 3 2 0 0 0 0 0 0 0 0 0 0 0 0 11],"tf.Tensor([ 2.3556635  2.0230787  2.476663   2.6671627  1.786597  11.       ], shape=(6,), dtype=float32)",0.5,[8 2 6 6 6 3 2 0 0 0 0 0 0 0 0 0 0 0 0 0 0 0 0 0 11],False,"tf.Tensor(
[[2.3556635 2.0230787 2.476663  2.6671627 1.786597  1.8033721 3.4534092
  2.8996103 3.1575868 2.140571  3.1499345 2.6947386 3.3803399 2.0630794
  3.4882152 3.203367  3.5476508 2.716583 ]], shape=(1, 18), dtype=float32)"
657,[8 2 6 6 6 3 2 0 0 0 0 0 0 0 0 0 0 0 0 0 0 0 0 0 11],[0 1 1 1 1 7],0.0,[8 3 6 6 6 3 2 0 0 0 0 0 0 0 0 0 0 0 0 0 0 0 0 0 11],False,"tf.Tensor(
[[3.6736028 3.2496111 3.4884632 3.5733411 3.6456003 2.997731  5.447185
  4.387261  5.841353  4.1543345 4.4957685 3.4101083 5.206642  2.9077835
  6.0691705 5.2174487 4.6365776 4.97363  ]], shape=(1, 18), dtype=float32)"
658,[8 3 6 6 6 3 2 0 0 0 0 0 0 0 0 0 0 0 0 0 0 0 0 0 11],"tf.Tensor([3.750885  3.2814674 3.6424012 3.6353617 3.7328997 9.       ], shape=(6,), dtype=float32)",0.0,[9 1 0 0 0 0 0 6 6 6 3 2 0 0 0 0 0 0 0 0 0 0 0 0 11],False,"tf.Tensor(
[[3.750885  3.2814674 3.6424012 3.6353617 3.7328997 3.020092  5.5488358
  4.4963756 5.9521766 4.2267194 4.6019506 3.436208  5.357202  2.845171
  6.2064123 5.3418355 4.693361  5.1056657]], shape=(1, 18), dtype=float32)"
659,[9 1 0 0 0 0 0 6 6 6 3 2 0 0 0 0 0 0 0 0 0 0 0 0 11],"tf.Tensor([ 3.6887918  2.627793   2.494738   3.5431943  3.2645314 11.       ], shape=(6,), dtype=float32)",0.5,[9 2 6 2 6 4 5 0 0 0 0 0 0 0 0 0 0 0 0 0 0 0 0 0 11],False,"tf.Tensor(
[[3.6887918 2.627793  2.494738  3.5431943 3.2645314 3.771703  5.392901
  3.7267292 4.1761336 2.382547  3.9251347 3.3318636 5.4027424 4.2333055
  4.6312385 4.5412216 5.4672294 4.056901 ]], shape=(1, 18), dtype=float32)"
660,[9 2 6 2 6 4 5 0 0 0 0 0 0 0 0 0 0 0 0 0 0 0 0 0 11],"tf.Tensor([3.5128145 2.831378  2.8954532 3.814288  3.2933776 9.       ], shape=(6,), dtype=float32)",0.0,[9 3 6 2 6 4 5 0 0 0 0 0 0 0 0 0 0 0 0 0 0 0 0 0 11],False,"tf.Tensor(
[[3.5128145 2.831378  2.8954532 3.814288  3.2933776 2.978893  5.1622944
  4.221404  4.8683553 3.4502552 4.5347095 3.4140065 4.900245  2.8452203
  5.669341  5.049813  4.5252156 5.0065765]], shape=(1, 18), dtype=float32)"
661,[9 3 6 2 6 4 5 0 0 0 0 0 0 0 0 0 0 0 0 0 0 0 0 0 11],"tf.Tensor([3.5809395 2.8817132 3.0389512 3.8171544 3.4088163 9.       ], shape=(6,), dtype=float32)",0.0,[10 1 0 0 0 0 0 6 2 6 4 5 0 0 0 0 0 0 0 0 0 0 0 0 11],False,"tf.Tensor(
[[3.5809395 2.8817132 3.0389512 3.8171544 3.4088163 3.0240896 5.2956004
  4.289283  5.047066  3.547842  4.600792  3.4548404 5.054338  2.8323443
  5.7881365 5.172469  4.585581  5.0954237]], shape=(1, 18), dtype=float32)"
662,[10 1 0 0 0 0 0 6 2 6 4 5 0 0 0 0 0 0 0 0 0 0 0 0 11],"tf.Tensor([ 3.6710978  3.0816083  3.072643   3.2427874  3.505276  11.       ], shape=(6,), dtype=float32)",0.5,[10 2 4 5 1 6 5 0 0 0 0 0 0 0 0 0 0 0 0 0 0 0 0 0 11],False,"tf.Tensor(
[[3.6710978 3.0816083 3.072643  3.2427874 3.505276  3.9915779 5.594259
  3.7068224 4.986381  2.4979866 3.8229864 3.5795717 5.6159043 4.319386
  4.9053264 4.3229494 6.0607343 3.6623166]], shape=(1, 18), dtype=float32)"
663,[10 2 4 5 1 6 5 0 0 0 0 0 0 0 0 0 0 0 0 0 0 0 0 0 11],"tf.Tensor([3.6710389 2.7606232 2.9422455 3.2288468 3.2136693 1.       ], shape=(6,), dtype=float32)",0.0,[10 3 4 5 1 6 5 0 0 0 0 0 0 0 0 0 0 0 0 0 0 0 0 0 11],False,"tf.Tensor(
[[3.6710389 2.7606232 2.9422455 3.2288468 3.2136693 3.1771276 5.2741294
  4.08293   5.2253857 3.1847768 4.2087636 3.2510004 4.7408166 3.0837314
  5.1356764 4.5542502 4.586751  4.3931727]], shape=(1, 18), dtype=float32)"
664,[10 3 4 5 1 6 5 0 0 0 0 0 0 0 0 0 0 0 0 0 0 0 0 0 11],"tf.Tensor([3.7120945 2.7785676 3.106162  3.2424014 3.28305   1.       ], shape=(6,), dtype=float32)",0.0,[11 1 0 0 0 0 0 4 5 1 6 5 0 0 0 0 0 0 0 0 0 0 0 0 11],False,"tf.Tensor(
[[3.7120945 2.7785676 3.106162  3.2424014 3.28305   3.19946   5.411736
  4.178578  5.377013  3.2845187 4.2930183 3.3338513 4.8644257 3.041717
  5.2765746 4.6106195 4.6805253 4.468934 ]], shape=(1, 18), dtype=float32)"
665,[11 1 0 0 0 0 0 4 5 1 6 5 0 0 0 0 0 0 0 0 0 0 0 0 11],"tf.Tensor([3.8323796 2.7805536 2.8847475 3.222002  3.22845   1.       ], shape=(6,), dtype=float32)",0.5,[11 2 4 6 2 1 2 0 0 0 0 0 0 0 0 0 0 0 0 0 0 0 0 0 11],False,"tf.Tensor(
[[3.8323796 2.7805536 2.8847475 3.222002  3.22845   3.6248438 5.7759566
  4.2806716 4.8139434 2.4238877 4.242103  3.6739523 5.052755  4.211944
  4.6404877 4.5561757 5.426449  3.6998804]], shape=(1, 18), dtype=float32)"
666,[11 2 4 6 2 1 2 0 0 0 0 0 0 0 0 0 0 0 0 0 0 0 0 0 11],"tf.Tensor([3.201147  2.336503  2.9986205 2.718348  2.730074  1.       ], shape=(6,), dtype=float32)",0.0,[11 3 4 6 2 1 2 0 0 0 0 0 0 0 0 0 0 0 0 0 0 0 0 0 11],False,"tf.Tensor(
[[3.201147  2.336503  2.9986205 2.718348  2.730074  2.8282266 5.302051
  3.7871902 5.286624  3.4151728 3.8477223 3.0838962 4.168706  2.604367
  4.954687  4.519385  3.8078191 4.0915937]], shape=(1, 18), dtype=float32)"
667,[11 3 4 6 2 1 2 0 0 0 0 0 0 0 0 0 0 0 0 0 0 0 0 0 11],"tf.Tensor([3.2426808 2.3421416 3.1484385 2.7481968 2.787898  1.       ], shape=(6,), dtype=float32)",8.0,[12 1 0 0 0 0 0 4 6 2 1 2 0 4 0 0 0 0 0 0 0 0 0 0 11],False,"tf.Tensor(
[[3.2426808 2.3421416 3.1484385 2.7481968 2.787898  2.8562748 5.4364123
  3.886378  5.4194055 3.5128024 3.9463353 3.1618226 4.279215  2.5790458
  5.0919995 4.5788374 3.8922732 4.1708035]], shape=(1, 18), dtype=float32)"
668,[12 1 0 0 0 0 0 4 6 2 1 2 0 4 0 0 0 0 0 0 0 0 0 0 11],"tf.Tensor([3.5653331 2.3568304 2.6304822 3.9523513 2.4065623 1.       ], shape=(6,), dtype=float32)",0.5,[12 2 1 1 1 6 2 0 0 0 0 0 0 4 0 0 0 0 0 0 0 0 0 0 11],False,"tf.Tensor(
[[3.5653331 2.3568304 2.6304822 3.9523513 2.4065623 2.7868094 5.3190203
  4.7073135 3.5061114 2.4173439 4.843489  4.076002  4.595723  3.6087544
  4.665368  4.634686  5.012248  4.0442047]], shape=(1, 18), dtype=float32)"
669,[12 2 1 1 1 6 2 0 0 0 0 0 0 4 0 0 0 0 0 0 0 0 0 0 11],"tf.Tensor([2.8390214 1.9674273 2.6379724 3.2788765 1.5264263 5.       ], shape=(6,), dtype=float32)",0.0,[12 3 1 1 1 6 2 0 0 0 0 0 0 4 0 0 0 0 0 0 0 0 0 0 11],False,"tf.Tensor(
[[2.8390214 1.9674273 2.6379724 3.2788765 1.5264263 2.1938236 4.371383
  4.050669  3.9103825 2.6002052 4.5896616 3.6045127 3.098607  1.913733
  4.494164  4.261739  3.2022657 4.2024064]], shape=(1, 18), dtype=float32)"
670,[12 3 1 1 1 6 2 0 0 0 0 0 0 4 0 0 0 0 0 0 0 0 0 0 11],"tf.Tensor([2.8668354 1.9540933 2.755704  3.2706637 1.5878644 5.       ], shape=(6,), dtype=float32)",12.0,[13 1 0 0 0 0 0 1 1 1 6 2 0 4 0 0 0 6 0 0 0 0 0 0 11],False,"tf.Tensor(
[[2.8668354 1.9540933 2.755704  3.2706637 1.5878644 2.1818652 4.4687476
  4.119913  3.983897  2.704183  4.647457  3.6506705 3.2562935 1.8772447
  4.6051946 4.315012  3.2391489 4.229018 ]], shape=(1, 18), dtype=float32)"
671,[13 1 0 0 0 0 0 1 1 1 6 2 0 4 0 0 0 6 0 0 0 0 0 0 11],"tf.Tensor([4.222381  2.686479  3.7203631 3.7395966 2.4139504 1.       ], shape=(6,), dtype=float32)",0.5,[13 2 4 6 2 1 2 0 0 0 0 0 0 4 0 0 0 6 0 0 0 0 0 0 11],False,"tf.Tensor(
[[4.222381  2.686479  3.7203631 3.7395966 2.4139504 3.4824362 5.9801445
  4.9807386 5.4096065 2.619544  5.334779  4.6747265 4.7475467 3.5891342
  5.1443877 4.8308578 5.752513  3.9031165]], shape=(1, 18), dtype=float32)"
672,[13 2 4 6 2 1 2 0 0 0 0 0 0 4 0 0 0 6 0 0 0 0 0 0 11],"tf.Tensor([4.5197964 3.1334722 4.1197796 3.8086224 3.214481  1.       ], shape=(6,), dtype=float32)",0.0,[13 3 4 6 2 1 2 0 0 0 0 0 0 4 0 0 0 6 0 0 0 0 0 0 11],False,"tf.Tensor(
[[4.5197964 3.1334722 4.1197796 3.8086224 3.214481  3.329258  6.164307
  5.4242897 6.0457935 3.8112438 5.6591525 4.5905523 5.4522824 3.3689067
  6.013327  5.333583  5.593118  4.9188805]], shape=(1, 18), dtype=float32)"
673,[13 3 4 6 2 1 2 0 0 0 0 0 0 4 0 0 0 6 0 0 0 0 0 0 11],"tf.Tensor([4.579803  3.134507  4.244586  3.827595  3.2903824 1.       ], shape=(6,), dtype=float32)",0.0,[14 1 0 0 0 0 0 4 6 2 1 2 0 4 0 0 0 6 0 0 0 0 0 0 11],True,"tf.Tensor(
[[4.579803  3.134507  4.244586  3.827595  3.2903824 3.3538017 6.2716556
  5.5143704 6.1496434 3.8904798 5.735412  4.6277285 5.5783067 3.319448
  6.1307716 5.421466  5.6382613 5.028538 ]], shape=(1, 18), dtype=float32)"
674,[1 1 0 0 0 0 0 5 4 3 5 1 0 0 0 0 0 0 0 0 0 0 0 0 0],"tf.Tensor([ 2.3021412  2.8684685  1.541178   1.9134896  3.4895008 11.       ], shape=(6,), dtype=float32)",0.5,[1 2 5 4 3 5 1 0 0 0 0 0 0 0 0 0 0 0 0 0 0 0 0 0 0],False,"tf.Tensor(
[[2.3021412 2.8684685 1.541178  1.9134896 3.4895008 2.7657783 2.9496794
  1.9474992 3.5427139 1.5737044 2.4787605 2.1617894 3.6198132 3.186829
  2.9878118 2.8739393 3.8167408 2.4577281]], shape=(1, 18), dtype=float32)"
675,[1 2 5 4 3 5 1 0 0 0 0 0 0 0 0 0 0 0 0 0 0 0 0 0 0],"tf.Tensor([ 2.7543323  2.529027   1.9622642  2.6809797  3.1155698 10.       ], shape=(6,), dtype=float32)",0.0,[1 3 5 4 3 5 1 0 0 0 0 0 0 0 0 0 0 0 0 0 0 0 0 0 0],False,"tf.Tensor(
[[2.7543323 2.529027  1.9622642 2.6809797 3.1155698 2.3218086 2.9068427
  2.727472  3.5371723 1.869546  2.9266732 2.5051813 3.3794975 1.9997333
  3.3328412 3.6791074 3.5667021 3.2809513]], shape=(1, 18), dtype=float32)"
676,[1 3 5 4 3 5 1 0 0 0 0 0 0 0 0 0 0 0 0 0 0 0 0 0 0],"tf.Tensor([ 2.807402   2.5225189  2.0552325  2.6822379  3.1936202 10.       ], shape=(6,), dtype=float32)",0.0,[2 1 0 0 0 0 0 5 4 3 5 1 0 0 0 0 0 0 0 0 0 0 0 0 0],False,"tf.Tensor(
[[2.807402  2.5225189 2.0552325 2.6822379 3.1936202 2.3876605 3.0800762
  2.798313  3.7031434 1.9447625 3.0062127 2.496975  3.4862044 2.0290306
  3.4379022 3.7333455 3.6166315 3.3363507]], shape=(1, 18), dtype=float32)"
677,[2 1 0 0 0 0 0 5 4 3 5 1 0 0 0 0 0 0 0 0 0 0 0 0 0],"tf.Tensor([ 2.3586886  2.7536538  1.4614081  1.975188   3.4586437 11.       ], shape=(6,), dtype=float32)",0.5,[2 2 4 5 4 4 4 0 0 0 0 0 0 0 0 0 0 0 0 0 0 0 0 0 0],False,"tf.Tensor(
[[2.3586886 2.7536538 1.4614081 1.975188  3.4586437 2.8957071 3.22183
  2.0169206 3.530257  1.5107175 2.5190203 2.1976118 3.6768842 3.388554
  2.9893756 2.949696  3.8839006 2.4947693]], shape=(1, 18), dtype=float32)"
678,[2 2 4 5 4 4 4 0 0 0 0 0 0 0 0 0 0 0 0 0 0 0 0 0 0],"tf.Tensor([ 3.2215514  2.9491463  2.2895434  3.1232939  3.246285  11.       ], shape=(6,), dtype=float32)",0.0,[2 3 4 5 4 4 4 0 0 0 0 0 0 0 0 0 0 0 0 0 0 0 0 0 0],False,"tf.Tensor(
[[3.2215514 2.9491463 2.2895434 3.1232939 3.246285  2.5178456 2.8271914
  3.1285899 3.8696795 2.3090558 3.2253408 2.4046822 3.8735523 2.2039995
  3.8846464 3.815307  3.949798  3.6769297]], shape=(1, 18), dtype=float32)"
679,[2 3 4 5 4 4 4 0 0 0 0 0 0 0 0 0 0 0 0 0 0 0 0 0 0],"tf.Tensor([3.2856627 2.9816222 2.3952768 3.135689  3.319612  3.       ], shape=(6,), dtype=float32)",32.0,[3 1 0 0 0 0 0 4 5 4 4 4 0 0 0 16 0 0 0 0 0 0 0 0 0],False,"tf.Tensor(
[[3.2856627 2.9816222 2.3952768 3.135689  3.319612  2.562671  2.9533777
  3.1904302 4.0135884 2.382206  3.317     2.401083  3.99994   2.2581003
  3.9846094 3.8771565 3.991157  3.7367697]], shape=(1, 18), dtype=float32)"
680,[3 1 0 0 0 0 0 4 5 4 4 4 0 0 0 16 0 0 0 0 0 0 0 0 0],"tf.Tensor([ 3.532229   4.3007903  1.8223863  4.735192   3.4027648 11.       ], shape=(6,), dtype=float32)",0.5,[3 2 4 6 6 6 4 0 0 0 0 0 0 0 0 16 0 0 0 0 0 0 0 0 0],False,"tf.Tensor(
[[3.532229  4.3007903 1.8223863 4.735192  3.4027648 2.6766043 1.3889446
  4.456529  2.817196  2.616435  3.8708606 1.9846493 4.53682   2.0532832
  4.957236  4.6761494 5.330534  4.190777 ]], shape=(1, 18), dtype=float32)"
681,[3 2 4 6 6 6 4 0 0 0 0 0 0 0 0 16 0 0 0 0 0 0 0 0 0],"tf.Tensor([ 4.9161844  3.6824822  2.7719085  5.855581   2.2962577 12.       ], shape=(6,), dtype=float32)",0.0,[3 3 4 6 6 6 4 0 0 0 0 0 0 0 0 16 0 0 0 0 0 0 0 0 0],False,"tf.Tensor(
[[4.9161844  3.6824822  2.7719085  5.855581   2.2962577  2.9820304
  1.6399115  4.773231   3.8512821  2.8693843  4.4145584  2.589847
  4.013238   0.82515323 5.4967546  5.571566   4.8443317  5.787348  ]], shape=(1, 18), dtype=float32)"
682,[3 3 4 6 6 6 4 0 0 0 0 0 0 0 0 16 0 0 0 0 0 0 0 0 0],"tf.Tensor([ 4.9242344  3.6523933  2.909876   5.9412107  2.177126  12.       ], shape=(6,), dtype=float32)",52.0,[4 1 0 0 0 0 0 4 6 6 6 4 0 0 0 16 0 0 0 0 0 0 0 0 26],False,"tf.Tensor(
[[4.9242344 3.6523933 2.909876  5.9412107 2.177126  2.9228415 1.6245972
  4.8567023 3.7830198 2.9263453 4.487949  2.6283145 4.08736   0.7249503
  5.6304655 5.557776  4.8960133 5.834955 ]], shape=(1, 18), dtype=float32)"
683,[4 1 0 0 0 0 0 4 6 6 6 4 0 0 0 16 0 0 0 0 0 0 0 0 26],"tf.Tensor([4.3471847 2.7181032 3.3235722 5.4664726 1.667645  9.       ], shape=(6,), dtype=float32)",0.5,[4 2 5 3 6 4 4 0 0 0 0 0 0 0 0 16 0 0 0 0 0 0 0 0 26],False,"tf.Tensor(
[[4.3471847 2.7181032 3.3235722 5.4664726 1.667645  2.051555  2.894928
  5.99367   2.4826565 4.3323436 4.53219   4.446614  4.9603167 1.3872339
  6.352482  4.613003  5.5480814 5.9436874]], shape=(1, 18), dtype=float32)"
684,[4 2 5 3 6 4 4 0 0 0 0 0 0 0 0 16 0 0 0 0 0 0 0 0 26],[0 1 0 0 0 2],0.0,[4 3 5 3 6 4 4 0 0 0 0 0 0 0 0 16 0 0 0 0 0 0 0 0 26],False,"tf.Tensor(
[[4.147289  1.9587051 2.926398  5.569522  0.3748176 2.0457666 2.446323
  6.3365364 2.0145707 4.430318  4.8527246 4.638631  3.6780448 0.7529552
  6.4952617 4.4696507 5.0461626 5.883384 ]], shape=(1, 18), dtype=float32)"
685,[4 3 5 3 6 4 4 0 0 0 0 0 0 0 0 16 0 0 0 0 0 0 0 0 26],"tf.Tensor([4.174294  1.9683392 3.0657187 5.593412  0.451444  9.       ], shape=(6,), dtype=float32)",60.0,[5 1 0 0 0 0 0 5 3 6 4 4 0 0 0 16 0 0 0 0 0 30 0 0 26],False,"tf.Tensor(
[[4.174294  1.9683392 3.0657187 5.593412  0.451444  2.0822964 2.5808773
  6.367998  2.149432  4.4928975 4.908848  4.634753  3.8557591 0.7295308
  6.6345243 4.531894  5.1317296 5.9482265]], shape=(1, 18), dtype=float32)"
686,[5 1 0 0 0 0 0 5 3 6 4 4 0 0 0 16 0 0 0 0 0 30 0 0 26],"tf.Tensor([ 2.417936    1.8284112   1.8415909   2.6117635   0.47414964 12.        ], shape=(6,), dtype=float32)",0.4,[5 2 2 4 6 2 0 0 0 0 0 5 0 0 0 16 0 0 0 0 0 30 0 0 26],False,"tf.Tensor(
[[ 2.417936    1.8284112   1.8415909   2.6117635   0.47414964  1.1766475
   2.6106477   2.6086214   1.6379004   2.27311     1.5392002  -1.2136534
  -0.05688871  2.1719487   1.2568374   0.84106797  0.5838991   2.791561  ]], shape=(1, 18), dtype=float32)"
687,[5 2 2 4 6 2 0 0 0 0 0 5 0 0 0 16 0 0 0 0 0 30 0 0 26],"tf.Tensor([2.700677  1.8123765 1.8707805 2.2157447 1.2788787 2.       ], shape=(6,), dtype=float32)",0.1,[5 3 2 4 6 2 5 0 0 0 0 0 0 0 0 16 0 0 0 0 0 30 0 0 26],False,"tf.Tensor(
[[ 2.700677    1.8123765   1.8707805   2.2157447   1.2788787   0.57677436
   0.74986905  3.386116    1.8844553   2.2155535   1.9265965  -0.32643926
   0.858503    2.7183235   1.7445455   0.34109792  1.3321974   2.4459405 ]], shape=(1, 18), dtype=float32)"
688,[5 3 2 4 6 2 5 0 0 0 0 0 0 0 0 16 0 0 0 0 0 30 0 0 26],"tf.Tensor([2.528788   1.7470214  1.8467578  1.9902043  0.67804486 2.        ], shape=(6,), dtype=float32)",0.0,[6 1 0 0 0 0 0 2 4 6 2 3 0 0 0 16 0 0 0 0 0 30 0 0 26],False,"tf.Tensor(
[[ 2.528788    1.7470214   1.8467578   1.9902043   0.67804486  0.7004405
   0.68750596  2.8492463   1.9814217   2.5332603   2.0482085  -0.3592615
   0.18808499  1.9957887   1.3528552   0.4587595   0.94838756  2.6159894 ]], shape=(1, 18), dtype=float32)"
689,[6 1 0 0 0 0 0 2 4 6 2 3 0 0 0 16 0 0 0 0 0 30 0 0 26],"tf.Tensor([ 2.419743    1.4662292   2.0028453   2.4058607   0.26413938 12.        ], shape=(6,), dtype=float32)",0.4,[6 2 6 3 2 4 0 0 0 0 0 5 0 0 0 16 0 0 0 0 0 30 0 0 26],False,"tf.Tensor(
[[ 2.419743    1.4662292   2.0028453   2.4058607   0.26413938  1.1200045
   2.6243515   2.6146502   1.711096    2.3189886   1.4691595  -0.9764104
  -0.13234475  2.2790534   1.1932437   0.8902218   0.35845888  2.8218293 ]], shape=(1, 18), dtype=float32)"
690,[6 2 6 3 2 4 0 0 0 0 0 5 0 0 0 16 0 0 0 0 0 30 0 0 26],"tf.Tensor([1.944497  1.5355355 1.844486  1.9191992 0.7724589 2.       ], shape=(6,), dtype=float32)",0.0,[6 3 6 3 2 4 0 0 0 0 0 5 0 0 0 16 0 0 0 0 0 30 0 0 26],False,"tf.Tensor(
[[ 1.944497    1.5355355   1.844486    1.9191992   0.7724589   0.65114915
   1.9521141   2.9144044   1.6005781   2.6073742   1.3488535  -0.8026306
   0.66927123  2.757022    1.7245203   0.06220979  1.2838145   2.1582644 ]], shape=(1, 18), dtype=float32)"
691,[6 3 6 3 2 4 0 0 0 0 0 5 0 0 0 16 0 0 0 0 0 30 0 0 26],"tf.Tensor([1.9759243  1.5147134  1.9001212  1.9648237  0.75180006 2.        ], shape=(6,), dtype=float32)",6.0,[7 1 0 0 0 0 0 6 3 2 4 1 0 0 3 16 0 0 0 0 0 30 0 0 26],False,"tf.Tensor(
[[ 1.9759243   1.5147134   1.9001212   1.9648237   0.75180006  0.68162704
   2.1476479   2.965279    1.6401044   2.6758146   1.2902263  -0.79692435
   0.7090039   2.8009226   1.8408185   0.10263206  1.3359172   2.2371998 ]], shape=(1, 18), dtype=float32)"
692,[7 1 0 0 0 0 0 6 3 2 4 1 0 0 3 16 0 0 0 0 0 30 0 0 26],"tf.Tensor([2.2173374  1.5973519  1.6574098  2.334841   0.25902796 1.        ], shape=(6,), dtype=float32)",0.4,[7 2 2 6 4 5 0 0 0 0 0 6 0 0 3 16 0 0 0 0 0 30 0 0 26],False,"tf.Tensor(
[[ 2.2173374   1.5973519   1.6574098   2.334841    0.25902796  1.0371093
   3.45965     3.1278512   1.4420809   2.447628    1.1494825  -0.78400505
  -0.48024568  2.7467225   1.1728032  -0.0220161   1.1074927   2.9290636 ]], shape=(1, 18), dtype=float32)"
693,[7 2 2 6 4 5 0 0 0 0 0 6 0 0 3 16 0 0 0 0 0 30 0 0 26],"tf.Tensor([2.7060978 2.0715895 2.0184264 2.3760939 1.8434491 2.       ], shape=(6,), dtype=float32)",0.1,[7 3 2 6 4 5 6 0 0 0 0 0 0 0 3 16 0 0 0 0 0 30 0 0 26],False,"tf.Tensor(
[[ 2.7060978   2.0715895   2.0184264   2.3760939   1.8434491  -0.01146722
   0.9062201   4.1998777   1.6927435   2.7384918   2.074108   -0.01971826
   1.8550801   3.1796174   2.4222522   0.46707603  1.876682    2.0458295 ]], shape=(1, 18), dtype=float32)"
694,[7 3 2 6 4 5 6 0 0 0 0 0 0 0 3 16 0 0 0 0 0 30 0 0 26],"tf.Tensor([2.4456692 1.6428939 1.7329178 2.0410779 1.4316664 2.       ], shape=(6,), dtype=float32)",-6.0,[8 1 0 0 0 0 0 2 6 4 5 4 0 0 0 16 0 0 0 0 0 30 0 0 26],False,"tf.Tensor(
[[2.4456692  1.6428939  1.7329178  2.0410779  1.4316664  0.44998357
  0.8497251  3.287953   2.1973593  2.8371372  2.2176783  0.36526853
  1.2700804  2.6668444  2.1496954  0.5127907  1.4429828  2.3338137 ]], shape=(1, 18), dtype=float32)"
695,[8 1 0 0 0 0 0 2 6 4 5 4 0 0 0 16 0 0 0 0 0 30 0 0 26],"tf.Tensor([2.6964045 1.4047862 2.1337554 2.5888503 0.5581227 2.       ], shape=(6,), dtype=float32)",0.4,[8 2 3 3 6 2 0 0 0 0 0 1 0 0 0 16 0 0 0 0 0 30 0 0 26],False,"tf.Tensor(
[[ 2.6964045   1.4047862   2.1337554   2.5888503   0.5581227   1.2430993
   2.7055821   2.9565341   2.1000726   2.5398228   1.6784575  -0.76814735
   0.20107204  2.6783566   1.6208586   1.0635362   0.6057099   2.906713  ]], shape=(1, 18), dtype=float32)"
696,[8 2 3 3 6 2 0 0 0 0 0 1 0 0 0 16 0 0 0 0 0 30 0 0 26],"tf.Tensor([1.9921718  1.2487686  1.7076092  1.8630018  0.15294442 4.        ], shape=(6,), dtype=float32)",0.0,[8 3 3 3 6 2 0 0 0 0 0 4 0 0 0 16 0 0 0 0 0 30 0 0 26],False,"tf.Tensor(
[[ 1.9921718   1.2487686   1.7076092   1.8630018   0.15294442  1.23983
   2.1859741   3.2132955   1.9186252   3.2472858   1.9856726  -0.19928175
  -0.1633369   2.328625    1.5737268   0.41817036  1.373328    2.605029  ]], shape=(1, 18), dtype=float32)"
697,[8 3 3 3 6 2 0 0 0 0 0 4 0 0 0 16 0 0 0 0 0 30 0 0 26],"tf.Tensor([2.2565532  1.4482384  1.8107427  2.1768422  0.68033075 2.        ], shape=(6,), dtype=float32)",12.0,[9 1 0 0 0 0 0 3 3 6 2 5 0 0 6 16 0 0 0 0 0 30 0 0 26],False,"tf.Tensor(
[[ 2.2565532   1.4482384   1.8107427   2.1768422   0.68033075  1.0872549
   1.8469778   3.406984    1.9872613   3.0789778   2.0050418  -0.25090942
   0.5338464   2.542587    2.0499058   0.60347253  1.5650853   2.605892  ]], shape=(1, 18), dtype=float32)"
698,[9 1 0 0 0 0 0 3 3 6 2 5 0 0 6 16 0 0 0 0 0 30 0 0 26],"tf.Tensor([2.8455846  0.97798955 2.0709836  3.01711    0.49898264 2.        ], shape=(6,), dtype=float32)",0.4,[9 2 6 5 3 2 0 0 0 0 0 4 0 0 6 16 0 0 0 0 0 30 0 0 26],False,"tf.Tensor(
[[2.8455846  0.97798955 2.0709836  3.01711    0.49898264 0.9569478
  2.840261   3.6795828  1.9273832  2.8954902  2.0229461  0.3758615
  0.9323558  2.93852    2.7923987  1.2863396  1.2035552  3.2975688 ]], shape=(1, 18), dtype=float32)"
699,[9 2 6 5 3 2 0 0 0 0 0 4 0 0 6 16 0 0 0 0 0 30 0 0 26],"tf.Tensor([2.352265  1.3399369 1.8176825 2.2324064 1.2965257 2.       ], shape=(6,), dtype=float32)",0.1,[9 3 6 5 3 2 4 0 0 0 0 0 0 0 6 16 0 0 0 0 0 30 0 0 26],False,"tf.Tensor(
[[2.352265   1.3399369  1.8176825  2.2324064  1.2965257  1.0118755
  2.1301556  3.882111   2.5182421  3.5114682  2.3015158  0.70113534
  1.5588496  3.043748   3.053317   0.9223341  2.1689968  2.2375417 ]], shape=(1, 18), dtype=float32)"
700,[9 3 6 5 3 2 4 0 0 0 0 0 0 0 6 16 0 0 0 0 0 30 0 0 26],"tf.Tensor([2.2719347 1.0966032 1.6340135 2.0937324 1.1143169 4.       ], shape=(6,), dtype=float32)",10.0,[10 1 0 0 0 0 0 6 5 3 2 1 0 0 6 16 5 0 0 0 0 30 0 0 26],False,"tf.Tensor(
[[2.2719347 1.0966032 1.6340135 2.0937324 1.1143169 1.4907787 2.0372362
  3.2780015 2.9914439 3.4982812 2.3934062 1.0066524 1.3189485 2.7156675
  2.999281  1.2247938 1.8292336 2.6042593]], shape=(1, 18), dtype=float32)"
701,[10 1 0 0 0 0 0 6 5 3 2 1 0 0 6 16 5 0 0 0 0 30 0 0 26],"tf.Tensor([2.4932559 1.4019604 2.0203192 2.7428894 0.7761924 1.       ], shape=(6,), dtype=float32)",0.4,[10 2 3 4 6 4 0 0 0 0 0 3 0 0 6 16 5 0 0 0 0 30 0 0 26],False,"tf.Tensor(
[[ 2.4932559   1.4019604   2.0203192   2.7428894   0.7761924   1.0464215
   3.980309    3.6662693   1.9456517   3.3768022   1.4753623  -0.38483644
   0.8421739   3.5237212   2.407452    0.67204356  1.7703576   3.0273516 ]], shape=(1, 18), dtype=float32)"
702,[10 2 3 4 6 4 0 0 0 0 0 3 0 0 6 16 5 0 0 0 0 30 0 0 26],[ 1  0  0  0  1 11],0.1,[10 3 3 4 6 4 3 0 0 0 0 0 0 0 6 16 5 0 0 0 0 30 0 0 26],False,"tf.Tensor(
[[2.2065628  2.0357528  1.6740384  2.0321684  2.0748184  0.53976864
  1.648922   3.7879121  2.5573285  3.6322396  2.1871083  0.27832317
  2.026826   3.550128   2.8299701  0.3869031  2.314033   2.0052233 ]], shape=(1, 18), dtype=float32)"
703,[10 3 3 4 6 4 3 0 0 0 0 0 0 0 6 16 5 0 0 0 0 30 0 0 26],"tf.Tensor([2.2362013 1.7866347 1.6236453 1.9734735 1.9176836 4.       ], shape=(6,), dtype=float32)",-10.0,[11 1 0 0 0 0 0 3 4 6 4 2 0 0 6 16 0 0 0 0 0 30 0 0 26],False,"tf.Tensor(
[[2.2362013  1.7866347  1.6236453  1.9734735  1.9176836  0.987147
  1.5742534  3.3863502  3.002772   3.647458   2.286968   0.541524
  1.8187704  3.2949617  2.8328652  0.66717005 2.0396237  2.3973274 ]], shape=(1, 18), dtype=float32)"
704,[11 1 0 0 0 0 0 3 4 6 4 2 0 0 6 16 0 0 0 0 0 30 0 0 26],"tf.Tensor([2.8101578  0.86831784 1.9887836  2.9644818  0.34265837 2.        ], shape=(6,), dtype=float32)",0.30000000000000004,[11 2 5 1 6 0 0 0 3 0 0 5 0 0 6 16 0 0 0 0 0 30 0 0 26],False,"tf.Tensor(
[[2.8101578  0.86831784 1.9887836  2.9644818  0.34265837 1.542806
  3.2784657  3.6981142  2.4675987  3.2952387  2.137644   0.63042915
  0.8070219  3.0126112  3.0269942  1.4360203  1.4293616  3.455466  ]], shape=(1, 18), dtype=float32)"
705,[11 2 5 1 6 0 0 0 3 0 0 5 0 0 6 16 0 0 0 0 0 30 0 0 26],"tf.Tensor([2.551389  1.181647  1.8065658 2.6467535 1.094566  2.       ], shape=(6,), dtype=float32)",0.2,[11 3 5 1 6 3 5 0 0 0 0 0 0 0 6 16 0 0 0 0 0 30 0 0 26],False,"tf.Tensor(
[[2.551389   1.181647   1.8065658  2.6467535  1.094566   1.4114572
  2.2184186  4.0236363  2.4924843  3.483589   2.485001   0.77226746
  1.5692313  3.0665941  3.2875552  1.2620431  2.1257403  2.7794724 ]], shape=(1, 18), dtype=float32)"
706,[11 3 5 1 6 3 5 0 0 0 0 0 0 0 6 16 0 0 0 0 0 30 0 0 26],"tf.Tensor([2.4152465 1.1708883 1.6805813 2.405681  1.0258528 4.       ], shape=(6,), dtype=float32)",20.0,[12 1 0 0 0 0 0 5 6 1 6 4 0 0 6 16 10 0 0 0 0 30 0 0 26],False,"tf.Tensor(
[[2.4152465 1.1708883 1.6805813 2.405681  1.0258528 1.5442663 1.3079762
  3.007917  2.7207136 3.3537579 2.595151  0.7271783 1.4256537 2.4506276
  2.8179927 1.4961187 1.4945018 3.0504482]], shape=(1, 18), dtype=float32)"
707,[12 1 0 0 0 0 0 5 6 1 6 4 0 0 6 16 10 0 0 0 0 30 0 0 26],"tf.Tensor([3.5454607 2.333894  2.333013  3.3198028 2.2234678 8.       ], shape=(6,), dtype=float32)",0.5,[12 2 3 3 6 2 3 0 0 0 0 0 0 0 6 16 10 0 0 0 0 30 0 0 26],False,"tf.Tensor(
[[ 3.5454607   2.333894    2.333013    3.3198028   2.2234678   1.3144472
   3.3443155   3.8473718   3.246189    3.390926    1.8671024  -0.47203654
   2.1889787   4.107174    3.3323865   1.0521748   2.596949    3.3063776 ]], shape=(1, 18), dtype=float32)"
708,[12 2 3 3 6 2 3 0 0 0 0 0 0 0 6 16 10 0 0 0 0 30 0 0 26],"tf.Tensor([2.5039628 2.0520024 1.8271725 1.9393804 2.0542483 4.       ], shape=(6,), dtype=float32)",0.0,[12 3 3 3 6 2 3 0 0 0 0 0 0 0 6 16 10 0 0 0 0 30 0 0 26],False,"tf.Tensor(
[[2.5039628  2.0520024  1.8271725  1.9393804  2.0542483  1.1780205
  1.9770023  3.5557232  3.5554893  3.9561737  2.2902253  0.5845918
  1.7658058  3.5827918  2.9906754  0.54886365 2.287509   2.6578689 ]], shape=(1, 18), dtype=float32)"
709,[12 3 3 3 6 2 3 0 0 0 0 0 0 0 6 16 10 0 0 0 0 30 0 0 26],[1 0 0 1 1 3],-32.0,[13 1 0 0 0 0 0 3 3 6 2 3 0 0 6 0 10 0 0 0 0 30 0 0 26],False,"tf.Tensor(
[[2.5348206  2.0664241  1.8266383  1.9796228  2.0958934  1.2908564
  2.037958   3.5444427  3.699911   4.017934   2.3181112  0.58056355
  1.846614   3.6062021  3.147182   0.6263271  2.3787625  2.6986043 ]], shape=(1, 18), dtype=float32)"
710,[13 1 0 0 0 0 0 3 3 6 2 3 0 0 6 0 10 0 0 0 0 30 0 0 26],"tf.Tensor([3.1368651 2.028497  2.594162  3.217367  2.0785165 3.       ], shape=(6,), dtype=float32)",0.5,[13 2 6 2 5 1 2 0 0 0 0 0 0 0 6 0 10 0 0 0 0 30 0 0 26],False,"tf.Tensor(
[[3.1368651  2.028497   2.594162   3.217367   2.0785165  2.8031182
  4.061775   3.1202238  5.13098    3.4727907  3.6979265  0.56750023
  2.9859395  3.0264826  4.2806096  2.7282517  2.6886086  3.2190816 ]], shape=(1, 18), dtype=float32)"
711,[13 2 6 2 5 1 2 0 0 0 0 0 0 0 6 0 10 0 0 0 0 30 0 0 26],[1 0 0 1 1 9],0.0,[13 3 6 2 5 1 2 0 0 0 0 0 0 0 6 0 10 0 0 0 0 30 0 0 26],False,"tf.Tensor(
[[2.9840143 1.3991266 2.9809728 3.1867242 1.5768058 2.7572694 4.385302
  3.9878094 4.6573334 3.9751842 3.9281526 1.4986495 3.0780344 3.1849456
  4.6470194 2.9571545 2.7816133 3.414246 ]], shape=(1, 18), dtype=float32)"
712,[13 3 6 2 5 1 2 0 0 0 0 0 0 0 6 0 10 0 0 0 0 30 0 0 26],"tf.Tensor([2.982724  1.3881388 3.034672  3.2584286 1.5731056 9.       ], shape=(6,), dtype=float32)",-60.0,[14 1 0 0 0 0 0 6 2 5 1 2 0 0 6 0 10 0 0 0 0 0 0 0 26],True,"tf.Tensor(
[[2.982724  1.3881388 3.034672  3.2584286 1.5731056 2.827417  4.5045843
  3.9868937 4.722958  4.043791  3.9234157 1.4649826 3.161022  3.1616414
  4.786153  3.0439014 2.8263984 3.5170681]], shape=(1, 18), dtype=float32)"
713,[1 1 0 0 0 0 0 2 1 6 5 6 0 0 0 0 0 0 0 0 0 0 0 0 0],"tf.Tensor([2.4135056 3.3870058 1.9265451 1.6475898 3.149842  8.       ], shape=(6,), dtype=float32)",0.5,[1 2 2 1 6 5 6 0 0 0 0 0 0 0 0 0 0 0 0 0 0 0 0 0 0],False,"tf.Tensor(
[[2.4135056 3.3870058 1.9265451 1.6475898 3.149842  2.273409  2.5627172
  1.8463202 2.9686968 1.4775937 2.5180516 2.5908706 3.9632    3.9831688
  2.5985453 3.1957257 3.4869483 2.275344 ]], shape=(1, 18), dtype=float32)"
714,[1 2 2 1 6 5 6 0 0 0 0 0 0 0 0 0 0 0 0 0 0 0 0 0 0],"tf.Tensor([ 2.8288782  2.9537709  2.05724    3.0196598  2.8546717 10.       ], shape=(6,), dtype=float32)",0.0,[1 3 2 1 6 5 6 0 0 0 0 0 0 0 0 0 0 0 0 0 0 0 0 0 0],False,"tf.Tensor(
[[2.8288782 2.9537709 2.05724   3.0196598 2.8546717 2.1780262 2.386314
  2.7460268 3.3769732 1.8227184 3.1054955 2.173184  3.505587  1.983155
  3.371759  3.587056  3.4415572 3.35077  ]], shape=(1, 18), dtype=float32)"
715,[1 3 2 1 6 5 6 0 0 0 0 0 0 0 0 0 0 0 0 0 0 0 0 0 0],"tf.Tensor([ 2.8904703  2.9331899  2.0946376  3.0949917  2.9139247 10.       ], shape=(6,), dtype=float32)",0.0,[2 1 0 0 0 0 0 2 1 6 5 6 0 0 0 0 0 0 0 0 0 0 0 0 0],False,"tf.Tensor(
[[2.8904703 2.9331899 2.0946376 3.0949917 2.9139247 2.2181396 2.4277914
  2.7809026 3.382734  1.8551025 3.1905267 2.1720335 3.631683  2.0063508
  3.452483  3.6872365 3.4678454 3.4616513]], shape=(1, 18), dtype=float32)"
716,[2 1 0 0 0 0 0 2 1 6 5 6 0 0 0 0 0 0 0 0 0 0 0 0 0],"tf.Tensor([2.5808558 3.402155  1.9539194 1.6536984 3.139767  8.       ], shape=(6,), dtype=float32)",0.5,[2 2 6 1 6 1 5 0 0 0 0 0 0 0 0 0 0 0 0 0 0 0 0 0 0],False,"tf.Tensor(
[[2.5808558 3.402155  1.9539194 1.6536984 3.139767  2.4237118 2.7443032
  1.9275498 3.1392083 1.4903717 2.5244865 2.6094823 4.020746  4.1406136
  2.6390078 3.2768652 3.605327  2.2918816]], shape=(1, 18), dtype=float32)"
717,[2 2 6 1 6 1 5 0 0 0 0 0 0 0 0 0 0 0 0 0 0 0 0 0 0],"tf.Tensor([ 2.776138   3.0096154  2.0068083  2.9984543  3.506128  11.       ], shape=(6,), dtype=float32)",0.0,[2 3 6 1 6 1 5 0 0 0 0 0 0 0 0 0 0 0 0 0 0 0 0 0 0],False,"tf.Tensor(
[[2.776138  3.0096154 2.0068083 2.9984543 3.506128  2.4800665 2.70569
  2.6184037 3.65673   2.1378136 3.1824505 2.589863  3.7595243 2.4625115
  3.6909385 3.6453931 4.054355  3.4004984]], shape=(1, 18), dtype=float32)"
718,[2 3 6 1 6 1 5 0 0 0 0 0 0 0 0 0 0 0 0 0 0 0 0 0 0],"tf.Tensor([ 2.8492427  3.0229821  2.1215734  3.0694456  3.5683632 11.       ], shape=(6,), dtype=float32)",0.0,[3 1 0 0 0 0 0 6 1 6 1 5 0 0 0 0 0 0 0 0 0 0 0 0 0],False,"tf.Tensor(
[[2.8492427 3.0229821 2.1215734 3.0694456 3.5683632 2.5113142 2.7937574
  2.7000484 3.743816  2.2026007 3.3026388 2.603035  3.884718  2.4843593
  3.793434  3.7492762 4.0964646 3.4988828]], shape=(1, 18), dtype=float32)"
719,[3 1 0 0 0 0 0 6 1 6 1 5 0 0 0 0 0 0 0 0 0 0 0 0 0],[1 0 0 0 0 3],0.1,[3 2 6 0 0 0 0 0 2 1 5 4 0 0 0 0 0 0 0 0 0 0 0 0 0],False,"tf.Tensor(
[[2.588255  2.9848492 1.7146521 1.8473374 3.3954842 2.8902688 2.9601858
  2.3319123 3.645587  1.6413567 2.503243  2.3388813 3.7281866 3.4132035
  3.0546079 2.795585  4.067012  2.3651233]], shape=(1, 18), dtype=float32)"
720,[3 2 6 0 0 0 0 0 2 1 5 4 0 0 0 0 0 0 0 0 0 0 0 0 0],"tf.Tensor([ 2.381033   2.9052062  1.6178057  1.890633   3.5201232 11.       ], shape=(6,), dtype=float32)",0.4,[3 3 6 2 1 5 4 0 0 0 0 0 0 0 0 0 0 0 0 0 0 0 0 0 0],False,"tf.Tensor(
[[2.381033  2.9052062 1.6178057 1.890633  3.5201232 2.6320667 3.4472303
  1.9336766 3.4754646 1.65645   2.75763   2.8548026 3.8337283 3.7234006
  2.955768  3.3933156 3.9553237 2.5656333]], shape=(1, 18), dtype=float32)"
721,[3 3 6 2 1 5 4 0 0 0 0 0 0 0 0 0 0 0 0 0 0 0 0 0 0],"tf.Tensor([ 2.6735945  2.5972402  1.9599118  2.5403879  3.6385446 11.       ], shape=(6,), dtype=float32)",0.0,[4 1 0 0 0 0 0 6 5 4 3 6 0 0 0 0 0 0 0 0 0 0 0 0 0],False,"tf.Tensor(
[[2.6735945 2.5972402 1.9599118 2.5403879 3.6385446 2.5571318 2.8729985
  2.349362  3.7037814 1.978436  2.9324396 2.22381   3.7458444 2.6164484
  3.268868  3.2808864 3.7553174 3.2260785]], shape=(1, 18), dtype=float32)"
722,[4 1 0 0 0 0 0 6 5 4 3 6 0 0 0 0 0 0 0 0 0 0 0 0 0],"tf.Tensor([ 3.212176   3.4737184  1.9539921  2.185968   4.220326  11.       ], shape=(6,), dtype=float32)",0.5,[4 2 3 6 1 3 6 0 0 0 0 0 0 0 0 0 0 0 0 0 0 0 0 0 0],False,"tf.Tensor(
[[3.212176  3.4737184 1.9539921 2.185968  4.220326  3.6623335 4.159185
  2.820651  4.6252766 1.8789418 3.1759586 2.7181382 4.5713916 4.332529
  3.669732  3.7265706 4.7652016 3.0024204]], shape=(1, 18), dtype=float32)"
723,[4 2 3 6 1 3 6 0 0 0 0 0 0 0 0 0 0 0 0 0 0 0 0 0 0],"tf.Tensor([3.060784  2.7559302 2.0533597 2.7114775 3.068904  7.       ], shape=(6,), dtype=float32)",0.0,[4 3 3 6 1 3 6 0 0 0 0 0 0 0 0 0 0 0 0 0 0 0 0 0 0],False,"tf.Tensor(
[[3.060784  2.7559302 2.0533597 2.7114775 3.068904  2.319551  2.4092677
  2.7643902 3.566333  2.248108  2.912414  1.6341766 3.7141128 2.3127122
  3.417994  3.350878  3.239746  3.3603864]], shape=(1, 18), dtype=float32)"
724,[4 3 3 6 1 3 6 0 0 0 0 0 0 0 0 0 0 0 0 0 0 0 0 0 0],"tf.Tensor([3.0945926 2.7831433 2.2047875 2.7578447 3.114082  7.       ], shape=(6,), dtype=float32)",0.0,[5 1 0 0 0 0 0 3 6 1 3 6 0 0 0 0 0 0 0 0 0 0 0 0 0],False,"tf.Tensor(
[[3.0945926 2.7831433 2.2047875 2.7578447 3.114082  2.3505676 2.5340474
  2.8275323 3.702062  2.3547297 2.987437  1.6335582 3.8298147 2.312555
  3.5598357 3.4192882 3.3093438 3.4190574]], shape=(1, 18), dtype=float32)"
725,[5 1 0 0 0 0 0 3 6 1 3 6 0 0 0 0 0 0 0 0 0 0 0 0 0],"tf.Tensor([2.7908883 2.7398093 1.6049979 2.1035128 3.4243402 3.       ], shape=(6,), dtype=float32)",0.5,[5 2 2 1 5 5 4 0 0 0 0 0 0 0 0 0 0 0 0 0 0 0 0 0 0],False,"tf.Tensor(
[[2.7908883 2.7398093 1.6049979 2.1035128 3.4243402 2.9647923 3.6777472
  2.5790112 3.794994  1.6582267 2.9133668 2.3004496 3.7561264 3.4897854
  3.1451852 3.4256094 3.7922304 2.820737 ]], shape=(1, 18), dtype=float32)"
726,[5 2 2 1 5 5 4 0 0 0 0 0 0 0 0 0 0 0 0 0 0 0 0 0 0],"tf.Tensor([ 2.9081602  2.503074   1.9438543  3.1114917  2.4828315 10.       ], shape=(6,), dtype=float32)",0.0,[5 3 2 1 5 5 4 0 0 0 0 0 0 0 0 0 0 0 0 0 0 0 0 0 0],False,"tf.Tensor(
[[2.9081602 2.503074  1.9438543 3.1114917 2.4828315 1.895922  2.2494571
  3.0646994 2.7894282 1.8756623 3.2015538 2.3044784 3.4007614 1.7167308
  3.3066304 3.680882  3.1322625 3.5622034]], shape=(1, 18), dtype=float32)"
727,[5 3 2 1 5 5 4 0 0 0 0 0 0 0 0 0 0 0 0 0 0 0 0 0 0],"tf.Tensor([ 2.930194   2.5106058  2.017303   3.1411498  2.5475082 10.       ], shape=(6,), dtype=float32)",0.0,[6 1 0 0 0 0 0 2 1 5 5 4 0 0 0 0 0 0 0 0 0 0 0 0 0],False,"tf.Tensor(
[[2.930194  2.5106058 2.017303  3.1411498 2.5475082 1.9410121 2.3947842
  3.1067564 2.874595  1.9663591 3.273231  2.3197794 3.5240953 1.7832655
  3.423233  3.7424881 3.194775  3.6308818]], shape=(1, 18), dtype=float32)"
728,[6 1 0 0 0 0 0 2 1 5 5 4 0 0 0 0 0 0 0 0 0 0 0 0 0],"tf.Tensor([ 2.9107034  2.792584   1.7033514  1.7816578  3.1350608 11.       ], shape=(6,), dtype=float32)",0.5,[6 2 4 6 6 1 4 0 0 0 0 0 0 0 0 0 0 0 0 0 0 0 0 0 0],False,"tf.Tensor(
[[2.9107034 2.792584  1.7033514 1.7816578 3.1350608 3.1199038 3.6545112
  2.0761573 3.7791717 1.3662746 2.2852867 2.3912828 3.7758532 4.0332456
  2.8241084 3.2169898 4.177151  2.2954931]], shape=(1, 18), dtype=float32)"
729,[6 2 4 6 6 1 4 0 0 0 0 0 0 0 0 0 0 0 0 0 0 0 0 0 0],"tf.Tensor([ 3.7550762  3.1273036  2.628904   3.6058834  3.3399332 10.       ], shape=(6,), dtype=float32)",0.0,[6 3 4 6 6 1 4 0 0 0 0 0 0 0 0 0 0 0 0 0 0 0 0 0 0],False,"tf.Tensor(
[[3.7550762 3.1273036 2.628904  3.6058834 3.3399332 2.7275894 3.299692
  3.7715976 4.2129364 2.6507003 3.7301486 2.5314772 4.335035  2.2289937
  4.472986  4.575093  4.115683  4.3933096]], shape=(1, 18), dtype=float32)"
730,[6 3 4 6 6 1 4 0 0 0 0 0 0 0 0 0 0 0 0 0 0 0 0 0 0],"tf.Tensor([ 3.7987976  3.1542823  2.7413049  3.637092   3.4296148 10.       ], shape=(6,), dtype=float32)",0.0,[7 1 0 0 0 0 0 4 6 6 1 4 0 0 0 0 0 0 0 0 0 0 0 0 0],False,"tf.Tensor(
[[3.7987976 3.1542823 2.7413049 3.637092  3.4296148 2.8104565 3.4691248
  3.8163886 4.384029  2.7272334 3.8441257 2.5753725 4.4595714 2.2777507
  4.598217  4.690184  4.17444   4.486898 ]], shape=(1, 18), dtype=float32)"
731,[7 1 0 0 0 0 0 4 6 6 1 4 0 0 0 0 0 0 0 0 0 0 0 0 0],"tf.Tensor([ 3.488872   2.6934695  1.6707381  2.8626258  3.7184906 11.       ], shape=(6,), dtype=float32)",0.5,[7 2 5 2 1 2 2 0 0 0 0 0 0 0 0 0 0 0 0 0 0 0 0 0 0],False,"tf.Tensor(
[[3.488872  2.6934695 1.6707381 2.8626258 3.7184906 3.6742384 4.3954687
  3.001765  3.9672637 1.5773203 3.4344141 2.770877  4.528605  4.2612944
  3.3845525 3.9483883 4.72547   3.388723 ]], shape=(1, 18), dtype=float32)"
732,[7 2 5 2 1 2 2 0 0 0 0 0 0 0 0 0 0 0 0 0 0 0 0 0 0],"tf.Tensor([2.3612456 1.8615733 1.647437  2.3439295 2.9661014 7.       ], shape=(6,), dtype=float32)",0.0,[7 3 5 2 1 2 2 0 0 0 0 0 0 0 0 0 0 0 0 0 0 0 0 0 0],False,"tf.Tensor(
[[2.3612456 1.8615733 1.647437  2.3439295 2.9661014 2.3111644 3.2062771
  2.349742  3.0821993 1.8856921 2.5344882 2.0374603 3.4436333 2.170098
  3.1082318 3.2670555 3.1887255 3.140335 ]], shape=(1, 18), dtype=float32)"
733,[7 3 5 2 1 2 2 0 0 0 0 0 0 0 0 0 0 0 0 0 0 0 0 0 0],"tf.Tensor([2.47285   1.9371412 1.7668388 2.3671095 3.101451  7.       ], shape=(6,), dtype=float32)",0.0,[8 1 0 0 0 0 0 5 2 1 2 2 0 0 0 0 0 0 0 0 0 0 0 0 0],False,"tf.Tensor(
[[2.47285   1.9371412 1.7668388 2.3671095 3.101451  2.3921666 3.344639
  2.4485471 3.2956557 1.9839115 2.6125436 2.087591  3.5851429 2.2237968
  3.2241006 3.3789823 3.2822292 3.2384467]], shape=(1, 18), dtype=float32)"
734,[8 1 0 0 0 0 0 5 2 1 2 2 0 0 0 0 0 0 0 0 0 0 0 0 0],"tf.Tensor([ 2.7073562  2.101416   1.2014335  2.4923496  2.4502637 11.       ], shape=(6,), dtype=float32)",0.5,[8 2 3 3 3 3 1 0 0 0 0 0 0 0 0 0 0 0 0 0 0 0 0 0 0],False,"tf.Tensor(
[[2.7073562 2.101416  1.2014335 2.4923496 2.4502637 2.8639295 3.3451958
  2.7391665 2.7506368 1.2714124 2.6112616 2.1215262 3.428005  3.2176228
  3.012376  2.8442464 3.7652173 2.7386298]], shape=(1, 18), dtype=float32)"
735,[8 2 3 3 3 3 1 0 0 0 0 0 0 0 0 0 0 0 0 0 0 0 0 0 0],"tf.Tensor([ 2.5912237  1.6512566  1.7605286  2.5263743  2.4404247 10.       ], shape=(6,), dtype=float32)",0.0,[8 3 3 3 3 3 1 0 0 0 0 0 0 0 0 0 0 0 0 0 0 0 0 0 0],False,"tf.Tensor(
[[2.5912237 1.6512566 1.7605286 2.5263743 2.4404247 2.3295534 3.3867872
  2.8078928 3.0721195 1.8067248 2.797673  2.3695333 3.301376  1.7700078
  3.1979272 3.5588882 2.9919918 3.5422115]], shape=(1, 18), dtype=float32)"
736,[8 3 3 3 3 3 1 0 0 0 0 0 0 0 0 0 0 0 0 0 0 0 0 0 0],"tf.Tensor([ 2.640508   1.6678829  1.8932335  2.5467048  2.524578  10.       ], shape=(6,), dtype=float32)",0.0,[9 1 0 0 0 0 0 3 3 3 3 1 0 0 0 0 0 0 0 0 0 0 0 0 0],False,"tf.Tensor(
[[2.640508  1.6678829 1.8932335 2.5467048 2.524578  2.4096894 3.5252287
  2.857552  3.2753875 1.9249408 2.8617837 2.4072409 3.4048972 1.7834011
  3.3351226 3.6480458 3.0559492 3.6249976]], shape=(1, 18), dtype=float32)"
737,[9 1 0 0 0 0 0 3 3 3 3 1 0 0 0 0 0 0 0 0 0 0 0 0 0],"tf.Tensor([ 2.9426384  1.9680959  1.2228667  2.6370428  2.7190752 11.       ], shape=(6,), dtype=float32)",0.5,[9 2 5 3 6 2 3 0 0 0 0 0 0 0 0 0 0 0 0 0 0 0 0 0 0],False,"tf.Tensor(
[[2.9426384 1.9680959 1.2228667 2.6370428 2.7190752 3.1999283 3.9403389
  2.5983825 3.166726  1.145488  2.7199762 2.1756709 3.667102  3.5096822
  2.87206   3.2309797 3.9641066 2.923719 ]], shape=(1, 18), dtype=float32)"
738,[9 2 5 3 6 2 3 0 0 0 0 0 0 0 0 0 0 0 0 0 0 0 0 0 0],"tf.Tensor([ 3.4964833  2.729122   2.3718038  3.6243112  3.3176434 10.       ], shape=(6,), dtype=float32)",0.0,[9 3 5 3 6 2 3 0 0 0 0 0 0 0 0 0 0 0 0 0 0 0 0 0 0],False,"tf.Tensor(
[[3.4964833 2.729122  2.3718038 3.6243112 3.3176434 2.6850903 3.8021526
  3.7361202 3.7589688 2.425514  3.8291075 2.9443288 4.488249  2.2691321
  4.3301654 4.8306446 4.0242295 4.6301327]], shape=(1, 18), dtype=float32)"
739,[9 3 5 3 6 2 3 0 0 0 0 0 0 0 0 0 0 0 0 0 0 0 0 0 0],"tf.Tensor([ 3.5254421  2.728619   2.4744656  3.6219938  3.4181523 10.       ], shape=(6,), dtype=float32)",0.0,[10 1 0 0 0 0 0 5 3 6 2 3 0 0 0 0 0 0 0 0 0 0 0 0 0],False,"tf.Tensor(
[[3.5254421 2.728619  2.4744656 3.6219938 3.4181523 2.7755735 3.9656773
  3.7489324 3.9367425 2.5037315 3.8908243 2.9846766 4.6129885 2.2875433
  4.43713   4.9396753 4.062157  4.7305107]], shape=(1, 18), dtype=float32)"
740,[10 1 0 0 0 0 0 5 3 6 2 3 0 0 0 0 0 0 0 0 0 0 0 0 0],"tf.Tensor([ 3.6236007  2.5520127  1.5168501  3.0289607  3.5622847 11.       ], shape=(6,), dtype=float32)",0.5,[10 2 3 4 5 2 4 0 0 0 0 0 0 0 0 0 0 0 0 0 0 0 0 0 0],False,"tf.Tensor(
[[3.6236007 2.5520127 1.5168501 3.0289607 3.5622847 4.1412044 4.8997765
  3.091871  4.070425  1.3791838 3.317904  2.7620976 4.6345577 4.4656773
  3.649628  3.955601  5.134     3.4590287]], shape=(1, 18), dtype=float32)"
741,[10 2 3 4 5 2 4 0 0 0 0 0 0 0 0 0 0 0 0 0 0 0 0 0 0],"tf.Tensor([ 3.448558   2.4802268  2.173462   3.3377407  2.9734137 12.       ], shape=(6,), dtype=float32)",0.0,[10 3 3 4 5 2 4 0 0 0 0 0 0 0 0 0 0 0 0 0 0 0 0 0 0],False,"tf.Tensor(
[[3.448558  2.4802268 2.173462  3.3377407 2.9734137 2.8722787 3.4626658
  3.407481  3.8166203 2.2273953 3.6308348 2.675475  4.1616426 2.1549041
  4.020887  4.4759955 3.547913  4.555577 ]], shape=(1, 18), dtype=float32)"
742,[10 3 3 4 5 2 4 0 0 0 0 0 0 0 0 0 0 0 0 0 0 0 0 0 0],[1 0 1 0 0 9],60.0,[11 1 0 0 0 0 0 3 4 5 2 4 0 0 0 0 0 0 0 0 0 30 0 0 0],False,"tf.Tensor(
[[3.4708815 2.504146  2.3101835 3.3425956 3.0801244 2.9459882 3.6025338
  3.4248457 4.0103517 2.3320131 3.6848493 2.7199442 4.285997  2.1543741
  4.1400876 4.5788455 3.601827  4.643383 ]], shape=(1, 18), dtype=float32)"
743,[11 1 0 0 0 0 0 3 4 5 2 4 0 0 0 0 0 0 0 0 0 30 0 0 0],"tf.Tensor([1.5732489  1.5360814  1.3468902  2.3774955  0.99923414 1.        ], shape=(6,), dtype=float32)",0.5,[11 2 2 6 2 3 2 0 0 0 0 0 0 0 0 0 0 0 0 0 0 30 0 0 0],False,"tf.Tensor(
[[ 1.5732489   1.5360814   1.3468902   2.3774955   0.99923414  3.3740284
   5.2325964   3.1712518   1.996875    1.2323351   1.9565476  -0.79185486
   1.1748365   2.1162617   1.3060303   2.778486    3.4541173   1.6884693 ]], shape=(1, 18), dtype=float32)"
744,[11 2 2 6 2 3 2 0 0 0 0 0 0 0 0 0 0 0 0 0 0 30 0 0 0],[0 1 1 1 0 4],0.0,[11 3 2 6 2 3 2 0 0 0 0 0 0 0 0 0 0 0 0 0 0 30 0 0 0],False,"tf.Tensor(
[[ 1.1728721   1.7630203   0.13184512  2.1233912   1.7295232   2.2843335
   3.3251073   3.277165    0.30603194  0.5888114   0.8534564  -0.77557296
   1.5380936   2.4644551   0.42969096  2.1291122   2.7498639   1.1387004 ]], shape=(1, 18), dtype=float32)"
745,[11 3 2 6 2 3 2 0 0 0 0 0 0 0 0 0 0 0 0 0 0 30 0 0 0],"tf.Tensor([1.1504653  1.774681   0.11917059 2.137657   1.7561538  1.        ], shape=(6,), dtype=float32)",12.0,[12 1 0 0 0 0 0 2 6 2 3 2 0 6 0 0 0 0 0 0 0 30 0 0 0],False,"tf.Tensor(
[[ 1.1504653   1.774681    0.11917059  2.137657    1.7561538   2.4140606
   3.4699936   3.3316197   0.32364672  0.65219206  0.8465351  -0.7672486
   1.5618769   2.4909976   0.47139832  2.1677792   2.891941    1.1561103 ]], shape=(1, 18), dtype=float32)"
746,[12 1 0 0 0 0 0 2 6 2 3 2 0 6 0 0 0 0 0 0 0 30 0 0 0],"tf.Tensor([1.3232826 2.2399015 0.9672382 2.5349255 1.4430313 1.       ], shape=(6,), dtype=float32)",0.5,[12 2 6 5 5 6 3 0 0 0 0 0 0 6 0 0 0 0 0 0 0 30 0 0 0],False,"tf.Tensor(
[[ 1.3232826   2.2399015   0.9672382   2.5349255   1.4430313   2.8229702
   4.5489793   2.866803    0.8303245   0.8479579   1.8481846  -1.225792
   1.499925    2.3228533   0.56678915  2.867533    3.0792696   1.658712  ]], shape=(1, 18), dtype=float32)"
747,[12 2 6 5 5 6 3 0 0 0 0 0 0 6 0 0 0 0 0 0 0 30 0 0 0],"tf.Tensor([1.7395988  2.526509   0.26867712 2.5824234  3.097036   8.        ], shape=(6,), dtype=float32)",0.0,[12 3 6 5 5 6 3 0 0 0 0 0 0 6 0 0 0 0 0 0 0 30 0 0 0],False,"tf.Tensor(
[[1.7395988  2.526509   0.26867712 2.5824234  3.097036   2.2613556
  2.8465695  3.1126242  0.85013455 0.86054677 1.8787754  0.76409173
  3.51278    3.6325867  0.82397604 2.614431   3.2775052  2.1022754 ]], shape=(1, 18), dtype=float32)"
748,[12 3 6 5 5 6 3 0 0 0 0 0 0 6 0 0 0 0 0 0 0 30 0 0 0],[1 1 1 0 1 1],-12.0,[13 1 0 0 0 0 0 6 5 5 6 3 0 0 0 0 0 0 0 0 0 30 0 0 0],False,"tf.Tensor(
[[1.7109705  2.5551221  0.2526635  2.57594    3.1533554  2.3702419
  2.9092627  3.164126   0.87810665 0.84991187 1.8959757  0.7355858
  3.495993   3.6495597  0.82296085 2.6592178  3.3770397  2.0773654 ]], shape=(1, 18), dtype=float32)"
749,[13 1 0 0 0 0 0 6 5 5 6 3 0 0 0 0 0 0 0 0 0 30 0 0 0],"tf.Tensor([1.8644925 1.7705221 1.729836  2.6311383 1.1708143 1.       ], shape=(6,), dtype=float32)",0.5,[13 2 2 3 2 4 1 0 0 0 0 0 0 0 0 0 0 0 0 0 0 30 0 0 0],False,"tf.Tensor(
[[ 1.8644925  1.7705221  1.729836   2.6311383  1.1708143  4.0644765
   6.0838656  2.916753   2.532761   1.4651959  2.5338745 -0.7394709
   1.2828654  2.129675   1.3415769  3.4690874  3.7238317  2.3125372]], shape=(1, 18), dtype=float32)"
750,[13 2 2 3 2 4 1 0 0 0 0 0 0 0 0 0 0 0 0 0 0 30 0 0 0],"tf.Tensor(
[7.7355325e-01 1.4024113e+00 1.8370897e-04 2.0905683e+00 9.2225283e-01
 1.0000000e+00], shape=(6,), dtype=float32)",0.0,[13 3 2 3 2 4 1 0 0 0 0 0 0 0 0 0 0 0 0 0 0 30 0 0 0],False,"tf.Tensor(
[[ 7.7355325e-01  1.4024113e+00  1.8370897e-04  2.0905683e+00
   9.2225283e-01  2.5136080e+00  4.0888100e+00  3.3330688e+00
  -1.4218549e-01  1.0184448e+00  7.4509060e-01 -1.2529213e+00
   9.5712298e-01  2.0979309e+00  4.1819885e-01  1.9535981e+00
   2.7528114e+00  9.2767137e-01]], shape=(1, 18), dtype=float32)"
751,[13 3 2 3 2 4 1 0 0 0 0 0 0 0 0 0 0 0 0 0 0 30 0 0 0],"tf.Tensor([ 0.75417084  1.3974961  -0.01416428  2.1083167   0.9616882   1.        ], shape=(6,), dtype=float32)",8.0,[14 1 0 0 0 0 0 2 3 2 4 1 0 4 0 0 0 0 0 0 0 30 0 0 0],True,"tf.Tensor(
[[ 0.75417084  1.3974961  -0.01416428  2.1083167   0.9616882   2.645926
   4.2409225   3.388469   -0.11433752  1.0793327   0.7494911  -1.2416662
   0.98815995  2.1351333   0.47278455  2.0000908   2.8924754   0.9369307 ]], shape=(1, 18), dtype=float32)"
752,[1 1 0 0 0 0 0 3 2 1 2 1 0 0 0 0 0 0 0 0 0 0 0 0 0],"tf.Tensor([ 1.4311018   1.6747029   0.88576597  1.1039526   2.0598505  11.        ], shape=(6,), dtype=float32)",0.4,[1 2 3 2 2 1 0 0 0 4 0 0 0 0 0 0 0 0 0 0 0 0 0 0 0],False,"tf.Tensor(
[[1.4311018  1.6747029  0.88576597 1.1039526  2.0598505  1.701207
  1.7688469  1.2627479  2.1207345  0.96027255 1.4704888  1.2206485
  2.051294   1.9490174  1.7464515  1.5965283  2.2273698  1.4337722 ]], shape=(1, 18), dtype=float32)"
753,[1 2 3 2 2 1 0 0 0 4 0 0 0 0 0 0 0 0 0 0 0 0 0 0 0],"tf.Tensor([2.039512  2.2479944 1.605122  1.7519199 2.5672972 3.       ], shape=(6,), dtype=float32)",0.1,[1 3 3 2 2 1 4 0 0 0 0 0 0 0 0 0 0 0 0 0 0 0 0 0 0],False,"tf.Tensor(
[[2.039512  2.2479944 1.605122  1.7519199 2.5672972 1.6927074 1.8038317
  1.6348904 2.768086  1.5792992 2.011305  1.5027812 2.665947  1.9703449
  2.382032  2.5568254 2.502568  2.2105987]], shape=(1, 18), dtype=float32)"
754,[1 3 3 2 2 1 4 0 0 0 0 0 0 0 0 0 0 0 0 0 0 0 0 0 0],"tf.Tensor([2.0091162 2.0166802 1.4600511 1.8681189 2.4791842 7.       ], shape=(6,), dtype=float32)",0.0,[2 1 0 0 0 0 0 3 2 1 2 1 0 0 0 0 0 0 0 0 0 0 0 0 0],False,"tf.Tensor(
[[2.0091162 2.0166802 1.4600511 1.8681189 2.4791842 1.7821763 1.789925
  1.7021241 2.6451576 1.5486379 2.0891078 1.2613575 2.6897044 1.8037325
  2.4189541 2.3390398 2.499883  2.2593222]], shape=(1, 18), dtype=float32)"
755,[2 1 0 0 0 0 0 3 2 1 2 1 0 0 0 0 0 0 0 0 0 0 0 0 0],"tf.Tensor([ 1.53291    1.6238003  0.8372871  1.2322755  2.0365806 11.       ], shape=(6,), dtype=float32)",0.4,[2 2 1 1 5 3 0 0 0 2 0 0 0 0 0 0 0 0 0 0 0 0 0 0 0],False,"tf.Tensor(
[[1.53291    1.6238003  0.8372871  1.2322755  2.0365806  1.8154792
  1.9371651  1.3871456  2.1117175  0.92449874 1.5540531  1.2735989
  2.1167243  2.0469635  1.810822   1.6963366  2.3129559  1.5377517 ]], shape=(1, 18), dtype=float32)"
756,[2 2 1 1 5 3 0 0 0 2 0 0 0 0 0 0 0 0 0 0 0 0 0 0 0],"tf.Tensor([ 2.1477692  2.0665722  1.472456   2.218654   1.8431807 10.       ], shape=(6,), dtype=float32)",0.1,[2 3 1 1 5 3 2 0 0 0 0 0 0 0 0 0 0 0 0 0 0 0 0 0 0],False,"tf.Tensor(
[[2.1477692 2.0665722 1.472456  2.218654  1.8431807 1.3689466 1.6797662
  2.2956414 2.2066627 1.4510221 2.3156333 1.9039824 2.3470366 1.3707435
  2.4383993 2.7357306 2.3817983 2.531809 ]], shape=(1, 18), dtype=float32)"
757,[2 3 1 1 5 3 2 0 0 0 0 0 0 0 0 0 0 0 0 0 0 0 0 0 0],"tf.Tensor([ 2.2502751  1.98937    1.7370915  2.44571    1.8469585 10.       ], shape=(6,), dtype=float32)",0.0,[3 1 0 0 0 0 0 1 1 6 5 3 0 0 0 0 0 0 0 0 0 0 0 0 0],False,"tf.Tensor(
[[2.2502751 1.98937   1.7370915 2.44571   1.8469585 1.4343143 1.7929572
  2.492343  2.3433402 1.5588621 2.5413082 1.8676004 2.508365  1.1692731
  2.7011633 2.8490577 2.5307264 2.6769953]], shape=(1, 18), dtype=float32)"
758,[3 1 0 0 0 0 0 1 1 6 5 3 0 0 0 0 0 0 0 0 0 0 0 0 0],"tf.Tensor([2.5586135 2.8361418 1.7264489 1.5827204 2.6260788 8.       ], shape=(6,), dtype=float32)",0.5,[3 2 5 3 3 6 6 0 0 0 0 0 0 0 0 0 0 0 0 0 0 0 0 0 0],False,"tf.Tensor(
[[2.5586135 2.8361418 1.7264489 1.5827204 2.6260788 2.3028126 2.6008475
  1.7197024 2.851193  1.3909502 2.145438  2.2091815 3.5669403 3.8083587
  2.3260999 3.0104163 3.3337133 2.0931888]], shape=(1, 18), dtype=float32)"
759,[3 2 5 3 3 6 6 0 0 0 0 0 0 0 0 0 0 0 0 0 0 0 0 0 0],[1 1 0 0 0 5],0.0,[3 3 5 3 3 6 6 0 0 0 0 0 0 0 0 0 0 0 0 0 0 0 0 0 0],False,"tf.Tensor(
[[3.3073716 3.2423809 2.1109803 3.0772061 3.7063913 2.688146  2.760922
  2.9818442 3.962167  2.2001624 3.349962  2.40116   4.123768  2.7358592
  3.6666083 3.8413572 3.9935372 3.6897528]], shape=(1, 18), dtype=float32)"
760,[3 3 5 3 3 6 6 0 0 0 0 0 0 0 0 0 0 0 0 0 0 0 0 0 0],"tf.Tensor([3.3969681 3.2479682 2.173578  3.1705792 3.7990434 7.       ], shape=(6,), dtype=float32)",0.0,[4 1 0 0 0 0 0 5 3 3 6 6 0 0 0 0 0 0 0 0 0 0 0 0 0],False,"tf.Tensor(
[[3.3969681 3.2479682 2.173578  3.1705792 3.7990434 2.7531672 2.8314462
  3.0334182 4.0276113 2.2514138 3.4612665 2.4202769 4.271645  2.7703853
  3.783139  3.9611022 4.066455  3.818112 ]], shape=(1, 18), dtype=float32)"
761,[4 1 0 0 0 0 0 5 3 3 6 6 0 0 0 0 0 0 0 0 0 0 0 0 0],"tf.Tensor([ 2.9837296  3.3329604  1.9513421  2.003626   4.0896363 11.       ], shape=(6,), dtype=float32)",0.5,[4 2 5 2 1 5 3 0 0 0 0 0 0 0 0 0 0 0 0 0 0 0 0 0 0],False,"tf.Tensor(
[[2.9837296 3.3329604 1.9513421 2.003626  4.0896363 3.8251476 4.3896985
  2.4224448 4.7789407 1.5232991 2.870111  2.7385354 4.4148407 4.1150904
  3.5435677 3.5806234 4.961115  2.725268 ]], shape=(1, 18), dtype=float32)"
762,[4 2 5 2 1 5 3 0 0 0 0 0 0 0 0 0 0 0 0 0 0 0 0 0 0],[0 1 1 0 0 8],0.0,[4 3 5 2 1 5 3 0 0 0 0 0 0 0 0 0 0 0 0 0 0 0 0 0 0],False,"tf.Tensor(
[[2.4460998 2.2202058 1.7393074 2.3780468 3.0599537 2.2288914 2.6841025
  2.3328786 3.1249459 1.8568131 2.6486182 2.1582267 3.4232187 2.2390702
  3.0232887 3.012912  3.3698092 3.0339167]], shape=(1, 18), dtype=float32)"
763,[4 3 5 2 1 5 3 0 0 0 0 0 0 0 0 0 0 0 0 0 0 0 0 0 0],"tf.Tensor([2.4757519 2.2404487 1.8651689 2.405951  3.1516538 7.       ], shape=(6,), dtype=float32)",0.0,[5 1 0 0 0 0 0 5 2 1 5 3 0 0 0 0 0 0 0 0 0 0 0 0 0],False,"tf.Tensor(
[[2.4757519 2.2404487 1.8651689 2.405951  3.1516538 2.3037558 2.8781154
  2.3753963 3.3004968 1.9319414 2.720939  2.194975  3.5417585 2.2738853
  3.1590054 3.0961618 3.4734423 3.1153674]], shape=(1, 18), dtype=float32)"
764,[5 1 0 0 0 0 0 5 2 1 5 3 0 0 0 0 0 0 0 0 0 0 0 0 0],"tf.Tensor([ 2.536606   2.5406857  1.4823283  1.7329842  3.2187426 11.       ], shape=(6,), dtype=float32)",0.5,[5 2 6 5 6 4 4 0 0 0 0 0 0 0 0 0 0 0 0 0 0 0 0 0 0],False,"tf.Tensor(
[[2.536606  2.5406857 1.4823283 1.7329842 3.2187426 3.2259612 3.7521017
  2.230255  3.833349  1.2395291 2.3490565 2.1591997 3.512446  3.5329144
  2.9653707 2.8192537 4.0600476 2.2253795]], shape=(1, 18), dtype=float32)"
765,[5 2 6 5 6 4 4 0 0 0 0 0 0 0 0 0 0 0 0 0 0 0 0 0 0],"tf.Tensor([3.9490862 3.5769303 2.847215  3.9673831 3.8161662 9.       ], shape=(6,), dtype=float32)",0.0,[5 3 6 5 6 4 4 0 0 0 0 0 0 0 0 0 0 0 0 0 0 0 0 0 0],False,"tf.Tensor(
[[3.9490862 3.5769303 2.847215  3.9673831 3.8161662 2.889387  3.5431592
  4.098818  4.586151  2.904255  4.18253   3.2851012 4.7149296 2.5847049
  4.8886433 4.8672547 4.8573356 4.6286545]], shape=(1, 18), dtype=float32)"
766,[5 3 6 5 6 4 4 0 0 0 0 0 0 0 0 0 0 0 0 0 0 0 0 0 0],"tf.Tensor([3.9925325 3.6164184 2.963574  4.0100665 3.9142652 9.       ], shape=(6,), dtype=float32)",0.0,[6 1 0 0 0 0 0 6 5 6 4 4 0 0 0 0 0 0 0 0 0 0 0 0 0],False,"tf.Tensor(
[[3.9925325 3.6164184 2.963574  4.0100665 3.9142652 2.949363  3.7222128
  4.1566753 4.7371464 2.9789977 4.2882032 3.3165817 4.856417  2.6324928
  5.014397  4.9919076 4.9259386 4.717763 ]], shape=(1, 18), dtype=float32)"
767,[6 1 0 0 0 0 0 6 5 6 4 4 0 0 0 0 0 0 0 0 0 0 0 0 0],"tf.Tensor([ 3.596507   3.3633826  1.8685989  2.761871   4.2409196 11.       ], shape=(6,), dtype=float32)",0.5,[6 2 1 3 4 1 5 0 0 0 0 0 0 0 0 0 0 0 0 0 0 0 0 0 0],False,"tf.Tensor(
[[3.596507  3.3633826 1.8685989 2.761871  4.2409196 4.1353483 4.7350307
  3.0997403 4.566357  1.7753447 3.4594073 3.0418003 5.068019  4.8518147
  3.891846  4.194287  5.3169246 3.4461966]], shape=(1, 18), dtype=float32)"
768,[6 2 1 3 4 1 5 0 0 0 0 0 0 0 0 0 0 0 0 0 0 0 0 0 0],"tf.Tensor([ 2.785462   2.203959   1.7461438  2.635151   2.196067  12.       ], shape=(6,), dtype=float32)",0.0,[6 3 1 3 4 1 5 0 0 0 0 0 0 0 0 0 0 0 0 0 0 0 0 0 0],False,"tf.Tensor(
[[2.785462  2.203959  1.7461438 2.635151  2.196067  2.124842  2.00219
  2.5414674 2.9085393 1.773992  2.7925704 1.6256061 3.117954  1.682109
  3.0368493 3.1843154 2.6070807 3.3393426]], shape=(1, 18), dtype=float32)"
769,[6 3 1 3 4 1 5 0 0 0 0 0 0 0 0 0 0 0 0 0 0 0 0 0 0],"tf.Tensor([ 2.8050756  2.2257419  1.8717973  2.6685305  2.272449  12.       ], shape=(6,), dtype=float32)",28.0,[7 1 0 0 0 0 0 1 3 4 1 5 0 0 0 0 0 0 0 0 0 0 0 0 14],False,"tf.Tensor(
[[2.8050756 2.2257419 1.8717973 2.6685305 2.272449  2.1765184 2.1164281
  2.576873  3.0628178 1.8591942 2.8946993 1.6436636 3.2048295 1.6841837
  3.1623905 3.2807028 2.6318269 3.4107878]], shape=(1, 18), dtype=float32)"
770,[7 1 0 0 0 0 0 1 3 4 1 5 0 0 0 0 0 0 0 0 0 0 0 0 14],"tf.Tensor([2.384589  2.2978234 2.9965692 2.6183283 2.3864655 1.       ], shape=(6,), dtype=float32)",0.5,[7 2 1 2 3 6 2 0 0 0 0 0 0 0 0 0 0 0 0 0 0 0 0 0 14],False,"tf.Tensor(
[[2.384589  2.2978234 2.9965692 2.6183283 2.3864655 2.0377123 4.1582875
  3.0233507 3.886795  2.6876936 3.4512703 2.8633845 3.9383292 2.6450436
  3.882601  3.40822   3.9651864 2.736446 ]], shape=(1, 18), dtype=float32)"
771,[7 2 1 2 3 6 2 0 0 0 0 0 0 0 0 0 0 0 0 0 0 0 0 0 14],"tf.Tensor([2.437581  1.7759217 2.4412818 2.8208866 1.5565761 9.       ], shape=(6,), dtype=float32)",0.0,[7 3 1 2 3 6 2 0 0 0 0 0 0 0 0 0 0 0 0 0 0 0 0 0 14],False,"tf.Tensor(
[[2.437581  1.7759217 2.4412818 2.8208866 1.5565761 1.7381206 3.751844
  3.6101017 3.4014556 2.949101  3.8117974 2.9287686 3.1075287 1.7277256
  4.3376737 3.5794199 2.8598192 3.6466904]], shape=(1, 18), dtype=float32)"
772,[7 3 1 2 3 6 2 0 0 0 0 0 0 0 0 0 0 0 0 0 0 0 0 0 14],"tf.Tensor([2.4960938 1.7230426 2.570677  2.8176544 1.6134948 9.       ], shape=(6,), dtype=float32)",0.0,[8 1 0 0 0 0 0 1 2 3 6 2 0 0 0 0 0 0 0 0 0 0 0 0 14],False,"tf.Tensor(
[[2.4960938 1.7230426 2.570677  2.8176544 1.6134948 1.7757329 3.8991373
  3.6882207 3.519656  3.0323157 3.8844836 2.9707448 3.2339528 1.7131273
  4.4489093 3.636789  2.9182081 3.7178016]], shape=(1, 18), dtype=float32)"
773,[8 1 0 0 0 0 0 1 2 3 6 2 0 0 0 0 0 0 0 0 0 0 0 0 14],"tf.Tensor([ 2.9406354  2.432895   3.0735662  3.165286   2.1188536 11.       ], shape=(6,), dtype=float32)",0.5,[8 2 6 2 6 2 2 0 0 0 0 0 0 0 0 0 0 0 0 0 0 0 0 0 14],False,"tf.Tensor(
[[2.9406354 2.432895  3.0735662 3.165286  2.1188536 2.145479  3.81383
  3.3731725 3.7870603 2.4151874 3.7614903 3.1619437 3.9322543 2.4349906
  3.9341533 3.818574  4.1737022 3.1258535]], shape=(1, 18), dtype=float32)"
774,[8 2 6 2 6 2 2 0 0 0 0 0 0 0 0 0 0 0 0 0 0 0 0 0 14],"tf.Tensor([2.891632  2.6600146 3.160431  3.4384818 2.7894094 9.       ], shape=(6,), dtype=float32)",0.0,[8 3 6 2 6 2 2 0 0 0 0 0 0 0 0 0 0 0 0 0 0 0 0 0 14],False,"tf.Tensor(
[[2.891632  2.6600146 3.160431  3.4384818 2.7894094 2.2599902 4.693714
  3.9632845 4.740852  3.8871255 4.2089868 3.2888436 4.4121866 2.1851163
  5.655117  4.6831465 3.8861048 4.573011 ]], shape=(1, 18), dtype=float32)"
775,[8 3 6 2 6 2 2 0 0 0 0 0 0 0 0 0 0 0 0 0 0 0 0 0 14],"tf.Tensor([2.9822865 2.678022  3.3003309 3.453556  2.8546915 9.       ], shape=(6,), dtype=float32)",0.0,[9 1 0 0 0 0 0 6 2 6 2 2 0 0 0 0 0 0 0 0 0 0 0 0 14],False,"tf.Tensor(
[[2.9822865 2.678022  3.3003309 3.453556  2.8546915 2.318657  4.816685
  4.0590034 4.890799  3.9809175 4.2753377 3.3455396 4.564822  2.1527143
  5.788186  4.774441  3.9710712 4.658794 ]], shape=(1, 18), dtype=float32)"
776,[9 1 0 0 0 0 0 6 2 6 2 2 0 0 0 0 0 0 0 0 0 0 0 0 14],"tf.Tensor([ 2.9494762  2.5944622  3.019471   3.1769671  2.7298458 11.       ], shape=(6,), dtype=float32)",0.5,[9 2 2 5 4 6 3 0 0 0 0 0 0 0 0 0 0 0 0 0 0 0 0 0 14],False,"tf.Tensor(
[[2.9494762 2.5944622 3.019471  3.1769671 2.7298458 3.0657039 4.8111224
  3.2901123 4.193421  2.703074  3.495295  3.164067  4.995214  3.186444
  4.8460956 3.7620738 5.2554655 3.4886584]], shape=(1, 18), dtype=float32)"
777,[9 2 2 5 4 6 3 0 0 0 0 0 0 0 0 0 0 0 0 0 0 0 0 0 14],"tf.Tensor([3.3498604 2.4901886 2.9843805 3.3362746 2.5842698 9.       ], shape=(6,), dtype=float32)",0.0,[9 3 2 5 4 6 3 0 0 0 0 0 0 0 0 0 0 0 0 0 0 0 0 0 14],False,"tf.Tensor(
[[3.3498604 2.4901886 2.9843805 3.3362746 2.5842698 2.62216   5.027016
  4.392563  4.8567276 3.5873137 4.6523376 3.5045655 4.2351017 2.639045
  5.359849  4.6245503 3.8497121 4.5859785]], shape=(1, 18), dtype=float32)"
778,[9 3 2 5 4 6 3 0 0 0 0 0 0 0 0 0 0 0 0 0 0 0 0 0 14],"tf.Tensor([3.4124258 2.5001116 3.1329408 3.3393378 2.6658528 9.       ], shape=(6,), dtype=float32)",60.0,[10 1 0 0 0 0 0 2 5 4 6 3 0 0 0 0 0 0 0 0 0 30 0 0 14],False,"tf.Tensor(
[[3.4124258 2.5001116 3.1329408 3.3393378 2.6658528 2.6648655 5.16109
  4.480804  5.014132  3.6829777 4.731094  3.5580773 4.367463  2.612007
  5.4907985 4.69059   3.9245186 4.6748743]], shape=(1, 18), dtype=float32)"
779,[10 1 0 0 0 0 0 2 5 4 6 3 0 0 0 0 0 0 0 0 0 30 0 0 14],"tf.Tensor([2.0247135 2.1561978 1.7023369 2.4673123 0.9143195 1.       ], shape=(6,), dtype=float32)",0.5,[10 2 5 3 2 4 6 0 0 0 0 0 0 0 0 0 0 0 0 0 0 30 0 0 14],False,"tf.Tensor(
[[ 2.0247135  2.1561978  1.7023369  2.4673123  0.9143195  2.9552758
   4.0856795  2.0917203  2.3695364  1.1707103  1.9727385 -1.151272
   1.257512   2.0011892  1.3199861  2.420206   2.2692807  2.1783857]], shape=(1, 18), dtype=float32)"
780,[10 2 5 3 2 4 6 0 0 0 0 0 0 0 0 0 0 0 0 0 0 30 0 0 14],"tf.Tensor([1.6506474 1.742945  1.4381443 2.3181462 1.0074257 1.       ], shape=(6,), dtype=float32)",0.0,[10 3 5 3 2 4 6 0 0 0 0 0 0 0 0 0 0 0 0 0 0 30 0 0 14],False,"tf.Tensor(
[[ 1.6506474  1.742945   1.4381443  2.3181462  1.0074257  2.4655783
   4.247365   2.9371362  1.9342085  1.4551293  1.9835151 -0.5971356
   1.6340017  2.1612592  1.5275323  2.242554   2.838378   1.5871358]], shape=(1, 18), dtype=float32)"
781,[10 3 5 3 2 4 6 0 0 0 0 0 0 0 0 0 0 0 0 0 0 30 0 0 14],"tf.Tensor([1.6318117 1.7998036 1.4321301 2.3293056 1.0324519 1.       ], shape=(6,), dtype=float32)",4.0,[11 1 0 0 0 0 0 5 3 2 4 6 0 2 0 0 0 0 0 0 0 30 0 0 14],False,"tf.Tensor(
[[ 1.6318117   1.7998036   1.4321301   2.3293056   1.0324519   2.5875626
   4.3633957   2.996187    1.9742734   1.487938    2.0004654  -0.64532596
   1.6505208   2.1749227   1.5343262   2.321392    2.9529548   1.5889379 ]], shape=(1, 18), dtype=float32)"
782,[11 1 0 0 0 0 0 5 3 2 4 6 0 2 0 0 0 0 0 0 0 30 0 0 14],"tf.Tensor([1.9503076 2.067026  1.6632457 2.860103  1.2335504 1.       ], shape=(6,), dtype=float32)",0.5,[11 2 1 4 6 6 2 0 0 0 0 0 0 2 0 0 0 0 0 0 0 30 0 0 14],False,"tf.Tensor(
[[ 1.9503076  2.067026   1.6632457  2.860103   1.2335504  2.472745
   3.8605998  1.8168561  1.755316   1.3180741  2.293712  -1.0011549
   2.0683     1.880066   1.8089843  2.5550163  2.3100936  2.3230948]], shape=(1, 18), dtype=float32)"
783,[11 2 1 4 6 6 2 0 0 0 0 0 0 2 0 0 0 0 0 0 0 30 0 0 14],"tf.Tensor([2.058915  1.7599076 1.418587  2.099424  1.4006059 2.       ], shape=(6,), dtype=float32)",0.0,[11 3 1 4 6 6 2 0 0 0 0 0 0 2 0 0 0 0 0 0 0 30 0 0 14],False,"tf.Tensor(
[[2.058915  1.7599076 1.418587  2.099424  1.4006059 1.4118187 2.8015604
  3.056195  1.8123902 1.2442771 1.8855093 0.1063489 1.8429809 2.7658594
  1.5241396 1.1877555 2.0312161 1.3136958]], shape=(1, 18), dtype=float32)"
784,[11 3 1 4 6 6 2 0 0 0 0 0 0 2 0 0 0 0 0 0 0 30 0 0 14],"tf.Tensor([1.9864614 1.780017  1.4055282 2.124186  1.4094733 2.       ], shape=(6,), dtype=float32)",0.0,[12 1 0 0 0 0 0 1 4 6 6 2 0 2 0 0 0 0 0 0 0 30 0 0 14],False,"tf.Tensor(
[[1.9864614  1.780017   1.4055282  2.124186   1.4094733  1.5137624
  2.9176717  3.0627766  1.849417   1.2848853  1.9221195  0.06414647
  1.9333844  2.755777   1.5879767  1.2804226  2.1278515  1.3171962 ]], shape=(1, 18), dtype=float32)"
785,[12 1 0 0 0 0 0 1 4 6 6 2 0 2 0 0 0 0 0 0 0 30 0 0 14],"tf.Tensor([2.2760513  1.9212582  1.9581988  2.373971   0.89352834 1.        ], shape=(6,), dtype=float32)",0.4,[12 2 6 4 6 3 0 0 0 0 0 1 0 2 0 0 0 0 0 0 0 30 0 0 14],False,"tf.Tensor(
[[ 2.2760513   1.9212582   1.9581988   2.373971    0.89352834  2.9047892
   3.428915    2.3329105   3.1083968   1.4814914   2.4792812  -0.5027465
   1.4091396   2.3434093   1.7033045   2.1480947   2.009491    2.1838758 ]], shape=(1, 18), dtype=float32)"
786,[12 2 6 4 6 3 0 0 0 0 0 1 0 2 0 0 0 0 0 0 0 30 0 0 14],[1 1 1 0 1 1],0.1,[12 3 6 4 6 3 1 0 0 0 0 0 0 2 0 0 0 0 0 0 0 30 0 0 14],False,"tf.Tensor(
[[1.8056309  1.4132164  1.5724111  2.1949728  1.2408477  2.1675062
  3.5796237  2.8873188  2.52976    1.6086419  2.4455783  0.36109048
  2.2184339  2.551701   2.1482437  1.7282444  2.600829   1.5364504 ]], shape=(1, 18), dtype=float32)"
787,[12 3 6 4 6 3 1 0 0 0 0 0 0 2 0 0 0 0 0 0 0 30 0 0 14],"tf.Tensor([1.75458   1.4134083 1.5557843 2.1935706 1.1457504 1.       ], shape=(6,), dtype=float32)",-4.0,[13 1 0 0 0 0 0 6 4 6 3 3 0 0 0 0 0 0 0 0 0 30 0 0 14],False,"tf.Tensor(
[[1.75458    1.4134083  1.5557843  2.1935706  1.1457504  2.283927
  3.7487655  2.8843102  2.4978125  1.6603744  2.4179757  0.24409115
  2.1013708  2.4627802  2.0553038  1.8410681  2.5959542  1.5838084 ]], shape=(1, 18), dtype=float32)"
788,[13 1 0 0 0 0 0 6 4 6 3 3 0 0 0 0 0 0 0 0 0 30 0 0 14],"tf.Tensor([1.5203717  1.2948639  1.8034384  2.6858978  0.41456833 1.        ], shape=(6,), dtype=float32)",0.4,[13 2 5 5 5 1 0 0 0 0 0 6 0 0 0 0 0 0 0 0 0 30 0 0 14],False,"tf.Tensor(
[[ 1.5203717   1.2948639   1.8034384   2.6858978   0.41456833  3.702816
   5.0947843   2.238022    2.5470848   1.8978146   2.5430949  -0.98854727
   1.4352256   1.4277399   1.9804      3.1835823   2.668265    2.5364013 ]], shape=(1, 18), dtype=float32)"
789,[13 2 5 5 5 1 0 0 0 0 0 6 0 0 0 0 0 0 0 0 0 30 0 0 14],"tf.Tensor([2.298862  1.5189204 2.0204265 2.3972874 1.7857856 1.       ], shape=(6,), dtype=float32)",0.1,[13 3 5 5 5 1 6 0 0 0 0 0 0 0 0 0 0 0 0 0 0 30 0 0 14],False,"tf.Tensor(
[[2.298862  1.5189204 2.0204265 2.3972874 1.7857856 2.1468263 3.415989
  3.1377845 3.175893  1.9178126 2.7793489 0.8829751 2.670708  2.8009193
  2.7264512 2.028919  2.7323477 1.9564543]], shape=(1, 18), dtype=float32)"
790,[13 3 5 5 5 1 6 0 0 0 0 0 0 0 0 0 0 0 0 0 0 30 0 0 14],"tf.Tensor([2.0289931 1.477076  1.6413174 2.209139  1.5986034 1.       ], shape=(6,), dtype=float32)",0.0,[14 1 0 0 0 0 0 5 5 5 1 4 0 0 0 0 0 0 0 0 0 30 0 0 14],True,"tf.Tensor(
[[2.0289931 1.477076  1.6413174 2.209139  1.5986034 2.6019437 3.5478277
  2.805763  2.941761  1.7098725 2.588511  0.7520992 2.2777157 2.6931927
  2.0137706 2.1438563 2.52462   2.0672636]], shape=(1, 18), dtype=float32)"
791,[1 1 0 0 0 0 0 6 1 4 2 6 0 0 0 0 0 0 0 0 0 0 0 0 0],"tf.Tensor([ 2.3067324  3.0135708  1.6116502  1.5605112  3.527502  11.       ], shape=(6,), dtype=float32)",0.5,[1 2 6 1 4 2 6 0 0 0 0 0 0 0 0 0 0 0 0 0 0 0 0 0 0],False,"tf.Tensor(
[[2.3067324 3.0135708 1.6116502 1.5605112 3.527502  2.8350933 2.916452
  1.965434  3.7029657 1.4468153 2.3845985 2.205462  3.5838833 3.2623167
  2.907209  2.5932953 3.9180791 2.1808088]], shape=(1, 18), dtype=float32)"
792,[1 2 6 1 4 2 6 0 0 0 0 0 0 0 0 0 0 0 0 0 0 0 0 0 0],"tf.Tensor([ 2.5201404  3.0057719  1.7564616  2.4510906  3.7086382 11.       ], shape=(6,), dtype=float32)",0.0,[1 3 6 1 4 2 6 0 0 0 0 0 0 0 0 0 0 0 0 0 0 0 0 0 0],False,"tf.Tensor(
[[2.5201404 3.0057719 1.7564616 2.4510906 3.7086382 2.5616345 2.6236014
  2.0978816 3.7751708 1.983933  2.776221  2.1318915 3.5648334 2.8374867
  3.2019038 3.0936074 3.8081927 2.9569972]], shape=(1, 18), dtype=float32)"
793,[1 3 6 1 4 2 6 0 0 0 0 0 0 0 0 0 0 0 0 0 0 0 0 0 0],"tf.Tensor([ 2.5927591  2.9996476  1.8511336  2.5731287  3.788737  11.       ], shape=(6,), dtype=float32)",0.0,[2 1 0 0 0 0 0 6 1 4 2 6 0 0 0 0 0 0 0 0 0 0 0 0 0],False,"tf.Tensor(
[[2.5927591 2.9996476 1.8511336 2.5731287 3.788737  2.6333911 2.7158198
  2.1385794 3.845165  1.9997069 2.9160078 2.12308   3.703984  2.8828604
  3.3119578 3.214799  3.8700182 3.1256177]], shape=(1, 18), dtype=float32)"
794,[2 1 0 0 0 0 0 6 1 4 2 6 0 0 0 0 0 0 0 0 0 0 0 0 0],"tf.Tensor([ 2.4022346  2.9797304  1.6295493  1.6056958  3.5291743 11.       ], shape=(6,), dtype=float32)",0.5,[2 2 3 5 5 3 5 0 0 0 0 0 0 0 0 0 0 0 0 0 0 0 0 0 0],False,"tf.Tensor(
[[2.4022346 2.9797304 1.6295493 1.6056958 3.5291743 2.935132  3.066545
  2.042737  3.7926788 1.4625123 2.405697  2.2432125 3.6220455 3.346876
  2.9563763 2.664207  4.0148067 2.213299 ]], shape=(1, 18), dtype=float32)"
795,[2 2 3 5 5 3 5 0 0 0 0 0 0 0 0 0 0 0 0 0 0 0 0 0 0],"tf.Tensor([3.2903652 3.030549  2.3692627 3.2035432 3.1070616 9.       ], shape=(6,), dtype=float32)",0.0,[2 3 3 5 5 3 5 0 0 0 0 0 0 0 0 0 0 0 0 0 0 0 0 0 0],False,"tf.Tensor(
[[3.2903652 3.030549  2.3692627 3.2035432 3.1070616 2.4583304 2.6076844
  3.196618  3.8376298 2.4137988 3.220263  2.281261  3.860189  2.1466074
  3.9738653 3.6958148 3.960138  3.6628518]], shape=(1, 18), dtype=float32)"
796,[2 3 3 5 5 3 5 0 0 0 0 0 0 0 0 0 0 0 0 0 0 0 0 0 0],"tf.Tensor([3.355752  3.077373  2.4870822 3.2232811 3.1937866 9.       ], shape=(6,), dtype=float32)",0.0,[3 1 0 0 0 0 0 3 5 5 3 5 0 0 0 0 0 0 0 0 0 0 0 0 0],False,"tf.Tensor(
[[3.355752  3.077373  2.4870822 3.2232811 3.1937866 2.5043976 2.7375777
  3.262012  3.9981685 2.491341  3.3221564 2.2867942 3.9924016 2.2065618
  4.0782123 3.7667005 4.0107136 3.722423 ]], shape=(1, 18), dtype=float32)"
797,[3 1 0 0 0 0 0 3 5 5 3 5 0 0 0 0 0 0 0 0 0 0 0 0 0],[0 1 0 0 1 8],0.2,[3 2 1 4 0 0 0 2 0 3 6 0 0 0 0 0 0 0 0 0 0 0 0 0 0],False,"tf.Tensor(
[[2.98756   3.0110803 1.8845799 2.112094  3.3404472 2.7595928 3.1394343
  2.453042  3.4576223 1.7427579 2.976355  2.3903735 4.064846  3.77692
  3.0025675 3.5900166 3.7410107 2.8260992]], shape=(1, 18), dtype=float32)"
798,[3 2 1 4 0 0 0 2 0 3 6 0 0 0 0 0 0 0 0 0 0 0 0 0 0],"tf.Tensor([2.5412786 2.6600704 1.5802652 1.8837454 2.7622302 7.       ], shape=(6,), dtype=float32)",0.30000000000000004,[3 3 1 4 2 3 6 0 0 0 0 0 0 0 0 0 0 0 0 0 0 0 0 0 0],False,"tf.Tensor(
[[2.5412786 2.6600704 1.5802652 1.8837454 2.7622302 2.3008885 2.252879
  2.0569577 2.8424323 1.690527  2.2176232 2.025631  3.3986568 3.2137315
  2.6282196 2.7829375 3.323658  2.3371508]], shape=(1, 18), dtype=float32)"
799,[3 3 1 4 2 3 6 0 0 0 0 0 0 0 0 0 0 0 0 0 0 0 0 0 0],"tf.Tensor([2.6997886 2.3933144 1.931227  2.5035503 2.4846869 7.       ], shape=(6,), dtype=float32)",0.0,[4 1 0 0 0 0 0 3 1 2 5 4 0 0 0 0 0 0 0 0 0 0 0 0 0],False,"tf.Tensor(
[[2.6997886 2.3933144 1.931227  2.5035503 2.4846869 1.929443  1.9073832
  2.4711552 2.9766054 1.9010993 2.6298816 1.3601304 3.234428  1.8213348
  2.9923174 2.8902755 2.7794902 2.9470468]], shape=(1, 18), dtype=float32)"
800,[4 1 0 0 0 0 0 3 1 2 5 4 0 0 0 0 0 0 0 0 0 0 0 0 0],[0 1 1 0 0 7],0.2,[4 2 3 2 0 0 0 6 0 0 5 4 0 0 0 0 0 0 0 0 0 0 0 0 0],False,"tf.Tensor(
[[2.3623273 2.4210465 1.515078  1.4999756 2.8878987 2.8767378 3.2310386
  1.8807124 3.631676  1.1757181 2.0730853 1.9883219 3.2058406 3.0753407
  2.5563316 2.5591192 3.7030602 1.9532651]], shape=(1, 18), dtype=float32)"
801,[4 2 3 2 0 0 0 6 0 0 5 4 0 0 0 0 0 0 0 0 0 0 0 0 0],"tf.Tensor([ 2.6463082  3.2463002  1.8599911  2.2166393  3.9768782 11.       ], shape=(6,), dtype=float32)",0.30000000000000004,[4 3 3 2 6 5 4 0 0 0 0 0 0 0 0 0 0 0 0 0 0 0 0 0 0],False,"tf.Tensor(
[[2.6463082 3.2463002 1.8599911 2.2166393 3.9768782 3.2994983 3.6807342
  2.6038218 4.118593  1.8475268 2.8761225 2.8933659 4.166432  3.9037936
  3.6788034 3.1210418 4.8619933 2.6386085]], shape=(1, 18), dtype=float32)"
802,[4 3 3 2 6 5 4 0 0 0 0 0 0 0 0 0 0 0 0 0 0 0 0 0 0],"tf.Tensor([ 3.3154144  2.9819176  2.4016938  3.4841459  2.9444432 10.       ], shape=(6,), dtype=float32)",60.0,[5 1 0 0 0 0 0 4 3 2 5 1 0 0 0 0 0 0 0 0 0 0 30 0 0],False,"tf.Tensor(
[[3.3154144 2.9819176 2.4016938 3.4841459 2.9444432 2.2297873 2.6892674
  3.521285  3.5394945 2.28387   3.6417398 2.7526968 3.8482652 1.97091
  3.9665883 4.1103697 3.8724902 3.9106176]], shape=(1, 18), dtype=float32)"
803,[5 1 0 0 0 0 0 4 3 2 5 1 0 0 0 0 0 0 0 0 0 0 30 0 0],"tf.Tensor([ 2.996544   2.8072026  2.0269947  2.4164836  1.7592579 11.       ], shape=(6,), dtype=float32)",0.5,[5 2 2 1 1 1 3 0 0 0 0 0 0 0 0 0 0 0 0 0 0 0 30 0 0],False,"tf.Tensor(
[[2.996544  2.8072026 2.0269947 2.4164836 1.7592579 2.6313686 3.069068
  2.9188476 3.9003377 2.6969745 2.641042  1.5567932 2.7020566 2.107539
  4.5815907 2.6968067 4.7095656 2.3339698]], shape=(1, 18), dtype=float32)"
804,[5 2 2 1 1 1 3 0 0 0 0 0 0 0 0 0 0 0 0 0 0 0 30 0 0],"tf.Tensor([ 2.5540278  2.8368335  1.9259906  2.211441   1.8862766 11.       ], shape=(6,), dtype=float32)",0.0,[5 3 2 1 1 1 3 0 0 0 0 0 0 0 0 0 0 0 0 0 0 0 30 0 0],False,"tf.Tensor(
[[2.5540278 2.8368335 1.9259906 2.211441  1.8862766 2.2300882 2.647753
  2.6940088 3.632514  2.2573142 2.652481  1.5946122 2.3527336 1.9927621
  3.795646  2.50818   4.056226  2.1138723]], shape=(1, 18), dtype=float32)"
805,[5 3 2 1 1 1 3 0 0 0 0 0 0 0 0 0 0 0 0 0 0 0 30 0 0],"tf.Tensor([ 2.640506   2.887899   1.9241862  2.246836   1.9721582 11.       ], shape=(6,), dtype=float32)",0.0,[6 1 0 0 0 0 0 2 1 1 1 3 0 0 0 0 0 0 0 0 0 0 30 0 0],False,"tf.Tensor(
[[2.640506  2.887899  1.9241862 2.246836  1.9721582 2.3317237 2.6775217
  2.7535176 3.6987326 2.2893152 2.6702056 1.6229008 2.4486747 2.0438335
  3.8808103 2.515881  4.218119  2.1706946]], shape=(1, 18), dtype=float32)"
806,[6 1 0 0 0 0 0 2 1 1 1 3 0 0 0 0 0 0 0 0 0 0 30 0 0],"tf.Tensor([ 2.7569635  2.490823   1.858809   2.2697566  1.7518963 11.       ], shape=(6,), dtype=float32)",0.5,[6 2 3 6 2 2 5 0 0 0 0 0 0 0 0 0 0 0 0 0 0 0 30 0 0],False,"tf.Tensor(
[[2.7569635 2.490823  1.858809  2.2697566 1.7518963 2.3266852 2.8002605
  2.669579  3.5808032 2.4637527 2.5906947 1.5861571 2.4670887 1.8751134
  4.072599  2.454477  4.329183  2.1854284]], shape=(1, 18), dtype=float32)"
807,[6 2 3 6 2 2 5 0 0 0 0 0 0 0 0 0 0 0 0 0 0 0 30 0 0],[ 1  1  1  1  1 12],0.0,[6 3 3 6 2 2 5 0 0 0 0 0 0 0 0 0 0 0 0 0 0 0 30 0 0],False,"tf.Tensor(
[[2.4760454 3.548279  2.3342023 2.40588   1.8826267 2.0883353 2.7921243
  2.7895465 4.221298  2.9254196 2.7201023 1.5550516 2.2487397 2.2888403
  4.215066  2.7011964 3.8485234 2.327925 ]], shape=(1, 18), dtype=float32)"
808,[6 3 3 6 2 2 5 0 0 0 0 0 0 0 0 0 0 0 0 0 0 0 30 0 0],"tf.Tensor([2.564471  3.5784206 2.3544247 2.4324014 1.9139485 9.       ], shape=(6,), dtype=float32)",0.0,[7 1 0 0 0 0 0 3 6 2 2 5 0 0 0 0 0 0 0 0 0 0 30 0 0],False,"tf.Tensor(
[[2.564471  3.5784206 2.3544247 2.4324014 1.9139485 2.1628003 2.8409345
  2.8520975 4.285239  2.9628122 2.7366302 1.6203723 2.320517  2.3228796
  4.3002152 2.7139328 3.9710026 2.3796794]], shape=(1, 18), dtype=float32)"
809,[7 1 0 0 0 0 0 3 6 2 2 5 0 0 0 0 0 0 0 0 0 0 30 0 0],"tf.Tensor([3.1696508 3.1636233 2.177888  2.7555258 1.809294  9.       ], shape=(6,), dtype=float32)",0.5,[7 2 3 3 5 6 3 0 0 0 0 0 0 0 0 0 0 0 0 0 0 0 30 0 0],False,"tf.Tensor(
[[3.1696508 3.1636233 2.177888  2.7555258 1.809294  2.6019545 2.9361238
  3.1232324 4.082249  2.9768164 2.9190369 1.5816875 2.7864184 2.1557062
  4.940742  2.9396021 4.8414083 2.5317214]], shape=(1, 18), dtype=float32)"
810,[7 2 3 3 5 6 3 0 0 0 0 0 0 0 0 0 0 0 0 0 0 0 30 0 0],"tf.Tensor([2.5042064 3.2924361 2.2574148 2.2787344 2.123002  3.       ], shape=(6,), dtype=float32)",0.0,[7 3 3 3 5 6 3 0 0 0 0 0 0 0 0 0 0 0 0 0 0 0 30 0 0],False,"tf.Tensor(
[[2.5042064 3.2924361 2.2574148 2.2787344 2.123002  2.262027  2.775039
  2.833623  4.253254  2.7056901 2.6497412 1.4880755 2.3357236 2.1384757
  4.2116704 2.442297  4.1523986 2.384949 ]], shape=(1, 18), dtype=float32)"
811,[7 3 3 3 5 6 3 0 0 0 0 0 0 0 0 0 0 0 0 0 0 0 30 0 0],"tf.Tensor([ 2.5872853  3.3784313  2.2318742  2.3030953  2.228859  11.       ], shape=(6,), dtype=float32)",0.0,[8 1 0 0 0 0 0 3 3 5 6 3 0 0 0 0 0 0 0 0 0 0 30 0 0],False,"tf.Tensor(
[[2.5872853 3.3784313 2.2318742 2.3030953 2.228859  2.3722317 2.7774749
  2.909532  4.298906  2.7322779 2.651483  1.5277588 2.4484391 2.2183726
  4.2872066 2.4487293 4.3200374 2.4284005]], shape=(1, 18), dtype=float32)"
812,[8 1 0 0 0 0 0 3 3 5 6 3 0 0 0 0 0 0 0 0 0 0 30 0 0],"tf.Tensor([ 3.2125297  3.2598999  2.1619172  2.4299421  1.9869969 11.       ], shape=(6,), dtype=float32)",0.5,[8 2 3 1 4 2 2 0 0 0 0 0 0 0 0 0 0 0 0 0 0 0 30 0 0],False,"tf.Tensor(
[[3.2125297 3.2598999 2.1619172 2.4299421 1.9869969 3.2273378 3.2638164
  3.167214  3.9619505 2.7415774 2.4653552 1.711619  3.384031  2.9001524
  4.951205  2.950013  5.098555  2.5453284]], shape=(1, 18), dtype=float32)"
813,[8 2 3 1 4 2 2 0 0 0 0 0 0 0 0 0 0 0 0 0 0 0 30 0 0],"tf.Tensor([ 2.7693472  3.1601498  1.8230244  2.3056333  2.1591246 11.       ], shape=(6,), dtype=float32)",0.0,[8 3 3 1 4 2 2 0 0 0 0 0 0 0 0 0 0 0 0 0 0 0 30 0 0],False,"tf.Tensor(
[[2.7693472 3.1601498 1.8230244 2.3056333 2.1591246 2.4922285 2.6749253
  2.8215818 3.8802102 2.3418295 2.5649176 1.6444806 2.4501207 2.215556
  3.9465861 2.5494497 4.3571777 2.340432 ]], shape=(1, 18), dtype=float32)"
814,[8 3 3 1 4 2 2 0 0 0 0 0 0 0 0 0 0 0 0 0 0 0 30 0 0],"tf.Tensor([ 2.8567476  3.1987221  1.8346153  2.360353   2.2205567 11.       ], shape=(6,), dtype=float32)",0.0,[9 1 0 0 0 0 0 3 1 4 2 2 0 0 0 0 0 0 0 0 0 0 30 0 0],False,"tf.Tensor(
[[2.8567476 3.1987221 1.8346153 2.360353  2.2205567 2.571762  2.7142935
  2.8868465 3.9360788 2.3652081 2.6156585 1.6906337 2.537256  2.2496805
  4.0270286 2.5808485 4.5016026 2.40507  ]], shape=(1, 18), dtype=float32)"
815,[9 1 0 0 0 0 0 3 1 4 2 2 0 0 0 0 0 0 0 0 0 0 30 0 0],[ 1  1  1  1  0 10],0.4,[9 2 5 4 6 5 0 0 0 0 0 6 0 0 0 0 0 0 0 0 0 0 30 0 0],False,"tf.Tensor(
[[2.9353364 2.7397501 1.7404534 2.2354403 1.8551466 2.7153769 2.9503152
  2.8384576 3.5926445 2.5010104 2.3415954 1.5399703 2.7508893 2.2459674
  4.2851877 2.5876582 4.5675054 2.3640974]], shape=(1, 18), dtype=float32)"
816,[9 2 5 4 6 5 0 0 0 0 0 6 0 0 0 0 0 0 0 0 0 0 30 0 0],"tf.Tensor([2.9185393 3.5856721 2.1953406 2.58651   1.8861672 9.       ], shape=(6,), dtype=float32)",0.1,[9 3 5 4 6 5 6 0 0 0 0 0 0 0 0 0 0 0 0 0 0 0 30 0 0],False,"tf.Tensor(
[[2.9185393 3.5856721 2.1953406 2.58651   1.8861672 2.4251852 2.7076144
  2.9790883 4.1545    2.908063  2.683781  1.6289269 2.5457604 2.3750753
  4.4461055 2.7550807 4.294507  2.5266094]], shape=(1, 18), dtype=float32)"
817,[9 3 5 4 6 5 6 0 0 0 0 0 0 0 0 0 0 0 0 0 0 0 30 0 0],[0 1 1 1 1 4],20.0,[10 1 0 0 0 0 0 5 4 6 5 4 0 0 0 0 10 0 0 0 0 0 30 0 0],False,"tf.Tensor(
[[2.6691601 3.5689278 2.3905358 2.3512094 2.6301093 2.6379724 3.1332915
  2.6906261 5.069104  3.0921786 2.4855309 1.2265769 2.421935  2.618733
  4.5327034 2.453838  4.3033795 2.9320557]], shape=(1, 18), dtype=float32)"
818,[10 1 0 0 0 0 0 5 4 6 5 4 0 0 0 0 10 0 0 0 0 0 30 0 0],"tf.Tensor([ 3.2072616  3.4411938  2.5386016  2.6361527  2.3856838 11.       ], shape=(6,), dtype=float32)",0.5,[10 2 2 4 1 3 1 0 0 0 0 0 0 0 0 0 10 0 0 0 0 0 30 0 0],False,"tf.Tensor(
[[3.2072616 3.4411938 2.5386016 2.6361527 2.3856838 3.253827  3.9041204
  3.4048142 4.321958  2.8372042 3.0045571 2.4469001 3.939522  3.325073
  5.0919    3.4599197 5.2565866 2.828362 ]], shape=(1, 18), dtype=float32)"
819,[10 2 2 4 1 3 1 0 0 0 0 0 0 0 0 0 10 0 0 0 0 0 30 0 0],"tf.Tensor([2.5790665 2.8137736 2.3908849 2.1488729 1.5156006 3.       ], shape=(6,), dtype=float32)",0.0,[10 3 2 4 1 3 1 0 0 0 0 0 0 0 0 0 10 0 0 0 0 0 30 0 0],False,"tf.Tensor(
[[2.5790665 2.8137736 2.3908849 2.1488729 1.5156006 2.2074242 3.43428
  2.8038387 4.413149  2.7482233 2.458274  1.2931559 2.3537347 1.758076
  4.1968894 2.707607  3.6567419 2.3524601]], shape=(1, 18), dtype=float32)"
820,[10 3 2 4 1 3 1 0 0 0 0 0 0 0 0 0 10 0 0 0 0 0 30 0 0],"tf.Tensor([2.670872  2.9063494 2.3975356 2.1798823 1.5912567 3.       ], shape=(6,), dtype=float32)",8.0,[11 1 0 0 0 0 0 2 4 1 3 1 0 0 0 4 10 0 0 0 0 0 30 0 0],False,"tf.Tensor(
[[2.670872  2.9063494 2.3975356 2.1798823 1.5912567 2.2636669 3.4674628
  2.8870502 4.455929  2.8015707 2.4497633 1.3462251 2.4570692 1.8240007
  4.28151   2.7280824 3.7898805 2.4039733]], shape=(1, 18), dtype=float32)"
821,[11 1 0 0 0 0 0 2 4 1 3 1 0 0 0 4 10 0 0 0 0 0 30 0 0],"tf.Tensor([2.9819634 3.0620732 2.3132834 2.009004  1.6559579 9.       ], shape=(6,), dtype=float32)",0.5,[11 2 4 3 3 2 2 0 0 0 0 0 0 0 0 4 10 0 0 0 0 0 30 0 0],False,"tf.Tensor(
[[2.9819634 3.0620732 2.3132834 2.009004  1.6559579 2.7272215 3.5661058
  3.2566457 4.3979754 2.8805337 2.291399  1.5876216 2.939675  2.204232
  4.833792  2.6364596 4.3988705 2.494282 ]], shape=(1, 18), dtype=float32)"
822,[11 2 4 3 3 2 2 0 0 0 0 0 0 0 0 4 10 0 0 0 0 0 30 0 0],"tf.Tensor([2.877709  3.193321  2.3192344 2.1025107 2.2420764 3.       ], shape=(6,), dtype=float32)",0.0,[11 3 4 3 3 2 2 0 0 0 0 0 0 0 0 4 10 0 0 0 0 0 30 0 0],False,"tf.Tensor(
[[2.877709  3.193321  2.3192344 2.1025107 2.2420764 2.7254941 3.6198592
  2.9092464 4.90892   3.009118  2.262203  1.1863116 2.7754154 2.2462351
  4.548576  2.6163206 4.2214427 2.7696497]], shape=(1, 18), dtype=float32)"
823,[11 3 4 3 3 2 2 0 0 0 0 0 0 0 0 4 10 0 0 0 0 0 30 0 0],"tf.Tensor([2.9340131 3.2455168 2.3620584 2.113132  2.2526903 3.       ], shape=(6,), dtype=float32)",0.0,[12 1 0 0 0 0 0 4 3 3 2 2 0 0 0 4 10 0 0 0 0 0 30 0 0],False,"tf.Tensor(
[[2.9340131 3.2455168 2.3620584 2.113132  2.2526903 2.7835822 3.663964
  2.9856944 4.960174  3.0341735 2.2783597 1.2311041 2.846247  2.2951674
  4.6365657 2.635732  4.313388  2.8112588]], shape=(1, 18), dtype=float32)"
824,[12 1 0 0 0 0 0 4 3 3 2 2 0 0 0 4 10 0 0 0 0 0 30 0 0],"tf.Tensor([3.123635  3.149352  2.3026023 2.0473478 1.8323311 9.       ], shape=(6,), dtype=float32)",0.5,[12 2 5 5 5 4 6 0 0 0 0 0 0 0 0 4 10 0 0 0 0 0 30 0 0],False,"tf.Tensor(
[[3.123635  3.149352  2.3026023 2.0473478 1.8323311 2.9468505 3.5994353
  3.3065333 4.417697  2.9006317 2.3095226 1.640713  3.1770806 2.4357889
  4.9394546 2.653435  4.6681247 2.5821404]], shape=(1, 18), dtype=float32)"
825,[12 2 5 5 5 4 6 0 0 0 0 0 0 0 0 4 10 0 0 0 0 0 30 0 0],"tf.Tensor([3.0656807 3.4774094 2.5046537 2.406588  3.084909  3.       ], shape=(6,), dtype=float32)",0.0,[12 3 5 5 5 4 6 0 0 0 0 0 0 0 0 4 10 0 0 0 0 0 30 0 0],False,"tf.Tensor(
[[3.0656807 3.4774094 2.5046537 2.406588  3.084909  3.3212771 4.402035
  2.8427753 6.030316  3.2344158 2.470343  0.9211055 3.1570098 2.611208
  4.922132  3.0589154 4.7129745 3.4853806]], shape=(1, 18), dtype=float32)"
826,[12 3 5 5 5 4 6 0 0 0 0 0 0 0 0 4 10 0 0 0 0 0 30 0 0],"tf.Tensor([3.1933212 3.5357308 2.5846238 2.4763136 3.095586  3.       ], shape=(6,), dtype=float32)",0.0,[13 1 0 0 0 0 0 5 5 5 4 6 0 0 0 4 10 0 0 0 0 0 30 0 0],False,"tf.Tensor(
[[3.1933212 3.5357308 2.5846238 2.4763136 3.095586  3.3594735 4.4981728
  2.9767957 6.071967  3.3065732 2.5147254 1.0059209 3.3448672 2.5994756
  5.0802174 3.1388443 4.9071245 3.4970245]], shape=(1, 18), dtype=float32)"
827,[13 1 0 0 0 0 0 5 5 5 4 6 0 0 0 4 10 0 0 0 0 0 30 0 0],"tf.Tensor([3.7238104 4.175364  2.71583   2.3468874 2.6171105 9.       ], shape=(6,), dtype=float32)",0.5,[13 2 3 4 1 3 5 0 0 0 0 0 0 0 0 4 10 0 0 0 0 0 30 0 0],False,"tf.Tensor(
[[3.7238104 4.175364  2.71583   2.3468874 2.6171105 3.9309254 4.1236753
  3.998839  4.9992533 3.187809  2.6614985 2.4851718 4.538965  3.8214312
  5.949285  3.2206688 5.9208145 3.1045418]], shape=(1, 18), dtype=float32)"
828,[13 2 3 4 1 3 5 0 0 0 0 0 0 0 0 4 10 0 0 0 0 0 30 0 0],"tf.Tensor([2.7987163 3.0608356 2.374243  2.081683  2.3088286 3.       ], shape=(6,), dtype=float32)",0.0,[13 3 3 4 1 3 5 0 0 0 0 0 0 0 0 4 10 0 0 0 0 0 30 0 0],False,"tf.Tensor(
[[2.7987163 3.0608356 2.374243  2.081683  2.3088286 2.7249207 3.7903376
  2.8678608 5.0626206 3.0331147 2.2049766 0.9544919 2.7756064 2.1788027
  4.5820017 2.602421  4.1661363 2.8972244]], shape=(1, 18), dtype=float32)"
829,[13 3 3 4 1 3 5 0 0 0 0 0 0 0 0 4 10 0 0 0 0 0 30 0 0],"tf.Tensor([2.902068  3.1364987 2.419643  2.093965  2.3284311 3.       ], shape=(6,), dtype=float32)",0.0,[14 1 0 0 0 0 0 3 4 1 3 5 0 0 0 4 10 0 0 0 0 0 30 0 0],True,"tf.Tensor(
[[2.902068  3.1364987 2.419643  2.093965  2.3284311 2.8303416 3.8712463
  2.9641757 5.1264906 3.0750582 2.2196214 1.0170949 2.917961  2.2437923
  4.7068324 2.6582367 4.2995157 2.9337761]], shape=(1, 18), dtype=float32)"
830,[1 1 0 0 0 0 0 5 4 6 4 1 0 0 0 0 0 0 0 0 0 0 0 0 0],"tf.Tensor([ 2.6024885  2.9649603  1.72829    2.2701042  3.5566356 11.       ], shape=(6,), dtype=float32)",0.5,[1 2 5 4 6 4 1 0 0 0 0 0 0 0 0 0 0 0 0 0 0 0 0 0 0],False,"tf.Tensor(
[[2.6024885 2.9649603 1.72829   2.2701042 3.5566356 2.8644035 2.9450834
  2.2117534 3.5277214 1.8313496 2.7328386 2.3394692 4.008641  3.442526
  3.1936493 3.09143   4.1174264 2.7250748]], shape=(1, 18), dtype=float32)"
831,[1 2 5 4 6 4 1 0 0 0 0 0 0 0 0 0 0 0 0 0 0 0 0 0 0],"tf.Tensor([ 3.1768713  2.9312825  2.3600962  3.2928581  3.232642  10.       ], shape=(6,), dtype=float32)",0.0,[1 3 5 4 6 4 1 0 0 0 0 0 0 0 0 0 0 0 0 0 0 0 0 0 0],False,"tf.Tensor(
[[3.1768713 2.9312825 2.3600962 3.2928581 3.232642  2.4841597 3.082375
  3.30432   3.919004  2.1666691 3.4081469 2.9193711 3.7288885 1.9713653
  3.952894  4.172898  4.1301203 3.7636585]], shape=(1, 18), dtype=float32)"
832,[1 3 5 4 6 4 1 0 0 0 0 0 0 0 0 0 0 0 0 0 0 0 0 0 0],"tf.Tensor([ 3.2320657  2.9409552  2.4676309  3.2931204  3.2930396 10.       ], shape=(6,), dtype=float32)",0.0,[2 1 0 0 0 0 0 5 4 6 4 1 0 0 0 0 0 0 0 0 0 0 0 0 0],False,"tf.Tensor(
[[3.2320657 2.9409552 2.4676309 3.2931204 3.2930396 2.5254037 3.240674
  3.3761382 4.062872  2.2486124 3.4966307 2.9320943 3.8405006 2.009093
  4.064992  4.2411623 4.1729593 3.8230464]], shape=(1, 18), dtype=float32)"
833,[2 1 0 0 0 0 0 5 4 6 4 1 0 0 0 0 0 0 0 0 0 0 0 0 0],"tf.Tensor([ 2.7297568  2.9407134  1.66073    2.324267   3.564522  11.       ], shape=(6,), dtype=float32)",0.5,[2 2 2 2 4 3 5 0 0 0 0 0 0 0 0 0 0 0 0 0 0 0 0 0 0],False,"tf.Tensor(
[[2.7297568 2.9407134 1.66073   2.324267  3.564522  3.0451593 3.1563416
  2.2911181 3.5693944 1.7489958 2.7357678 2.4282706 4.127328  3.5983005
  3.2214901 3.1908007 4.2610598 2.8238773]], shape=(1, 18), dtype=float32)"
834,[2 2 2 2 4 3 5 0 0 0 0 0 0 0 0 0 0 0 0 0 0 0 0 0 0],"tf.Tensor([2.5759168 2.4452832 1.7555758 2.588775  2.5270708 7.       ], shape=(6,), dtype=float32)",0.0,[2 3 2 2 4 3 5 0 0 0 0 0 0 0 0 0 0 0 0 0 0 0 0 0 0],False,"tf.Tensor(
[[2.5759168 2.4452832 1.7555758 2.588775  2.5270708 1.9300233 1.8648057
  2.3982816 2.832049  1.6871197 2.6367965 1.7652022 3.0957315 1.7919172
  2.9049401 2.9398942 2.9972596 2.9060683]], shape=(1, 18), dtype=float32)"
835,[2 3 2 2 4 3 5 0 0 0 0 0 0 0 0 0 0 0 0 0 0 0 0 0 0],"tf.Tensor([2.6234016 2.4660823 1.8486433 2.6429558 2.5441055 7.       ], shape=(6,), dtype=float32)",0.0,[3 1 0 0 0 0 0 2 2 4 3 5 0 0 0 0 0 0 0 0 0 0 0 0 0],False,"tf.Tensor(
[[2.6234016 2.4660823 1.8486433 2.6429558 2.5441055 1.9332366 1.9233351
  2.4760873 2.8817163 1.806679  2.7195182 1.7665398 3.2124798 1.8238196
  3.0329847 2.980064  3.038917  2.9830601]], shape=(1, 18), dtype=float32)"
836,[3 1 0 0 0 0 0 2 2 4 3 5 0 0 0 0 0 0 0 0 0 0 0 0 0],"tf.Tensor([2.3384256 2.5834208 1.5427983 1.4501402 2.73733   8.       ], shape=(6,), dtype=float32)",0.5,[3 2 6 3 1 2 6 0 0 0 0 0 0 0 0 0 0 0 0 0 0 0 0 0 0],False,"tf.Tensor(
[[2.3384256 2.5834208 1.5427983 1.4501402 2.73733   2.2852275 2.6339257
  1.815862  2.870673  1.2915558 2.1902854 2.0776443 3.3338275 3.3579056
  2.256893  2.7956116 3.081526  2.077614 ]], shape=(1, 18), dtype=float32)"
837,[3 2 6 3 1 2 6 0 0 0 0 0 0 0 0 0 0 0 0 0 0 0 0 0 0],"tf.Tensor([2.613552  2.86223   1.7881154 2.4979029 3.5473683 7.       ], shape=(6,), dtype=float32)",0.0,[3 3 6 3 1 2 6 0 0 0 0 0 0 0 0 0 0 0 0 0 0 0 0 0 0],False,"tf.Tensor(
[[2.613552  2.86223   1.7881154 2.4979029 3.5473683 2.3104281 2.42606
  2.2113316 3.446194  2.1421478 2.912533  1.9278784 3.7121556 2.7546241
  3.2201953 3.3193564 3.35787   3.080639 ]], shape=(1, 18), dtype=float32)"
838,[3 3 6 3 1 2 6 0 0 0 0 0 0 0 0 0 0 0 0 0 0 0 0 0 0],"tf.Tensor([2.674179  2.8466997 1.887895  2.553436  3.6569464 7.       ], shape=(6,), dtype=float32)",0.0,[4 1 0 0 0 0 0 6 3 1 2 6 0 0 0 0 0 0 0 0 0 0 0 0 0],False,"tf.Tensor(
[[2.674179  2.8466997 1.887895  2.553436  3.6569464 2.4276757 2.6050458
  2.2838776 3.6506262 2.1790314 2.9967318 1.9166467 3.797975  2.7226305
  3.33636   3.4081347 3.4622686 3.1448255]], shape=(1, 18), dtype=float32)"
839,[4 1 0 0 0 0 0 6 3 1 2 6 0 0 0 0 0 0 0 0 0 0 0 0 0],"tf.Tensor([ 2.6142416  2.7658658  1.6077774  1.7823032  3.467257  11.       ], shape=(6,), dtype=float32)",0.5,[4 2 6 6 6 5 5 0 0 0 0 0 0 0 0 0 0 0 0 0 0 0 0 0 0],False,"tf.Tensor(
[[2.6142416 2.7658658 1.6077774 1.7823032 3.467257  3.084361  3.4953094
  2.3158176 3.9413683 1.4519382 2.565252  2.2009172 3.537905  3.3616285
  3.090693  2.891701  4.0325    2.3888621]], shape=(1, 18), dtype=float32)"
840,[4 2 6 6 6 5 5 0 0 0 0 0 0 0 0 0 0 0 0 0 0 0 0 0 0],"tf.Tensor([ 4.2242613  3.8553987  3.0081184  4.190736   4.141163  11.       ], shape=(6,), dtype=float32)",0.0,[4 3 6 6 6 5 5 0 0 0 0 0 0 0 0 0 0 0 0 0 0 0 0 0 0],False,"tf.Tensor(
[[4.2242613 3.8553987 3.0081184 4.190736  4.141163  3.166575  3.7163568
  4.2568116 4.969759  3.0685213 4.3480873 3.3663676 5.0482626 2.8019893
  5.1890955 5.112423  5.216138  4.8848557]], shape=(1, 18), dtype=float32)"
841,[4 3 6 6 6 5 5 0 0 0 0 0 0 0 0 0 0 0 0 0 0 0 0 0 0],"tf.Tensor([4.2830033 3.8956401 3.1213555 4.215205  4.21207   9.       ], shape=(6,), dtype=float32)",0.0,[5 1 0 0 0 0 0 6 6 6 5 5 0 0 0 0 0 0 0 0 0 0 0 0 0],False,"tf.Tensor(
[[4.2830033 3.8956401 3.1213555 4.215205  4.21207   3.2046278 3.8366258
  4.3206635 5.110153  3.1456964 4.446028  3.3747656 5.1803885 2.8540049
  5.2957664 5.173524  5.2665176 4.946037 ]], shape=(1, 18), dtype=float32)"
842,[5 1 0 0 0 0 0 6 6 6 5 5 0 0 0 0 0 0 0 0 0 0 0 0 0],[1 1 1 0 1 9],0.4,[5 2 6 6 3 6 0 0 0 0 4 0 0 0 0 0 0 0 0 0 0 0 0 0 0],False,"tf.Tensor(
[[3.7281332 3.8178701 2.1927407 2.7157342 4.7727704 4.2646737 4.8859663
  3.1595855 5.131763  2.0780513 3.6768854 3.2158034 5.4415894 5.0403137
  4.154128  4.4812126 5.5514107 3.598497 ]], shape=(1, 18), dtype=float32)"
843,[5 2 6 6 3 6 0 0 0 0 4 0 0 0 0 0 0 0 0 0 0 0 0 0 0],"tf.Tensor([ 3.484918   3.269147   2.5431168  3.5884624  3.6018758 11.       ], shape=(6,), dtype=float32)",0.1,[5 3 6 6 3 6 4 0 0 0 0 0 0 0 0 0 0 0 0 0 0 0 0 0 0],False,"tf.Tensor(
[[3.484918  3.269147  2.5431168 3.5884624 3.6018758 2.6589718 3.4073815
  3.8326213 4.067561  2.708015  3.8022025 3.4144273 4.4088902 2.5557082
  4.4766273 4.452878  4.6417284 4.233614 ]], shape=(1, 18), dtype=float32)"
844,[5 3 6 6 3 6 4 0 0 0 0 0 0 0 0 0 0 0 0 0 0 0 0 0 0],"tf.Tensor([3.8273988 3.353546  2.6811767 3.5707757 4.006966  7.       ], shape=(6,), dtype=float32)",0.0,[6 1 0 0 0 0 0 6 6 3 4 6 0 0 0 0 0 0 0 0 0 0 0 0 0],False,"tf.Tensor(
[[3.8273988 3.353546  2.6811767 3.5707757 4.006966  2.9960444 3.7453642
  3.8007784 4.6257596 2.8436754 3.9296    2.9658308 4.8295107 2.8272295
  4.612792  4.657777  4.59996   4.5033255]], shape=(1, 18), dtype=float32)"
845,[6 1 0 0 0 0 0 6 6 3 4 6 0 0 0 0 0 0 0 0 0 0 0 0 0],"tf.Tensor([ 3.396124   3.50845    1.9479226  2.4692066  4.416215  11.       ], shape=(6,), dtype=float32)",0.5,[6 2 1 3 1 2 3 0 0 0 0 0 0 0 0 0 0 0 0 0 0 0 0 0 0],False,"tf.Tensor(
[[3.396124  3.50845   1.9479226 2.4692066 4.416215  3.938609  4.7386413
  3.0576077 4.859499  1.9301424 3.4499493 2.911182  4.816804  4.6385326
  3.948863  4.1332555 5.0289855 3.3177485]], shape=(1, 18), dtype=float32)"
846,[6 2 1 3 1 2 3 0 0 0 0 0 0 0 0 0 0 0 0 0 0 0 0 0 0],"tf.Tensor([2.1087008 1.6217207 1.3277384 1.8392664 1.9546871 3.       ], shape=(6,), dtype=float32)",0.0,[6 3 1 3 1 2 3 0 0 0 0 0 0 0 0 0 0 0 0 0 0 0 0 0 0],False,"tf.Tensor(
[[2.1087008 1.6217207 1.3277384 1.8392664 1.9546871 1.9295835 2.1469712
  1.9409101 2.5496848 1.3623685 2.0744207 1.6053743 2.5316117 1.6765052
  2.2201278 2.4198966 2.3006797 2.5151293]], shape=(1, 18), dtype=float32)"
847,[6 3 1 3 1 2 3 0 0 0 0 0 0 0 0 0 0 0 0 0 0 0 0 0 0],"tf.Tensor([2.1636353 1.7090075 1.4218498 1.8682108 2.0862439 3.       ], shape=(6,), dtype=float32)",0.0,[7 1 0 0 0 0 0 1 3 1 2 3 0 0 0 0 0 0 0 0 0 0 0 0 0],False,"tf.Tensor(
[[2.1636353 1.7090075 1.4218498 1.8682108 2.0862439 1.9615865 2.1946077
  1.9959251 2.698731  1.4422874 2.1512554 1.6418577 2.6336517 1.6896951
  2.3038642 2.5245569 2.3270583 2.6045218]], shape=(1, 18), dtype=float32)"
848,[7 1 0 0 0 0 0 1 3 1 2 3 0 0 0 0 0 0 0 0 0 0 0 0 0],[1 0 0 1 1 6],0.30000000000000004,[7 2 5 2 4 0 0 0 2 1 0 0 0 0 0 0 0 0 0 0 0 0 0 0 0],False,"tf.Tensor(
[[2.3942852 1.7522848 1.1176105 2.0417929 2.3273065 2.2576163 2.87092
  2.269396  2.6323266 1.167644  2.360362  1.921872  2.7795897 2.5831132
  2.241734  2.543751  3.0068483 2.387363 ]], shape=(1, 18), dtype=float32)"
849,[7 2 5 2 4 0 0 0 2 1 0 0 0 0 0 0 0 0 0 0 0 0 0 0 0],[ 0  1  0  1  0 12],0.1,[7 3 5 2 4 2 0 0 0 5 0 0 0 0 0 0 0 0 0 0 0 0 0 0 0],False,"tf.Tensor(
[[2.5991988 1.8352157 1.8286772 2.5878482 2.9911335 2.458301  3.8669465
  2.7822177 3.3917446 1.9387089 2.9402328 2.2912486 3.5751624 2.2064419
  3.4364753 3.8052437 3.3211577 3.4666667]], shape=(1, 18), dtype=float32)"
850,[7 3 5 2 4 2 0 0 0 5 0 0 0 0 0 0 0 0 0 0 0 0 0 0 0],"tf.Tensor([3.2699218 2.702096  2.183233  2.8135433 3.5687692 3.       ], shape=(6,), dtype=float32)",8.0,[8 1 0 0 0 0 0 5 4 5 2 4 0 0 0 4 0 0 0 0 0 0 0 0 0],False,"tf.Tensor(
[[3.2699218 2.702096  2.183233  2.8135433 3.5687692 2.9301772 3.5389752
  2.8848033 4.3129964 2.0364614 3.1211047 2.3455226 4.066245  2.4635262
  3.7590542 3.998058  3.982721  3.6677246]], shape=(1, 18), dtype=float32)"
851,[8 1 0 0 0 0 0 5 4 5 2 4 0 0 0 4 0 0 0 0 0 0 0 0 0],"tf.Tensor([ 3.1557674  2.7846189  1.6648886  3.023063   3.3964703 11.       ], shape=(6,), dtype=float32)",0.5,[8 2 6 5 6 5 5 0 0 0 0 0 0 0 0 4 0 0 0 0 0 0 0 0 0],False,"tf.Tensor(
[[3.1557674 2.7846189 1.6648886 3.023063  3.3964703 3.2660706 3.84932
  3.157551  3.61051   1.8009564 3.288489  2.8446178 4.2712846 3.2009792
  4.0795703 3.7737396 4.6352525 3.703261 ]], shape=(1, 18), dtype=float32)"
852,[8 2 6 5 6 5 5 0 0 0 0 0 0 0 0 4 0 0 0 0 0 0 0 0 0],[1 1 1 1 1 5],0.0,[8 3 6 5 6 5 5 0 0 0 0 0 0 0 0 4 0 0 0 0 0 0 0 0 0],False,"tf.Tensor(
[[4.4472313 3.6779897 2.822753  4.878834  3.4293683 2.987388  3.2652564
  4.6193304 4.1427636 2.9387271 4.3628454 3.3482652 4.9916677 2.2106814
  5.350351  5.5025635 5.025042  5.4997616]], shape=(1, 18), dtype=float32)"
853,[8 3 6 5 6 5 5 0 0 0 0 0 0 0 0 4 0 0 0 0 0 0 0 0 0],"tf.Tensor([ 4.477066   3.6897984  2.922284   4.922736   3.5020657 10.       ], shape=(6,), dtype=float32)",0.0,[9 1 0 0 0 0 0 6 5 6 5 5 0 0 0 4 0 0 0 0 0 0 0 0 0],False,"tf.Tensor(
[[4.477066  3.6897984 2.922284  4.922736  3.5020657 3.0289376 3.4171617
  4.665833  4.2414045 3.0039773 4.4581695 3.3645658 5.130534  2.2458148
  5.454603  5.614876  5.0606775 5.592646 ]], shape=(1, 18), dtype=float32)"
854,[9 1 0 0 0 0 0 6 5 6 5 5 0 0 0 4 0 0 0 0 0 0 0 0 0],[1 1 1 0 0 4],0.30000000000000004,[9 2 5 1 2 0 0 0 0 0 1 2 0 0 0 4 0 0 0 0 0 0 0 0 0],False,"tf.Tensor(
[[3.945187  3.6400142 2.057737  3.502158  4.3979692 4.213602  4.8489113
  3.7239504 4.6689434 2.0058095 3.9457853 3.5096962 5.433694  4.367713
  4.778466  4.861611  5.7358756 4.3811045]], shape=(1, 18), dtype=float32)"
855,[9 2 5 1 2 0 0 0 0 0 1 2 0 0 0 4 0 0 0 0 0 0 0 0 0],"tf.Tensor([ 2.710791   1.882145   1.335884   2.8097632  2.6822498 10.       ], shape=(6,), dtype=float32)",0.2,[9 3 5 1 2 1 2 0 0 0 0 0 0 0 0 4 0 0 0 0 0 0 0 0 0],False,"tf.Tensor(
[[2.710791  1.882145  1.335884  2.8097632 2.6822498 2.3537955 2.8572283
  2.756253  2.9692328 2.045086  2.723342  2.3772337 3.096021  1.922476
  3.324632  3.649455  3.2237093 3.5948308]], shape=(1, 18), dtype=float32)"
856,[9 3 5 1 2 1 2 0 0 0 0 0 0 0 0 4 0 0 0 0 0 0 0 0 0],"tf.Tensor([ 2.7604976  1.8447564  1.3653197  2.9112566  2.6430144 12.       ], shape=(6,), dtype=float32)",22.0,[10 1 0 0 0 0 0 5 1 2 2 1 0 0 0 4 0 0 0 0 0 0 0 0 11],False,"tf.Tensor(
[[2.7604976 1.8447564 1.3653197 2.9112566 2.6430144 2.5253122 2.6992388
  2.576621  2.945734  1.9991212 2.686327  2.0823905 3.2659166 1.8764066
  3.3645246 3.7276978 3.051503  3.8065774]], shape=(1, 18), dtype=float32)"
857,[10 1 0 0 0 0 0 5 1 2 2 1 0 0 0 4 0 0 0 0 0 0 0 0 11],"tf.Tensor([2.4062257 1.2520105 2.228108  3.0134966 1.1194372 9.       ], shape=(6,), dtype=float32)",0.5,[10 2 4 6 6 6 3 0 0 0 0 0 0 0 0 4 0 0 0 0 0 0 0 0 11],False,"tf.Tensor(
[[2.4062257 1.2520105 2.228108  3.0134966 1.1194372 1.934178  3.5130734
  3.510389  2.3073847 2.2986963 2.8857064 2.7149873 3.367173  1.1780965
  4.3465047 3.0801325 3.6265514 3.5718157]], shape=(1, 18), dtype=float32)"
858,[10 2 4 6 6 6 3 0 0 0 0 0 0 0 0 4 0 0 0 0 0 0 0 0 11],"tf.Tensor([4.107461  2.5144653 3.101116  4.240194  2.676398  9.       ], shape=(6,), dtype=float32)",0.0,[10 3 4 6 6 6 3 0 0 0 0 0 0 0 0 4 0 0 0 0 0 0 0 0 11],False,"tf.Tensor(
[[4.107461  2.5144653 3.101116  4.240194  2.676398  3.2262385 5.1392393
  4.9440737 4.8745666 3.6223843 4.8727326 3.723582  4.8036127 2.33961
  6.062017  5.433308  4.5106125 5.6730566]], shape=(1, 18), dtype=float32)"
859,[10 3 4 6 6 6 3 0 0 0 0 0 0 0 0 4 0 0 0 0 0 0 0 0 11],"tf.Tensor([4.2169967 2.6020255 3.2680233 4.310681  2.802661  9.       ], shape=(6,), dtype=float32)",0.0,[11 1 0 0 0 0 0 4 6 6 6 3 0 0 0 4 0 0 0 0 0 0 0 0 11],False,"tf.Tensor(
[[4.2169967 2.6020255 3.2680233 4.310681  2.802661  3.2665608 5.223623
  5.058441  5.0181203 3.7020822 4.988832  3.8022203 4.979286  2.32419
  6.181115  5.5832505 4.619523  5.799399 ]], shape=(1, 18), dtype=float32)"
860,[11 1 0 0 0 0 0 4 6 6 6 3 0 0 0 4 0 0 0 0 0 0 0 0 11],"tf.Tensor([4.00649   3.0238125 2.5848873 4.1551304 3.1230633 7.       ], shape=(6,), dtype=float32)",0.5,[11 2 5 5 4 1 2 0 0 0 0 0 0 0 0 4 0 0 0 0 0 0 0 0 11],False,"tf.Tensor(
[[4.00649   3.0238125 2.5848873 4.1551304 3.1230633 3.5232418 4.8658743
  4.3519964 3.9093394 2.6181438 4.253536  3.6179729 5.553335  3.6656375
  5.200372  5.062892  5.4357343 4.828173 ]], shape=(1, 18), dtype=float32)"
861,[11 2 5 5 4 1 2 0 0 0 0 0 0 0 0 4 0 0 0 0 0 0 0 0 11],"tf.Tensor([3.2748222 1.8252469 2.681038  3.35188   2.167174  9.       ], shape=(6,), dtype=float32)",0.0,[11 3 5 5 4 1 2 0 0 0 0 0 0 0 0 4 0 0 0 0 0 0 0 0 11],False,"tf.Tensor(
[[3.2748222 1.8252469 2.681038  3.35188   2.167174  2.7731686 4.6691556
  4.028688  4.374102  3.3246503 3.8405964 3.1385934 4.00997   1.6080971
  5.332972  4.752009  3.5513732 4.983396 ]], shape=(1, 18), dtype=float32)"
862,[11 3 5 5 4 1 2 0 0 0 0 0 0 0 0 4 0 0 0 0 0 0 0 0 11],"tf.Tensor([3.3529139 1.86799   2.817839  3.3897052 2.2578404 9.       ], shape=(6,), dtype=float32)",0.0,[12 1 0 0 0 0 0 5 5 4 1 2 0 0 0 4 0 0 0 0 0 0 0 0 11],False,"tf.Tensor(
[[3.3529139 1.86799   2.817839  3.3897052 2.2578404 2.833465  4.7941318
  4.115343  4.558694  3.422769  3.931329  3.203647  4.1390285 1.594058
  5.4582953 4.821968  3.6822896 5.0657086]], shape=(1, 18), dtype=float32)"
863,[12 1 0 0 0 0 0 5 5 4 1 2 0 0 0 4 0 0 0 0 0 0 0 0 11],"tf.Tensor([2.941382  1.5516591 2.233052  3.5965142 1.9999893 1.       ], shape=(6,), dtype=float32)",0.5,[12 2 4 1 1 4 4 0 0 0 0 0 0 0 0 4 0 0 0 0 0 0 0 0 11],False,"tf.Tensor(
[[2.941382  1.5516591 2.233052  3.5965142 1.9999893 2.7818878 5.034983
  4.001689  2.7580614 2.412215  3.6396284 3.1091425 4.57826   2.6119947
  4.9426394 4.0423975 4.5356116 4.272147 ]], shape=(1, 18), dtype=float32)"
864,[12 2 4 1 1 4 4 0 0 0 0 0 0 0 0 4 0 0 0 0 0 0 0 0 11],"tf.Tensor([2.888682  1.5437995 2.3082156 3.1656103 1.949051  9.       ], shape=(6,), dtype=float32)",0.0,[12 3 4 1 1 4 4 0 0 0 0 0 0 0 0 4 0 0 0 0 0 0 0 0 11],False,"tf.Tensor(
[[2.888682  1.5437995 2.3082156 3.1656103 1.949051  2.5258703 4.200182
  3.5096326 3.5996513 2.6617591 3.4883115 2.8789504 3.7557087 1.4206051
  4.7009478 4.301804  3.3130884 4.5385866]], shape=(1, 18), dtype=float32)"
865,[12 3 4 1 1 4 4 0 0 0 0 0 0 0 0 4 0 0 0 0 0 0 0 0 11],"tf.Tensor([2.972548  1.5793622 2.4646785 3.2119994 2.0321743 9.       ], shape=(6,), dtype=float32)",0.0,[13 1 0 0 0 0 0 4 1 1 4 4 0 0 0 4 0 0 0 0 0 0 0 0 11],False,"tf.Tensor(
[[2.972548  1.5793622 2.4646785 3.2119994 2.0321743 2.5722036 4.3154216
  3.6175497 3.7417083 2.7548966 3.588766  2.9577415 3.8976653 1.4182204
  4.8250847 4.3920064 3.4212449 4.6318684]], shape=(1, 18), dtype=float32)"
866,[13 1 0 0 0 0 0 4 1 1 4 4 0 0 0 4 0 0 0 0 0 0 0 0 11],"tf.Tensor([2.9999738 2.020858  2.824506  3.4157667 1.6832641 9.       ], shape=(6,), dtype=float32)",0.5,[13 2 2 2 2 6 3 0 0 0 0 0 0 0 0 4 0 0 0 0 0 0 0 0 11],False,"tf.Tensor(
[[2.9999738 2.020858  2.824506  3.4157667 1.6832641 2.519779  4.660159
  4.1991105 3.444622  2.5012496 3.7169728 3.3357556 4.208764  2.003795
  5.134614  3.973676  4.5101247 3.9541538]], shape=(1, 18), dtype=float32)"
867,[13 2 2 2 2 6 3 0 0 0 0 0 0 0 0 4 0 0 0 0 0 0 0 0 11],[1 1 0 1 1 7],0.0,[13 3 2 2 2 6 3 0 0 0 0 0 0 0 0 4 0 0 0 0 0 0 0 0 11],False,"tf.Tensor(
[[3.1269174 1.5634891 2.5287762 3.4528847 1.7845559 2.6122622 4.5411005
  4.0323625 3.8563585 2.8728662 4.048212  3.3159049 3.7169821 1.498592
  5.0066824 4.6522193 3.3872185 4.835705 ]], shape=(1, 18), dtype=float32)"
868,[13 3 2 2 2 6 3 0 0 0 0 0 0 0 0 4 0 0 0 0 0 0 0 0 11],"tf.Tensor([3.2053628 1.5838871 2.6660612 3.491388  1.8563559 9.       ], shape=(6,), dtype=float32)",0.0,[14 1 0 0 0 0 0 2 2 2 6 3 0 0 0 4 0 0 0 0 0 0 0 0 11],True,"tf.Tensor(
[[3.2053628 1.5838871 2.6660612 3.491388  1.8563559 2.6578352 4.643483
  4.125748  3.982631  2.9666045 4.13168   3.3647728 3.847412  1.4980072
  5.1209097 4.7340765 3.4677892 4.926851 ]], shape=(1, 18), dtype=float32)"
869,[1 1 0 0 0 0 0 2 6 1 2 6 0 0 0 0 0 0 0 0 0 0 0 0 0],[1 0 0 1 1 3],0.30000000000000004,[1 2 2 2 6 0 0 0 4 6 0 0 0 0 0 0 0 0 0 0 0 0 0 0 0],False,"tf.Tensor(
[[2.3629785 2.4883535 1.5352733 1.8691417 2.8659325 2.2402134 2.6431456
  2.075099  3.2437284 1.5786376 2.563006  1.8000076 3.0729566 2.6270754
  2.62615   2.8243818 3.0370853 2.403516 ]], shape=(1, 18), dtype=float32)"
870,[1 2 2 2 6 0 0 0 4 6 0 0 0 0 0 0 0 0 0 0 0 0 0 0 0],"tf.Tensor([ 3.1262488  3.3558657  2.2429557  2.5945148  3.3088    10.       ], shape=(6,), dtype=float32)",0.2,[1 3 2 2 6 4 6 0 0 0 0 0 0 0 0 0 0 0 0 0 0 0 0 0 0],False,"tf.Tensor(
[[3.1262488 3.3558657 2.2429557 2.5945148 3.3088    2.079997  2.3349817
  2.2324662 3.1913657 2.0664582 3.022164  2.1245263 4.057268  3.1453662
  3.2199605 4.415304  2.9912634 3.5377295]], shape=(1, 18), dtype=float32)"
871,[1 3 2 2 6 4 6 0 0 0 0 0 0 0 0 0 0 0 0 0 0 0 0 0 0],"tf.Tensor([3.02155   2.970478  2.1596692 3.1042204 3.024416  7.       ], shape=(6,), dtype=float32)",0.0,[2 1 0 0 0 0 0 2 6 1 2 6 0 0 0 0 0 0 0 0 0 0 0 0 0],False,"tf.Tensor(
[[3.02155   2.970478  2.1596692 3.1042204 3.024416  2.31147   2.3749979
  2.844085  3.5123463 1.9388468 3.1805866 2.1787279 3.6749558 2.060453
  3.5143352 3.63178   3.6283114 3.4539475]], shape=(1, 18), dtype=float32)"
872,[2 1 0 0 0 0 0 2 6 1 2 6 0 0 0 0 0 0 0 0 0 0 0 0 0],"tf.Tensor([2.4048703 2.4969962 1.5060513 1.8654909 2.9388297 3.       ], shape=(6,), dtype=float32)",0.5,[2 2 1 3 4 1 3 0 0 0 0 0 0 0 0 0 0 0 0 0 0 0 0 0 0],False,"tf.Tensor(
[[2.4048703 2.4969962 1.5060513 1.8654909 2.9388297 2.323309  2.743494
  2.1397843 3.2423897 1.5640541 2.5672042 1.8920786 3.1772077 2.7196522
  2.660439  2.9032369 3.1034563 2.4787242]], shape=(1, 18), dtype=float32)"
873,[2 2 1 3 4 1 3 0 0 0 0 0 0 0 0 0 0 0 0 0 0 0 0 0 0],"tf.Tensor([2.2794492 1.9893576 1.6778797 2.2109122 1.9656552 9.       ], shape=(6,), dtype=float32)",0.0,[2 3 1 3 4 1 3 0 0 0 0 0 0 0 0 0 0 0 0 0 0 0 0 0 0],False,"tf.Tensor(
[[2.2794492 1.9893576 1.6778797 2.2109122 1.9656552 1.6255518 1.7524899
  2.2663152 2.5244617 1.6112363 2.234378  1.4682858 2.5732858 1.3351399
  2.648741  2.541405  2.5345538 2.5394013]], shape=(1, 18), dtype=float32)"
874,[2 3 1 3 4 1 3 0 0 0 0 0 0 0 0 0 0 0 0 0 0 0 0 0 0],"tf.Tensor([2.317728  2.009662  1.7822901 2.2541833 2.036657  9.       ], shape=(6,), dtype=float32)",0.0,[3 1 0 0 0 0 0 1 3 4 1 3 0 0 0 0 0 0 0 0 0 0 0 0 0],False,"tf.Tensor(
[[2.317728  2.009662  1.7822901 2.2541833 2.036657  1.6816332 1.8924866
  2.3106277 2.652599  1.680318  2.346252  1.4879999 2.6937776 1.3704772
  2.7590458 2.6604145 2.562418  2.6338892]], shape=(1, 18), dtype=float32)"
875,[3 1 0 0 0 0 0 1 3 4 1 3 0 0 0 0 0 0 0 0 0 0 0 0 0],"tf.Tensor([2.1583314 1.9041976 1.3077229 1.5333877 2.1683772 7.       ], shape=(6,), dtype=float32)",0.5,[3 2 1 2 1 1 3 0 0 0 0 0 0 0 0 0 0 0 0 0 0 0 0 0 0],False,"tf.Tensor(
[[2.1583314 1.9041976 1.3077229 1.5333877 2.1683772 1.8741277 2.137968
  1.6913104 2.281034  1.1390713 2.0314298 1.7161529 2.7124774 2.5203733
  1.8884686 2.4558005 2.5585556 1.9835404]], shape=(1, 18), dtype=float32)"
876,[3 2 1 2 1 1 3 0 0 0 0 0 0 0 0 0 0 0 0 0 0 0 0 0 0],"tf.Tensor([1.6845851 1.4873794 1.163707  1.5374163 1.6277087 7.       ], shape=(6,), dtype=float32)",0.0,[3 3 1 2 1 1 3 0 0 0 0 0 0 0 0 0 0 0 0 0 0 0 0 0 0],False,"tf.Tensor(
[[1.6845851 1.4873794 1.163707  1.5374163 1.6277087 1.355362  1.4020044
  1.5343845 1.929783  1.1978484 1.6326587 0.9663477 2.0598063 1.2928324
  1.8410649 1.8340622 1.8128136 1.8909891]], shape=(1, 18), dtype=float32)"
877,[3 3 1 2 1 1 3 0 0 0 0 0 0 0 0 0 0 0 0 0 0 0 0 0 0],"tf.Tensor([1.7444668 1.5434674 1.2767147 1.6015805 1.7136005 7.       ], shape=(6,), dtype=float32)",0.0,[4 1 0 0 0 0 0 1 2 1 1 3 0 0 0 0 0 0 0 0 0 0 0 0 0],False,"tf.Tensor(
[[1.7444668 1.5434674 1.2767147 1.6015805 1.7136005 1.3791211 1.4858519
  1.6285745 2.0547147 1.2826302 1.7548089 1.0067191 2.1513584 1.295408
  1.9499909 1.9643335 1.8366355 1.9953016]], shape=(1, 18), dtype=float32)"
878,[4 1 0 0 0 0 0 1 2 1 1 3 0 0 0 0 0 0 0 0 0 0 0 0 0],"tf.Tensor([ 1.7517662  1.3438787  0.9214344  1.3729509  1.7872888 11.       ], shape=(6,), dtype=float32)",0.5,[4 2 1 1 3 3 6 0 0 0 0 0 0 0 0 0 0 0 0 0 0 0 0 0 0],False,"tf.Tensor(
[[1.7517662 1.3438787 0.9214344 1.3729509 1.7872888 1.6529716 1.9739131
  1.6447332 1.9661674 0.9409693 1.711431  1.4001749 2.0417516 1.8881985
  1.6449885 1.8467437 2.1807954 1.6753727]], shape=(1, 18), dtype=float32)"
879,[4 2 1 1 3 3 6 0 0 0 0 0 0 0 0 0 0 0 0 0 0 0 0 0 0],"tf.Tensor([2.3755617 2.216129  1.5603911 2.498829  2.1275616 7.       ], shape=(6,), dtype=float32)",0.0,[4 3 1 1 3 3 6 0 0 0 0 0 0 0 0 0 0 0 0 0 0 0 0 0 0],False,"tf.Tensor(
[[2.3755617 2.216129  1.5603911 2.498829  2.1275616 1.6448929 1.547565
  2.2012422 2.3492203 1.4989458 2.5226529 1.3692946 2.8980138 1.5929152
  2.597463  2.8175788 2.373098  2.8274872]], shape=(1, 18), dtype=float32)"
880,[4 3 1 1 3 3 6 0 0 0 0 0 0 0 0 0 0 0 0 0 0 0 0 0 0],"tf.Tensor([2.440463  2.212444  1.6632615 2.5387883 2.212845  7.       ], shape=(6,), dtype=float32)",0.0,[5 1 0 0 0 0 0 1 1 3 3 6 0 0 0 0 0 0 0 0 0 0 0 0 0],False,"tf.Tensor(
[[2.440463  2.212444  1.6632615 2.5387883 2.212845  1.7071012 1.669556
  2.2609935 2.4711874 1.5708858 2.5990343 1.3678594 2.9960382 1.60552
  2.7010477 2.9355195 2.4197557 2.9088845]], shape=(1, 18), dtype=float32)"
881,[5 1 0 0 0 0 0 1 1 3 3 6 0 0 0 0 0 0 0 0 0 0 0 0 0],"tf.Tensor([2.3358986 2.416264  1.4539704 1.3962476 2.6034057 8.       ], shape=(6,), dtype=float32)",0.5,[5 2 6 3 4 2 2 0 0 0 0 0 0 0 0 0 0 0 0 0 0 0 0 0 0],False,"tf.Tensor(
[[2.3358986 2.416264  1.4539704 1.3962476 2.6034057 2.3243895 2.7685223
  1.8722596 2.9137447 1.2163564 2.1236868 2.0844443 3.1717174 3.1910968
  2.2496383 2.7417629 3.0744417 2.0457926]], shape=(1, 18), dtype=float32)"
882,[5 2 6 3 4 2 2 0 0 0 0 0 0 0 0 0 0 0 0 0 0 0 0 0 0],"tf.Tensor([ 2.818903   2.5219471  2.1491814  2.884437   3.1618547 10.       ], shape=(6,), dtype=float32)",0.0,[5 3 6 3 4 2 2 0 0 0 0 0 0 0 0 0 0 0 0 0 0 0 0 0 0],False,"tf.Tensor(
[[2.818903  2.5219471 2.1491814 2.884437  3.1618547 2.3287005 3.1785355
  2.9834502 3.5451453 2.2574854 3.1757991 2.661687  3.7589805 2.111199
  3.746005  3.8211997 3.76163   3.5856988]], shape=(1, 18), dtype=float32)"
883,[5 3 6 3 4 2 2 0 0 0 0 0 0 0 0 0 0 0 0 0 0 0 0 0 0],"tf.Tensor([ 2.8607438  2.5512874  2.2815633  2.9246845  3.261504  10.       ], shape=(6,), dtype=float32)",0.0,[6 1 0 0 0 0 0 6 3 4 2 2 0 0 0 0 0 0 0 0 0 0 0 0 0],False,"tf.Tensor(
[[2.8607438 2.5512874 2.2815633 2.9246845 3.261504  2.4005942 3.3747385
  3.0379953 3.7138083 2.3387117 3.268766  2.6944227 3.9103513 2.1477542
  3.8887095 3.9357264 3.8533096 3.6732504]], shape=(1, 18), dtype=float32)"
884,[6 1 0 0 0 0 0 6 3 4 2 2 0 0 0 0 0 0 0 0 0 0 0 0 0],"tf.Tensor([ 2.7583864  2.5234377  1.2060784  2.4875689  3.139145  11.       ], shape=(6,), dtype=float32)",0.5,[6 2 6 5 2 1 3 0 0 0 0 0 0 0 0 0 0 0 0 0 0 0 0 0 0],False,"tf.Tensor(
[[2.7583864 2.5234377 1.2060784 2.4875689 3.139145  3.3648825 3.7339609
  2.5998824 3.365513  1.3594413 2.8206353 2.3826337 3.787382  3.6888142
  3.3236094 2.9712648 4.361635  2.751211 ]], shape=(1, 18), dtype=float32)"
885,[6 2 6 5 2 1 3 0 0 0 0 0 0 0 0 0 0 0 0 0 0 0 0 0 0],[ 1  1  0  0  1 12],0.0,[6 3 6 5 2 1 3 0 0 0 0 0 0 0 0 0 0 0 0 0 0 0 0 0 0],False,"tf.Tensor(
[[2.8879943 2.6246746 2.0620914 2.7185464 3.4782417 2.487866  3.1644173
  2.7635827 3.747137  2.376278  3.0737383 2.127564  3.9416392 2.485382
  3.646611  3.8201966 3.5000708 3.58518  ]], shape=(1, 18), dtype=float32)"
886,[6 3 6 5 2 1 3 0 0 0 0 0 0 0 0 0 0 0 0 0 0 0 0 0 0],[1 0 0 0 1 9],0.0,[7 1 0 0 0 0 0 6 5 2 1 3 0 0 0 0 0 0 0 0 0 0 0 0 0],False,"tf.Tensor(
[[2.9275892 2.6282525 2.1883247 2.7341633 3.5810966 2.5781918 3.4011297
  2.8125484 3.9386206 2.4551148 3.1395695 2.157159  4.080969  2.5111425
  3.7916071 3.9367247 3.5945196 3.6694164]], shape=(1, 18), dtype=float32)"
887,[7 1 0 0 0 0 0 6 5 2 1 3 0 0 0 0 0 0 0 0 0 0 0 0 0],[1 0 1 0 1 6],0.30000000000000004,[7 2 1 5 6 0 0 0 6 0 5 0 0 0 0 0 0 0 0 0 0 0 0 0 0],False,"tf.Tensor(
[[2.9113386 2.5219896 1.3007299 2.7151117 3.1865454 3.1083379 3.712645
  2.9334419 3.3002768 1.5880898 3.1606452 2.3376248 3.8143992 3.5465868
  3.4519227 3.2793148 4.0545616 3.1380599]], shape=(1, 18), dtype=float32)"
888,[7 2 1 5 6 0 0 0 6 0 5 0 0 0 0 0 0 0 0 0 0 0 0 0 0],"tf.Tensor([ 3.7663195  2.3506713  2.5435855  3.4754844  2.8861916 10.       ], shape=(6,), dtype=float32)",0.2,[7 3 1 5 6 6 5 0 0 0 0 0 0 0 0 0 0 0 0 0 0 0 0 0 0],False,"tf.Tensor(
[[3.7663195 2.3506713 2.5435855 3.4754844 2.8861916 2.9045177 3.2432194
  3.3707867 4.0482006 2.2226188 3.84975   2.34617   4.078015  1.8615603
  4.1835523 4.7875385 3.5226228 4.5295653]], shape=(1, 18), dtype=float32)"
889,[7 3 1 5 6 6 5 0 0 0 0 0 0 0 0 0 0 0 0 0 0 0 0 0 0],"tf.Tensor([ 4.112393   3.283399   2.7410507  3.9472075  3.1207376 10.       ], shape=(6,), dtype=float32)",0.0,[8 1 0 0 0 0 0 1 5 5 3 6 0 0 0 0 0 0 0 0 0 0 0 0 0],False,"tf.Tensor(
[[4.112393  3.283399  2.7410507 3.9472075 3.1207376 2.6755095 2.995593
  4.1977572 4.1558375 2.6161845 4.2001543 2.7843623 4.338639  2.150999
  4.4943366 4.814352  4.0139437 4.707084 ]], shape=(1, 18), dtype=float32)"
890,[8 1 0 0 0 0 0 1 5 5 3 6 0 0 0 0 0 0 0 0 0 0 0 0 0],"tf.Tensor([3.3262448 2.8324788 1.8580462 2.2999802 3.568131  7.       ], shape=(6,), dtype=float32)",0.5,[8 2 3 4 5 5 2 0 0 0 0 0 0 0 0 0 0 0 0 0 0 0 0 0 0],False,"tf.Tensor(
[[3.3262448 2.8324788 1.8580462 2.2999802 3.568131  3.3825216 4.289073
  2.6687665 3.934684  1.583162  3.1858597 2.8939085 4.438443  4.402906
  3.116814  4.01146   4.40664   3.0368638]], shape=(1, 18), dtype=float32)"
891,[8 2 3 4 5 5 2 0 0 0 0 0 0 0 0 0 0 0 0 0 0 0 0 0 0],[1 1 0 0 0 6],0.0,[8 3 3 4 5 5 2 0 0 0 0 0 0 0 0 0 0 0 0 0 0 0 0 0 0],False,"tf.Tensor(
[[3.48858   2.5501888 2.2844489 3.4814157 2.9581363 2.4847775 3.5782208
  3.83731   3.5214608 2.2692423 3.7269995 2.855802  4.105453  2.1129358
  4.024209  4.542548  3.7763617 4.3734083]], shape=(1, 18), dtype=float32)"
892,[8 3 3 4 5 5 2 0 0 0 0 0 0 0 0 0 0 0 0 0 0 0 0 0 0],"tf.Tensor([ 3.5174382  2.5540607  2.3796492  3.4893374  3.036421  10.       ], shape=(6,), dtype=float32)",0.0,[9 1 0 0 0 0 0 3 4 5 5 2 0 0 0 0 0 0 0 0 0 0 0 0 0],False,"tf.Tensor(
[[3.5174382 2.5540607 2.3796492 3.4893374 3.036421  2.5562239 3.72528
  3.8615367 3.6696901 2.342703  3.7976286 2.8833969 4.213179  2.1336265
  4.1265526 4.6439805 3.806713  4.4612994]], shape=(1, 18), dtype=float32)"
893,[9 1 0 0 0 0 0 3 4 5 5 2 0 0 0 0 0 0 0 0 0 0 0 0 0],"tf.Tensor([ 3.4515176  2.5833151  1.4831532  2.7757602  3.3791912 11.       ], shape=(6,), dtype=float32)",0.5,[9 2 1 6 5 2 4 0 0 0 0 0 0 0 0 0 0 0 0 0 0 0 0 0 0],False,"tf.Tensor(
[[3.4515176 2.5833151 1.4831532 2.7757602 3.3791912 3.9297266 4.9314737
  2.8962805 4.038585  1.298061  3.0238678 2.6900647 4.328723  4.5671926
  3.4388533 3.9318433 4.9418926 3.1276352]], shape=(1, 18), dtype=float32)"
894,[9 2 1 6 5 2 4 0 0 0 0 0 0 0 0 0 0 0 0 0 0 0 0 0 0],"tf.Tensor([ 3.6719055  2.5806825  2.302621   3.2660198  2.6813042 12.       ], shape=(6,), dtype=float32)",0.0,[9 3 1 6 5 2 4 0 0 0 0 0 0 0 0 0 0 0 0 0 0 0 0 0 0],False,"tf.Tensor(
[[3.6719055 2.5806825 2.302621  3.2660198 2.6813042 2.8818436 2.997809
  3.4962559 4.033111  2.2603757 3.6585634 2.4788213 3.837939  1.9525919
  3.9424434 4.3118644 3.3298666 4.468343 ]], shape=(1, 18), dtype=float32)"
895,[9 3 1 6 5 2 4 0 0 0 0 0 0 0 0 0 0 0 0 0 0 0 0 0 0],"tf.Tensor([ 3.681364   2.589794   2.4340184  3.3140469  2.7555776 12.       ], shape=(6,), dtype=float32)",36.0,[10 1 0 0 0 0 0 1 6 5 2 4 0 0 0 0 0 0 0 0 0 0 0 0 18],False,"tf.Tensor(
[[3.681364  2.589794  2.4340184 3.3140469 2.7555776 2.9255667 3.1286044
  3.5291398 4.159652  2.3626819 3.75348   2.4974103 3.95848   1.9740622
  4.066766  4.4125714 3.3656735 4.5476127]], shape=(1, 18), dtype=float32)"
896,[10 1 0 0 0 0 0 1 6 5 2 4 0 0 0 0 0 0 0 0 0 0 0 0 18],"tf.Tensor([3.2130816 2.832745  3.5401719 3.5827994 2.794337  1.       ], shape=(6,), dtype=float32)",0.5,[10 2 3 1 6 5 1 0 0 0 0 0 0 0 0 0 0 0 0 0 0 0 0 0 18],False,"tf.Tensor(
[[3.2130816 2.832745  3.5401719 3.5827994 2.794337  2.4490566 5.063407
  3.901454  4.553772  3.2919078 4.4937882 3.528779  4.9433546 3.240208
  4.8853307 4.7242656 4.6876388 3.817394 ]], shape=(1, 18), dtype=float32)"
897,[10 2 3 1 6 5 1 0 0 0 0 0 0 0 0 0 0 0 0 0 0 0 0 0 18],"tf.Tensor([2.83662   1.9358442 3.173879  3.6921568 1.6731716 9.       ], shape=(6,), dtype=float32)",0.0,[10 3 3 1 6 5 1 0 0 0 0 0 0 0 0 0 0 0 0 0 0 0 0 0 18],False,"tf.Tensor(
[[2.83662   1.9358442 3.173879  3.6921568 1.6731716 2.082111  4.712511
  4.416663  4.260009  3.7304409 4.8101044 3.7063417 3.6453478 1.8007962
  5.580626  4.659864  3.3445358 4.874792 ]], shape=(1, 18), dtype=float32)"
898,[10 3 3 1 6 5 1 0 0 0 0 0 0 0 0 0 0 0 0 0 0 0 0 0 18],"tf.Tensor([2.9159694 1.9457703 3.3213196 3.7067494 1.7335666 9.       ], shape=(6,), dtype=float32)",0.0,[11 1 0 0 0 0 0 3 1 6 5 1 0 0 0 0 0 0 0 0 0 0 0 0 18],False,"tf.Tensor(
[[2.9159694 1.9457703 3.3213196 3.7067494 1.7335666 2.1368906 4.8239784
  4.5007744 4.4092307 3.8216798 4.883432  3.7538896 3.794781  1.7788724
  5.7031565 4.7274747 3.4227102 4.9381666]], shape=(1, 18), dtype=float32)"
899,[11 1 0 0 0 0 0 3 1 6 5 1 0 0 0 0 0 0 0 0 0 0 0 0 18],"tf.Tensor([ 3.4686837  2.6924708  3.7701156  4.0977507  2.0940104 11.       ], shape=(6,), dtype=float32)",0.5,[11 2 1 3 4 3 3 0 0 0 0 0 0 0 0 0 0 0 0 0 0 0 0 0 18],False,"tf.Tensor(
[[3.4686837 2.6924708 3.7701156 4.0977507 2.0940104 2.577126  4.626367
  4.211878  4.359044  3.0571697 4.5084925 3.864839  4.7775793 2.480224
  5.190844  4.477117  5.2655687 3.9746792]], shape=(1, 18), dtype=float32)"
900,[11 2 1 3 4 3 3 0 0 0 0 0 0 0 0 0 0 0 0 0 0 0 0 0 18],"tf.Tensor([3.0176365 2.1338193 2.8447983 3.1549382 1.7682444 9.       ], shape=(6,), dtype=float32)",0.0,[11 3 1 3 4 3 3 0 0 0 0 0 0 0 0 0 0 0 0 0 0 0 0 0 18],False,"tf.Tensor(
[[3.0176365 2.1338193 2.8447983 3.1549382 1.7682444 2.2568502 4.7173324
  4.4227953 4.5270915 3.7042744 4.6582785 3.6844902 3.4123712 2.0839427
  5.203239  4.618622  3.06      4.559936 ]], shape=(1, 18), dtype=float32)"
901,[11 3 1 3 4 3 3 0 0 0 0 0 0 0 0 0 0 0 0 0 0 0 0 0 18],"tf.Tensor([3.0357533 2.1258893 2.9866214 3.1674376 1.8664697 9.       ], shape=(6,), dtype=float32)",0.0,[12 1 0 0 0 0 0 1 3 4 3 3 0 0 0 0 0 0 0 0 0 0 0 0 18],False,"tf.Tensor(
[[3.0357533 2.1258893 2.9866214 3.1674376 1.8664697 2.2810678 4.8592043
  4.443427  4.6536264 3.766178  4.7268043 3.689817  3.5962856 2.0565016
  5.3355646 4.6861024 3.1189303 4.6383204]], shape=(1, 18), dtype=float32)"
902,[12 1 0 0 0 0 0 1 3 4 3 3 0 0 0 0 0 0 0 0 0 0 0 0 18],"tf.Tensor([3.1009903 2.614337  3.6546514 3.7198768 2.07191   9.       ], shape=(6,), dtype=float32)",0.5,[12 2 1 4 2 4 4 0 0 0 0 0 0 0 0 0 0 0 0 0 0 0 0 0 18],False,"tf.Tensor(
[[3.1009903 2.614337  3.6546514 3.7198768 2.07191   1.9618291 4.690319
  4.341077  4.140036  3.2104692 4.5496707 3.9552302 4.430401  2.3511004
  4.9639955 4.4342184 4.649569  3.7628586]], shape=(1, 18), dtype=float32)"
903,[12 2 1 4 2 4 4 0 0 0 0 0 0 0 0 0 0 0 0 0 0 0 0 0 18],"tf.Tensor([3.2453835 2.2731664 3.0073035 3.142644  2.123148  9.       ], shape=(6,), dtype=float32)",0.0,[12 3 1 4 2 4 4 0 0 0 0 0 0 0 0 0 0 0 0 0 0 0 0 0 18],False,"tf.Tensor(
[[3.2453835 2.2731664 3.0073035 3.142644  2.123148  2.5497527 5.200847
  4.4582458 4.9334025 3.686335  4.731678  3.7259877 3.8523386 2.4593897
  5.3069377 4.760074  3.4770958 4.578139 ]], shape=(1, 18), dtype=float32)"
904,[12 3 1 4 2 4 4 0 0 0 0 0 0 0 0 0 0 0 0 0 0 0 0 0 18],"tf.Tensor([3.2620935 2.2326205 3.1435673 3.1369586 2.1881323 9.       ], shape=(6,), dtype=float32)",0.0,[13 1 0 0 0 0 0 1 4 2 4 4 0 0 0 0 0 0 0 0 0 0 0 0 18],False,"tf.Tensor(
[[3.2620935 2.2326205 3.1435673 3.1369586 2.1881323 2.5936074 5.379134
  4.479897  5.0731144 3.7467096 4.790913  3.7257175 4.0077505 2.4431043
  5.4442325 4.797888  3.5464776 4.631391 ]], shape=(1, 18), dtype=float32)"
905,[13 1 0 0 0 0 0 1 4 2 4 4 0 0 0 0 0 0 0 0 0 0 0 0 18],"tf.Tensor([3.3414507 2.6491227 3.7299397 3.7997036 2.2092383 1.       ], shape=(6,), dtype=float32)",0.5,[13 2 6 3 3 3 2 0 0 0 0 0 0 0 0 0 0 0 0 0 0 0 0 0 18],False,"tf.Tensor(
[[3.3414507 2.6491227 3.7299397 3.7997036 2.2092383 2.1358485 5.181626
  4.6712403 4.4839544 3.2649138 4.8893337 4.165702  4.4938607 2.6538808
  5.1147842 4.678523  4.8201056 3.8545082]], shape=(1, 18), dtype=float32)"
906,[13 2 6 3 3 3 2 0 0 0 0 0 0 0 0 0 0 0 0 0 0 0 0 0 18],"tf.Tensor([3.2901485 2.4733033 3.6360214 3.5397773 2.7163777 9.       ], shape=(6,), dtype=float32)",0.0,[13 3 6 3 3 3 2 0 0 0 0 0 0 0 0 0 0 0 0 0 0 0 0 0 18],False,"tf.Tensor(
[[3.2901485 2.4733033 3.6360214 3.5397773 2.7163777 2.6390066 5.881456
  4.549986  5.500752  4.270359  4.6748853 3.7972555 4.83407   2.194861
  6.314651  5.408606  4.1436906 5.1247287]], shape=(1, 18), dtype=float32)"
907,[13 3 6 3 3 3 2 0 0 0 0 0 0 0 0 0 0 0 0 0 0 0 0 0 18],"tf.Tensor([3.351515  2.4684684 3.7774546 3.5560746 2.783058  9.       ], shape=(6,), dtype=float32)",0.0,[14 1 0 0 0 0 0 6 3 3 3 2 0 0 0 0 0 0 0 0 0 0 0 0 18],True,"tf.Tensor(
[[3.351515  2.4684684 3.7774546 3.5560746 2.783058  2.6806502 6.0297527
  4.64821   5.6406827 4.362675  4.7692995 3.840378  4.9543123 2.1841757
  6.4460573 5.475425  4.2140107 5.2070694]], shape=(1, 18), dtype=float32)"
908,[1 1 0 0 0 0 0 4 5 2 1 2 0 0 0 0 0 0 0 0 0 0 0 0 0],[1 1 0 0 0 7],0.2,[1 2 4 5 0 0 0 0 0 3 3 3 0 0 0 0 0 0 0 0 0 0 0 0 0],False,"tf.Tensor(
[[2.2561567 2.2342784 1.3501774 1.9353801 2.6706107 1.9987279 2.1605592
  1.9548942 2.8113601 1.5491639 2.3768084 1.6702912 2.845837  2.3049452
  2.4450192 2.565394  2.8177798 2.388874 ]], shape=(1, 18), dtype=float32)"
909,[1 2 4 5 0 0 0 0 0 3 3 3 0 0 0 0 0 0 0 0 0 0 0 0 0],[1 0 0 0 0 1],0.0,[1 3 4 5 0 0 0 0 0 2 3 4 0 0 0 0 0 0 0 0 0 0 0 0 0],False,"tf.Tensor(
[[2.398383  3.1027462 1.924275  1.8604245 3.1641347 1.5856388 2.050203
  1.9346484 2.8163083 1.9723673 2.6994214 2.5025048 3.4281676 3.304523
  2.4407465 3.176151  3.0189264 2.4194584]], shape=(1, 18), dtype=float32)"
910,[1 3 4 5 0 0 0 0 0 2 3 4 0 0 0 0 0 0 0 0 0 0 0 0 0],"tf.Tensor([2.383955  2.9581683 1.906007  1.8244104 3.123821  7.       ], shape=(6,), dtype=float32)",0.0,[2 1 0 0 0 0 0 4 5 2 1 2 0 0 0 0 0 0 0 0 0 0 0 0 0],False,"tf.Tensor(
[[2.383955  2.9581683 1.906007  1.8244104 3.123821  1.6714926 2.2525463
  2.0157957 2.728615  1.9284623 2.7668    2.5462272 3.5844235 3.452861
  2.4635386 3.2444503 2.9532983 2.4670742]], shape=(1, 18), dtype=float32)"
911,[2 1 0 0 0 0 0 4 5 2 1 2 0 0 0 0 0 0 0 0 0 0 0 0 0],[0 1 1 0 0 7],0.2,[2 2 5 4 0 0 0 2 0 0 4 6 0 0 0 0 0 0 0 0 0 0 0 0 0],False,"tf.Tensor(
[[2.309458  2.172697  1.2869394 1.9679275 2.6559844 2.1042137 2.3566413
  2.0326717 2.797737  1.4806545 2.4067798 1.710587  2.8868134 2.4485106
  2.4423654 2.6230419 2.8726203 2.4244115]], shape=(1, 18), dtype=float32)"
912,[2 2 5 4 0 0 0 2 0 0 4 6 0 0 0 0 0 0 0 0 0 0 0 0 0],"tf.Tensor([2.2142282 3.042575  1.7401453 1.847929  3.35279   7.       ], shape=(6,), dtype=float32)",0.30000000000000004,[2 3 5 4 2 4 6 0 0 0 0 0 0 0 0 0 0 0 0 0 0 0 0 0 0],False,"tf.Tensor(
[[2.2142282 3.042575  1.7401453 1.847929  3.35279   2.1985784 2.8062773
  2.170015  2.8387647 1.7424653 2.7156837 2.8940442 3.957309  3.6943123
  2.8599105 3.3156881 3.4994009 2.573049 ]], shape=(1, 18), dtype=float32)"
913,[2 3 5 4 2 4 6 0 0 0 0 0 0 0 0 0 0 0 0 0 0 0 0 0 0],"tf.Tensor([3.1255858 3.0425637 2.0375729 2.8055809 3.7291913 7.       ], shape=(6,), dtype=float32)",0.0,[3 1 0 0 0 0 0 5 5 4 5 6 0 0 0 0 0 0 0 0 0 0 0 0 0],False,"tf.Tensor(
[[3.1255858 3.0425637 2.0375729 2.8055809 3.7291913 2.6680326 2.652638
  2.6405797 3.933135  2.2054226 3.119415  2.0122504 4.018114  2.735682
  3.5381281 3.5846179 3.7696636 3.4413135]], shape=(1, 18), dtype=float32)"
914,[3 1 0 0 0 0 0 5 5 4 5 6 0 0 0 0 0 0 0 0 0 0 0 0 0],[0 0 1 1 0 6],0.2,[3 2 1 3 0 0 0 5 5 0 0 4 0 0 0 0 0 0 0 0 0 0 0 0 0],False,"tf.Tensor(
[[3.1506789 3.535567  2.1018853 2.2069652 4.3067093 3.701116  4.2226233
  2.6256871 4.808442  1.8638356 3.169391  2.7363617 4.6637607 4.2418737
  3.6784825 3.8117359 4.862774  2.9912639]], shape=(1, 18), dtype=float32)"
915,[3 2 1 3 0 0 0 5 5 0 0 4 0 0 0 0 0 0 0 0 0 0 0 0 0],"tf.Tensor([ 2.8322499  2.569646   1.6957033  2.3666325  3.0971217 11.       ], shape=(6,), dtype=float32)",0.30000000000000004,[3 3 1 3 5 5 4 0 0 0 0 0 0 0 0 0 0 0 0 0 0 0 0 0 0],False,"tf.Tensor(
[[2.8322499 2.569646  1.6957033 2.3666325 3.0971217 2.5990415 3.1664102
  2.7645755 3.4709573 2.0058053 2.9248545 2.131904  3.5979304 2.9653947
  3.3538625 3.1539345 3.653915  3.0054345]], shape=(1, 18), dtype=float32)"
916,[3 3 1 3 5 5 4 0 0 0 0 0 0 0 0 0 0 0 0 0 0 0 0 0 0],"tf.Tensor([ 3.0730937  2.673478   2.213554   3.0809038  2.5459337 10.       ], shape=(6,), dtype=float32)",0.0,[4 1 0 0 0 0 0 5 2 1 3 6 0 0 0 0 0 0 0 0 0 0 0 0 0],False,"tf.Tensor(
[[3.0730937 2.673478  2.213554  3.0809038 2.5459337 1.9716116 2.2569304
  3.1960773 3.207859  2.028802  3.228595  2.2058704 3.3563366 1.6936774
  3.453019  3.6271048 3.2758744 3.4504485]], shape=(1, 18), dtype=float32)"
917,[4 1 0 0 0 0 0 5 2 1 3 6 0 0 0 0 0 0 0 0 0 0 0 0 0],"tf.Tensor([ 2.472939   2.5696137  1.5877187  1.5776218  3.2513747 11.       ], shape=(6,), dtype=float32)",0.5,[4 2 4 3 6 3 3 0 0 0 0 0 0 0 0 0 0 0 0 0 0 0 0 0 0],False,"tf.Tensor(
[[2.472939  2.5696137 1.5877187 1.5776218 3.2513747 3.0426805 3.5338073
  2.1431093 3.8837066 1.2839499 2.3408873 2.1447444 3.3761764 3.2531185
  2.8637867 2.7342403 3.921497  2.1440976]], shape=(1, 18), dtype=float32)"
918,[4 2 4 3 6 3 3 0 0 0 0 0 0 0 0 0 0 0 0 0 0 0 0 0 0],"tf.Tensor([ 3.1996534  2.86827    2.3533945  3.3486674  2.9001555 10.       ], shape=(6,), dtype=float32)",0.0,[4 3 4 3 6 3 3 0 0 0 0 0 0 0 0 0 0 0 0 0 0 0 0 0 0],False,"tf.Tensor(
[[3.1996534 2.86827   2.3533945 3.3486674 2.9001555 2.2584858 2.7824721
  3.4212492 3.5426188 2.2772653 3.4528768 2.7676563 3.7622237 1.9146017
  3.9530377 3.9625015 3.9314644 3.8051975]], shape=(1, 18), dtype=float32)"
919,[4 3 4 3 6 3 3 0 0 0 0 0 0 0 0 0 0 0 0 0 0 0 0 0 0],"tf.Tensor([ 3.2303157  2.8903022  2.4658558  3.398497   2.9689996 10.       ], shape=(6,), dtype=float32)",0.0,[5 1 0 0 0 0 0 4 3 6 3 3 0 0 0 0 0 0 0 0 0 0 0 0 0],False,"tf.Tensor(
[[3.2303157 2.8903022 2.4658558 3.398497  2.9689996 2.29108   2.9370604
  3.4811091 3.6517687 2.349219  3.561653  2.7960548 3.8889744 1.9407281
  4.068586  4.0851607 3.9731874 3.8928409]], shape=(1, 18), dtype=float32)"
920,[5 1 0 0 0 0 0 4 3 6 3 3 0 0 0 0 0 0 0 0 0 0 0 0 0],"tf.Tensor([ 2.976227   2.5207922  1.5187213  2.20007    3.2825716 11.       ], shape=(6,), dtype=float32)",0.5,[5 2 1 5 1 4 1 0 0 0 0 0 0 0 0 0 0 0 0 0 0 0 0 0 0],False,"tf.Tensor(
[[2.976227  2.5207922 1.5187213 2.20007   3.2825716 3.40423   3.804045
  2.3902757 3.6682065 1.3436408 2.6481988 2.3586886 4.032159  3.856143
  2.937286  3.3030024 4.278052  2.702456 ]], shape=(1, 18), dtype=float32)"
921,[5 2 1 5 1 4 1 0 0 0 0 0 0 0 0 0 0 0 0 0 0 0 0 0 0],"tf.Tensor([2.3111968 1.7140255 1.5744295 1.9863554 2.094274  3.       ], shape=(6,), dtype=float32)",0.0,[5 3 1 5 1 4 1 0 0 0 0 0 0 0 0 0 0 0 0 0 0 0 0 0 0],False,"tf.Tensor(
[[2.3111968 1.7140255 1.5744295 1.9863554 2.094274  1.8403714 2.418021
  2.4070678 2.7152913 1.5909344 2.2708666 1.7654784 2.642938  1.545362
  2.5233233 2.70733   2.4639328 2.7138262]], shape=(1, 18), dtype=float32)"
922,[5 3 1 5 1 4 1 0 0 0 0 0 0 0 0 0 0 0 0 0 0 0 0 0 0],"tf.Tensor([2.326461  1.7354088 1.7082887 1.9803299 2.2105968 3.       ], shape=(6,), dtype=float32)",8.0,[6 1 0 0 0 0 0 1 5 1 4 1 0 0 0 4 0 0 0 0 0 0 0 0 0],False,"tf.Tensor(
[[2.326461  1.7354088 1.7082887 1.9803299 2.2105968 1.9292431 2.580861
  2.4120994 2.9295733 1.7027414 2.30328   1.8106775 2.7727354 1.5456859
  2.6531777 2.808189  2.529672  2.8040156]], shape=(1, 18), dtype=float32)"
923,[6 1 0 0 0 0 0 1 5 1 4 1 0 0 0 4 0 0 0 0 0 0 0 0 0],"tf.Tensor([ 2.629845   1.8857858  1.1913922  2.7086334  2.3099265 12.       ], shape=(6,), dtype=float32)",0.5,[6 2 2 5 2 2 5 0 0 0 0 0 0 0 0 4 0 0 0 0 0 0 0 0 0],False,"tf.Tensor(
[[2.629845  1.8857858 1.1913922 2.7086334 2.3099265 2.1764984 2.3037713
  2.4273376 2.393633  1.4001412 2.421159  1.6304438 2.9828157 1.8698574
  2.784728  3.1824393 2.810579  3.206749 ]], shape=(1, 18), dtype=float32)"
924,[6 2 2 5 2 2 5 0 0 0 0 0 0 0 0 4 0 0 0 0 0 0 0 0 0],"tf.Tensor([ 3.0305326  2.06387    1.6182888  2.8991804  1.9600303 12.       ], shape=(6,), dtype=float32)",0.0,[6 3 2 5 2 2 5 0 0 0 0 0 0 0 0 4 0 0 0 0 0 0 0 0 0],False,"tf.Tensor(
[[3.0305326 2.06387   1.6182888 2.8991804 1.9600303 2.4154782 1.7362739
  2.5941155 2.8657084 1.9462136 2.5006917 1.4438065 3.037941  1.4485785
  3.2752101 3.2676034 2.6618316 3.7165158]], shape=(1, 18), dtype=float32)"
925,[6 3 2 5 2 2 5 0 0 0 0 0 0 0 0 4 0 0 0 0 0 0 0 0 0],"tf.Tensor([ 3.1063602  2.1342914  1.727256   2.969301   2.0451674 12.       ], shape=(6,), dtype=float32)",32.0,[7 1 0 0 0 0 0 2 5 2 2 5 0 0 0 4 0 0 0 0 0 0 0 0 16],False,"tf.Tensor(
[[3.1063602 2.1342914 1.727256  2.969301  2.0451674 2.4617913 1.8212018
  2.6766288 3.0024745 2.0205746 2.6145782 1.4639261 3.1361895 1.4910055
  3.369567  3.3939483 2.7016268 3.8028593]], shape=(1, 18), dtype=float32)"
926,[7 1 0 0 0 0 0 2 5 2 2 5 0 0 0 4 0 0 0 0 0 0 0 0 16],"tf.Tensor([2.680697  2.099261  2.6933384 2.9728267 2.2374778 9.       ], shape=(6,), dtype=float32)",0.5,[7 2 2 1 5 3 6 0 0 0 0 0 0 0 0 4 0 0 0 0 0 0 0 0 16],False,"tf.Tensor(
[[2.680697  2.099261  2.6933384 2.9728267 2.2374778 1.8012313 3.4014916
  3.5151815 3.1063404 2.8480694 3.3637307 2.8565178 3.9117742 1.9900408
  4.0562344 3.3352664 3.7767146 3.4559357]], shape=(1, 18), dtype=float32)"
927,[7 2 2 1 5 3 6 0 0 0 0 0 0 0 0 4 0 0 0 0 0 0 0 0 16],"tf.Tensor([2.9326525 1.8068252 2.1397243 3.6043608 1.3992552 9.       ], shape=(6,), dtype=float32)",0.0,[7 3 2 1 5 3 6 0 0 0 0 0 0 0 0 4 0 0 0 0 0 0 0 0 16],False,"tf.Tensor(
[[2.9326525 1.8068252 2.1397243 3.6043608 1.3992552 2.0690567 3.5970705
  4.0524464 2.914009  2.928015  4.14352   3.1528716 3.2969525 1.9333482
  4.6804757 3.9582903 3.2850008 4.303919 ]], shape=(1, 18), dtype=float32)"
928,[7 3 2 1 5 3 6 0 0 0 0 0 0 0 0 4 0 0 0 0 0 0 0 0 16],"tf.Tensor([2.952981  1.851026  2.291916  3.631899  1.5193001 9.       ], shape=(6,), dtype=float32)",0.0,[8 1 0 0 0 0 0 2 1 5 3 6 0 0 0 4 0 0 0 0 0 0 0 0 16],False,"tf.Tensor(
[[2.952981  1.851026  2.291916  3.631899  1.5193001 2.0826142 3.7333972
  4.076682  3.0523996 3.028472  4.216094  3.1591666 3.5031757 1.9468213
  4.8271747 4.043769  3.3632631 4.378284 ]], shape=(1, 18), dtype=float32)"
929,[8 1 0 0 0 0 0 2 1 5 3 6 0 0 0 4 0 0 0 0 0 0 0 0 16],"tf.Tensor([2.7343366 2.5377967 3.3287947 3.3571055 2.3974762 9.       ], shape=(6,), dtype=float32)",0.5,[8 2 3 1 4 1 1 0 0 0 0 0 0 0 0 4 0 0 0 0 0 0 0 0 16],False,"tf.Tensor(
[[2.7343366 2.5377967 3.3287947 3.3571055 2.3974762 2.20604   3.9895432
  3.6224303 3.6615934 2.9387052 3.673943  3.3300133 4.635425  2.2147593
  4.766287  3.6525412 4.7219443 3.5983393]], shape=(1, 18), dtype=float32)"
930,[8 2 3 1 4 1 1 0 0 0 0 0 0 0 0 4 0 0 0 0 0 0 0 0 16],[0 0 0 0 1 7],0.0,[8 3 3 1 4 1 1 0 0 0 0 0 0 0 0 4 0 0 0 0 0 0 0 0 16],False,"tf.Tensor(
[[2.5349603  1.271924   2.4177914  3.0642157  0.81861633 1.5714351
  3.0953531  3.8992553  2.8013034  3.2141867  3.5581896  3.1628375
  2.6530745  0.82444465 4.5015388  3.644175   2.6574242  4.042766  ]], shape=(1, 18), dtype=float32)"
931,[8 3 3 1 4 1 1 0 0 0 0 0 0 0 0 4 0 0 0 0 0 0 0 0 16],"tf.Tensor([2.5645714 1.2621684 2.5748513 3.0833936 0.888588  9.       ], shape=(6,), dtype=float32)",0.0,[9 1 0 0 0 0 0 3 1 4 1 1 0 0 0 4 0 0 0 0 0 0 0 0 16],False,"tf.Tensor(
[[2.5645714  1.2621684  2.5748513  3.0833936  0.888588   1.6129752
  3.2398245  3.921364   2.9457111  3.272344   3.6261702  3.1509604
  2.8262582  0.81008387 4.624353   3.6997838  2.7185462  4.105594  ]], shape=(1, 18), dtype=float32)"
932,[9 1 0 0 0 0 0 3 1 4 1 1 0 0 0 4 0 0 0 0 0 0 0 0 16],"tf.Tensor([2.505489  1.4295535 2.7690256 3.221924  0.9255213 9.       ], shape=(6,), dtype=float32)",0.5,[9 2 1 5 5 5 5 0 0 0 0 0 0 0 0 4 0 0 0 0 0 0 0 0 16],False,"tf.Tensor(
[[2.505489  1.4295535 2.7690256 3.221924  0.9255213 1.3970941 2.9342878
  3.8796458 2.474201  2.9000857 3.3143432 3.1839352 3.1411586 0.7025665
  4.4426165 3.0586786 3.5218425 3.6423583]], shape=(1, 18), dtype=float32)"
933,[9 2 1 5 5 5 5 0 0 0 0 0 0 0 0 4 0 0 0 0 0 0 0 0 16],"tf.Tensor([3.5812285 2.1783776 2.7517424 3.8843913 1.8539475 9.       ], shape=(6,), dtype=float32)",0.0,[9 3 1 5 5 5 5 0 0 0 0 0 0 0 0 4 0 0 0 0 0 0 0 0 16],False,"tf.Tensor(
[[3.5812285 2.1783776 2.7517424 3.8843913 1.8539475 2.7015545 4.6595454
  4.716124  4.1969757 3.5439975 4.774651  3.4862654 3.9750762 2.2612052
  5.5976305 4.763866  3.753298  5.084293 ]], shape=(1, 18), dtype=float32)"
934,[9 3 1 5 5 5 5 0 0 0 0 0 0 0 0 4 0 0 0 0 0 0 0 0 16],"tf.Tensor([3.6538386 2.1769192 2.874637  3.8931453 1.9286581 9.       ], shape=(6,), dtype=float32)",0.0,[10 1 0 0 0 0 0 1 5 5 5 5 0 0 0 4 0 0 0 0 0 0 0 0 16],False,"tf.Tensor(
[[3.6538386 2.1769192 2.874637  3.8931453 1.9286581 2.7689304 4.787837
  4.776226  4.3466945 3.5968237 4.855776  3.5200868 4.109714  2.2796218
  5.7012177 4.806972  3.8401558 5.145742 ]], shape=(1, 18), dtype=float32)"
935,[10 1 0 0 0 0 0 1 5 5 5 5 0 0 0 4 0 0 0 0 0 0 0 0 16],"tf.Tensor([3.1201096 2.7475257 3.118465  3.7845674 2.7365503 9.       ], shape=(6,), dtype=float32)",0.5,[10 2 3 2 1 5 4 0 0 0 0 0 0 0 0 4 0 0 0 0 0 0 0 0 16],False,"tf.Tensor(
[[3.1201096 2.7475257 3.118465  3.7845674 2.7365503 2.4943836 4.524436
  4.0499306 3.73556   3.0390656 4.194267  3.637775  5.031367  2.8076787
  5.040603  4.5269747 4.810949  4.231334 ]], shape=(1, 18), dtype=float32)"
936,[10 2 3 2 1 5 4 0 0 0 0 0 0 0 0 4 0 0 0 0 0 0 0 0 16],"tf.Tensor([2.84677   1.526794  2.6403635 3.2364872 1.4560412 9.       ], shape=(6,), dtype=float32)",0.0,[10 3 3 2 1 5 4 0 0 0 0 0 0 0 0 4 0 0 0 0 0 0 0 0 16],False,"tf.Tensor(
[[2.84677   1.526794  2.6403635 3.2364872 1.4560412 2.0696225 4.206915
  4.0603504 3.435672  3.0791156 3.896291  3.2351696 3.5486689 1.3989308
  4.966966  3.973869  3.4184124 4.3077273]], shape=(1, 18), dtype=float32)"
937,[10 3 3 2 1 5 4 0 0 0 0 0 0 0 0 4 0 0 0 0 0 0 0 0 16],"tf.Tensor([2.888817  1.6042986 2.808036  3.2776406 1.5720339 9.       ], shape=(6,), dtype=float32)",60.0,[11 1 0 0 0 0 0 3 2 1 5 4 0 0 0 4 0 0 0 0 0 30 0 0 16],False,"tf.Tensor(
[[2.888817  1.6042986 2.808036  3.2776406 1.5720339 2.1068919 4.3473487
  4.099319  3.605619  3.166786  3.9744027 3.2417476 3.7464702 1.4033611
  5.1198306 4.0746613 3.5178673 4.39031  ]], shape=(1, 18), dtype=float32)"
938,[11 1 0 0 0 0 0 3 2 1 5 4 0 0 0 4 0 0 0 0 0 30 0 0 16],"tf.Tensor([1.9747778  1.6991792  1.738653   2.0436342  0.04478183 1.        ], shape=(6,), dtype=float32)",0.4,[11 2 3 2 3 3 0 0 0 0 0 6 0 0 0 4 0 0 0 0 0 30 0 0 16],False,"tf.Tensor(
[[ 1.9747778   1.6991792   1.738653    2.0436342   0.04478183  2.0692933
   3.609172    2.0696402   1.6161499   1.8060046   1.1440431  -1.3739668
   0.16859703  1.4644239   0.97410107  1.3406273   1.3299807   2.2854981 ]], shape=(1, 18), dtype=float32)"
939,[11 2 3 2 3 3 0 0 0 0 0 6 0 0 0 4 0 0 0 0 0 30 0 0 16],[1 0 1 0 0 7],0.0,[11 3 3 2 3 3 0 0 0 0 0 1 0 0 0 4 0 0 0 0 0 30 0 0 16],False,"tf.Tensor(
[[ 1.9789348   1.5586984   1.7999043   2.2104092   0.87094074  1.4215883
   2.8105447   2.587301    1.8817856   1.755616    1.8034514  -0.47460985
   1.6372961   2.223618    2.1604433   1.1965591   1.8518866   1.6592185 ]], shape=(1, 18), dtype=float32)"
940,[11 3 3 2 3 3 0 0 0 0 0 1 0 0 0 4 0 0 0 0 0 30 0 0 16],"tf.Tensor([ 1.4027483   1.3377836   1.4136144   1.7119921  -0.14395125  1.        ], shape=(6,), dtype=float32)",4.0,[12 1 0 0 0 0 0 3 2 3 3 4 0 2 0 4 0 0 0 0 0 30 0 0 16],False,"tf.Tensor(
[[ 1.4027483   1.3377836   1.4136144   1.7119921  -0.14395125  1.9934263
   3.81182     2.657793    1.4254123   2.2602298   1.214564   -0.68870187
   0.33645016  1.8571504   1.412811    1.0796729   1.8174018   1.759613  ]], shape=(1, 18), dtype=float32)"
941,[12 1 0 0 0 0 0 3 2 3 3 4 0 2 0 4 0 0 0 0 0 30 0 0 16],"tf.Tensor([1.9267999  1.5806441  1.7881175  2.121226   0.19116886 1.        ], shape=(6,), dtype=float32)",0.4,[12 2 6 6 4 2 0 0 0 0 0 3 0 2 0 4 0 0 0 0 0 30 0 0 16],False,"tf.Tensor(
[[ 1.9267999   1.5806441   1.7881175   2.121226    0.19116886  2.1134655
   3.453804    2.0737953   1.9409267   1.8655751   1.599635   -0.99178684
   0.6045586   1.5673285   1.3327018   1.5326545   1.3582659   2.2757037 ]], shape=(1, 18), dtype=float32)"
942,[12 2 6 6 4 2 0 0 0 0 0 3 0 2 0 4 0 0 0 0 0 30 0 0 16],"tf.Tensor([2.0815485 1.264178  1.857962  2.241333  1.3736042 2.       ], shape=(6,), dtype=float32)",0.1,[12 3 6 6 4 2 3 0 0 0 0 0 0 2 0 4 0 0 0 0 0 30 0 0 16],False,"tf.Tensor(
[[2.0815485  1.264178   1.857962   2.241333   1.3736042  1.9994613
  2.8606007  2.9139767  2.8973205  2.1125193  2.552553   0.68317723
  2.2976027  2.5012739  2.748373   1.7155137  2.2537055  1.8868017 ]], shape=(1, 18), dtype=float32)"
943,[12 3 6 6 4 2 3 0 0 0 0 0 0 2 0 4 0 0 0 0 0 30 0 0 16],"tf.Tensor([1.9789131 1.1317482 1.5731438 2.0220098 1.2778931 1.       ], shape=(6,), dtype=float32)",0.0,[13 1 0 0 0 0 0 6 6 4 2 4 0 2 0 4 0 0 0 0 0 30 0 0 16],False,"tf.Tensor(
[[1.9789131 1.1317482 1.5731438 2.0220098 1.2778931 2.2996304 2.9642093
  2.7908783 2.7913094 2.0365322 2.448051  0.8219953 1.9295962 2.4710827
  2.1856592 1.7516109 2.0924084 1.9462248]], shape=(1, 18), dtype=float32)"
944,[13 1 0 0 0 0 0 6 6 4 2 4 0 2 0 4 0 0 0 0 0 30 0 0 16],"tf.Tensor([1.7885065  1.6238236  1.7619039  2.7639542  0.57625085 1.        ], shape=(6,), dtype=float32)",0.4,[13 2 3 2 2 2 0 0 0 0 0 6 0 2 0 4 0 0 0 0 0 30 0 0 16],False,"tf.Tensor(
[[ 1.7885065   1.6238236   1.7619039   2.7639542   0.57625085  2.8086472
   4.5030274   2.1242974   1.8930087   1.9010617   2.2086103  -0.97101486
   1.5457357   1.6782274   1.8516763   2.6135385   2.1384978   2.5753787 ]], shape=(1, 18), dtype=float32)"
945,[13 2 3 2 2 2 0 0 0 0 0 6 0 2 0 4 0 0 0 0 0 30 0 0 16],"tf.Tensor([2.1226711 1.4652967 1.9509798 2.2290967 0.9285435 1.       ], shape=(6,), dtype=float32)",0.1,[13 3 3 2 2 2 6 0 0 0 0 0 0 2 0 4 0 0 0 0 0 30 0 0 16],False,"tf.Tensor(
[[ 2.1226711   1.4652967   1.9509798   2.2290967   0.9285435   1.552492
   2.9331584   2.6471806   2.2333164   2.0208616   2.1192281  -0.09800044
   1.7337303   2.341151    2.3204806   1.302488    1.8384328   1.8578417 ]], shape=(1, 18), dtype=float32)"
946,[13 3 3 2 2 2 6 0 0 0 0 0 0 2 0 4 0 0 0 0 0 30 0 0 16],"tf.Tensor([1.958493   1.495933   1.5761926  1.6922781  0.37986034 1.        ], shape=(6,), dtype=float32)",8.0,[14 1 0 0 0 0 0 3 2 2 2 1 0 6 0 4 0 0 0 0 0 30 0 0 16],True,"tf.Tensor(
[[1.958493   1.495933   1.5761926  1.6922781  0.37986034 1.9919491
  3.2904322  2.7153234  2.0624218  2.060161   1.734506   0.10061748
  0.57614934 2.253394   1.0351197  1.1992711  1.3904288  2.0127735 ]], shape=(1, 18), dtype=float32)"
947,[1 1 0 0 0 0 0 2 5 6 2 1 0 0 0 0 0 0 0 0 0 0 0 0 0],"tf.Tensor([2.691852  2.3132012 1.8124233 2.3075206 2.5903697 7.       ], shape=(6,), dtype=float32)",0.5,[1 2 2 5 6 2 1 0 0 0 0 0 0 0 0 0 0 0 0 0 0 0 0 0 0],False,"tf.Tensor(
[[2.691852  2.3132012 1.8124233 2.3075206 2.5903697 2.1410334 2.41598
  2.0715954 2.6913738 1.5797503 2.7737875 1.9539175 3.3990502 2.8254108
  2.5732648 3.3008204 3.1084013 2.6564603]], shape=(1, 18), dtype=float32)"
948,[1 2 2 5 6 2 1 0 0 0 0 0 0 0 0 0 0 0 0 0 0 0 0 0 0],"tf.Tensor([2.8012557 2.5471475 2.1975021 2.878493  2.420506  9.       ], shape=(6,), dtype=float32)",0.0,[1 3 2 5 6 2 1 0 0 0 0 0 0 0 0 0 0 0 0 0 0 0 0 0 0],False,"tf.Tensor(
[[2.8012557 2.5471475 2.1975021 2.878493  2.420506  2.0007927 2.4711223
  2.9844706 3.3911383 2.05569   2.8378403 2.1668363 3.071663  1.4682981
  3.5209286 3.4709866 3.3353157 3.2202926]], shape=(1, 18), dtype=float32)"
949,[1 3 2 5 6 2 1 0 0 0 0 0 0 0 0 0 0 0 0 0 0 0 0 0 0],"tf.Tensor([2.8615537 2.5595217 2.3122914 2.8880868 2.4831052 9.       ], shape=(6,), dtype=float32)",0.0,[2 1 0 0 0 0 0 2 5 6 2 1 0 0 0 0 0 0 0 0 0 0 0 0 0],False,"tf.Tensor(
[[2.8615537 2.5595217 2.3122914 2.8880868 2.4831052 2.0468788 2.6325939
  3.0600212 3.5356135 2.1307423 2.9327545 2.1870413 3.1974688 1.5045353
  3.6351058 3.5422633 3.3890283 3.2878957]], shape=(1, 18), dtype=float32)"
950,[2 1 0 0 0 0 0 2 5 6 2 1 0 0 0 0 0 0 0 0 0 0 0 0 0],[1 0 1 1 0 0],0.30000000000000004,[2 2 6 2 2 0 0 0 2 0 0 5 0 0 0 0 0 0 0 0 0 0 0 0 0],False,"tf.Tensor(
[[2.7702239 2.2176266 1.6931227 2.3152819 2.667533  2.358654  2.64765
  2.0963352 2.80346   1.4785858 2.7167425 1.9941064 3.4814084 2.8959534
  2.5415294 3.2999597 3.254218  2.724053 ]], shape=(1, 18), dtype=float32)"
951,[2 2 6 2 2 0 0 0 2 0 0 5 0 0 0 0 0 0 0 0 0 0 0 0 0],"tf.Tensor([ 2.208968   2.4479792  1.7031022  2.0227196  2.90263   10.       ], shape=(6,), dtype=float32)",0.2,[2 3 6 2 2 2 5 0 0 0 0 0 0 0 0 0 0 0 0 0 0 0 0 0 0],False,"tf.Tensor(
[[2.208968  2.4479792 1.7031022 2.0227196 2.90263   1.848804  2.8746066
  2.1123326 2.7635517 1.665941  2.792129  2.673942  3.436637  2.8113713
  2.6992018 3.5109339 2.9622788 2.774933 ]], shape=(1, 18), dtype=float32)"
952,[2 3 6 2 2 2 5 0 0 0 0 0 0 0 0 0 0 0 0 0 0 0 0 0 0],"tf.Tensor([2.4844952 2.7273624 1.7322481 2.3882291 3.507025  7.       ], shape=(6,), dtype=float32)",0.0,[3 1 0 0 0 0 0 6 4 2 2 3 0 0 0 0 0 0 0 0 0 0 0 0 0],False,"tf.Tensor(
[[2.4844952 2.7273624 1.7322481 2.3882291 3.507025  2.3646312 2.4840345
  2.0869086 3.4920623 2.0201652 2.756217  1.8951365 3.5637348 2.6188936
  3.1471903 3.1366758 3.4117582 2.9283648]], shape=(1, 18), dtype=float32)"
953,[3 1 0 0 0 0 0 6 4 2 2 3 0 0 0 0 0 0 0 0 0 0 0 0 0],"tf.Tensor([ 2.437453   2.7264526  1.4089204  1.9472061  3.3567338 11.       ], shape=(6,), dtype=float32)",0.5,[3 2 1 4 1 1 4 0 0 0 0 0 0 0 0 0 0 0 0 0 0 0 0 0 0],False,"tf.Tensor(
[[2.437453  2.7264526 1.4089204 1.9472061 3.3567338 2.8069718 3.0395396
  2.248004  3.4567153 1.5310363 2.5880783 2.0731704 3.4481378 3.2226584
  3.0382195 2.7875545 3.7349281 2.4674397]], shape=(1, 18), dtype=float32)"
954,[3 2 1 4 1 1 4 0 0 0 0 0 0 0 0 0 0 0 0 0 0 0 0 0 0],"tf.Tensor([2.0629697 1.8279251 1.4530867 1.8309945 1.9399021 7.       ], shape=(6,), dtype=float32)",0.0,[3 3 1 4 1 1 4 0 0 0 0 0 0 0 0 0 0 0 0 0 0 0 0 0 0],False,"tf.Tensor(
[[2.0629697 1.8279251 1.4530867 1.8309945 1.9399021 1.6258323 1.5973649
  1.8457389 2.4260375 1.497057  1.9418826 1.0572114 2.457995  1.5045096
  2.2728934 2.1637614 2.1516063 2.2562768]], shape=(1, 18), dtype=float32)"
955,[3 3 1 4 1 1 4 0 0 0 0 0 0 0 0 0 0 0 0 0 0 0 0 0 0],"tf.Tensor([2.1157513 1.8739355 1.5943675 1.8807476 2.0079594 3.       ], shape=(6,), dtype=float32)",16.0,[4 1 0 0 0 0 0 1 4 1 1 4 0 0 0 8 0 0 0 0 0 0 0 0 0],False,"tf.Tensor(
[[2.1157513 1.8739355 1.5943675 1.8807476 2.0079594 1.6774888 1.7060688
  1.9128734 2.5883844 1.6070403 2.0339866 1.0647184 2.563683  1.5201063
  2.4115326 2.2519975 2.2118099 2.3320215]], shape=(1, 18), dtype=float32)"
956,[4 1 0 0 0 0 0 1 4 1 1 4 0 0 0 8 0 0 0 0 0 0 0 0 0],"tf.Tensor([ 2.4278371  2.5350132  1.327537   2.9546971  2.01215   11.       ], shape=(6,), dtype=float32)",0.5,[4 2 3 4 4 1 2 0 0 0 0 0 0 0 0 8 0 0 0 0 0 0 0 0 0],False,"tf.Tensor(
[[2.4278371 2.5350132 1.327537  2.9546971 2.01215   1.7200941 1.18938
  2.786085  2.0480447 1.7010854 2.474753  1.4182994 2.712284  1.2158998
  3.117243  2.990555  3.1942952 2.8223338]], shape=(1, 18), dtype=float32)"
957,[4 2 3 4 4 1 2 0 0 0 0 0 0 0 0 8 0 0 0 0 0 0 0 0 0],"tf.Tensor([ 2.9056096  1.9735337  1.595695   3.4064016  1.6219393 12.       ], shape=(6,), dtype=float32)",0.0,[4 3 3 4 4 1 2 0 0 0 0 0 0 0 0 8 0 0 0 0 0 0 0 0 0],False,"tf.Tensor(
[[2.9056096  1.9735337  1.595695   3.4064016  1.6219393  2.127024
  1.3840729  2.7602425  2.4697297  1.9335275  2.6416624  1.7773917
  2.650681   0.79047644 3.4283423  3.4204144  2.937019   3.748244  ]], shape=(1, 18), dtype=float32)"
958,[4 3 3 4 4 1 2 0 0 0 0 0 0 0 0 8 0 0 0 0 0 0 0 0 0],"tf.Tensor([ 2.9528093  1.9540663  1.7150652  3.493672   1.5658264 12.       ], shape=(6,), dtype=float32)",28.0,[5 1 0 0 0 0 0 3 4 4 1 2 0 0 0 8 0 0 0 0 0 0 0 0 14],False,"tf.Tensor(
[[2.9528093  1.9540663  1.7150652  3.493672   1.5658264  2.084584
  1.4417725  2.8836899  2.4264143  1.9774169  2.7489219  1.8210269
  2.7527199  0.73523253 3.5370922  3.5033834  2.9523313  3.8435028 ]], shape=(1, 18), dtype=float32)"
959,[5 1 0 0 0 0 0 3 4 4 1 2 0 0 0 8 0 0 0 0 0 0 0 0 14],"tf.Tensor([2.4958308 1.3338814 1.9967381 3.1808212 1.1175823 9.       ], shape=(6,), dtype=float32)",0.5,[5 2 1 6 3 2 4 0 0 0 0 0 0 0 0 8 0 0 0 0 0 0 0 0 14],False,"tf.Tensor(
[[2.4958308 1.3338814 1.9967381 3.1808212 1.1175823 1.4046701 2.4136906
  3.5226367 1.5756873 2.5299294 2.6705747 2.5373278 3.1309533 0.9817475
  3.8359888 2.8369858 3.3351402 3.5745213]], shape=(1, 18), dtype=float32)"
960,[5 2 1 6 3 2 4 0 0 0 0 0 0 0 0 8 0 0 0 0 0 0 0 0 14],"tf.Tensor([3.3060954 1.6508089 2.4913654 3.3572235 0.9955395 9.       ], shape=(6,), dtype=float32)",0.0,[5 3 1 6 3 2 4 0 0 0 0 0 0 0 0 8 0 0 0 0 0 0 0 0 14],False,"tf.Tensor(
[[3.3060954 1.6508089 2.4913654 3.3572235 0.9955395 1.9550174 2.757861
  4.312075  2.972699  3.2191646 3.5491433 2.832929  2.927637  1.0372297
  4.6043267 3.5369577 3.1885183 4.2336936]], shape=(1, 18), dtype=float32)"
961,[5 3 1 6 3 2 4 0 0 0 0 0 0 0 0 8 0 0 0 0 0 0 0 0 14],"tf.Tensor([3.3557699 1.6329457 2.6239803 3.3612435 1.0587614 9.       ], shape=(6,), dtype=float32)",60.0,[6 1 0 0 0 0 0 1 6 3 2 4 0 0 0 8 0 0 0 0 0 30 0 0 14],False,"tf.Tensor(
[[3.3557699 1.6329457 2.6239803 3.3612435 1.0587614 2.02268   2.9099998
  4.3421464 3.1171057 3.2575736 3.6102214 2.833436  3.0820496 1.0458219
  4.7221837 3.5872018 3.2514286 4.297007 ]], shape=(1, 18), dtype=float32)"
962,[6 1 0 0 0 0 0 1 6 3 2 4 0 0 0 8 0 0 0 0 0 30 0 0 14],"tf.Tensor([1.8412349  1.4925215  1.5457087  2.0073366  0.18732312 1.        ], shape=(6,), dtype=float32)",0.4,[6 2 2 1 6 2 0 0 0 0 0 1 0 0 0 8 0 0 0 0 0 30 0 0 14],False,"tf.Tensor(
[[ 1.8412349   1.4925215   1.5457087   2.0073366   0.18732312  2.333515
   3.173133    1.7295725   1.4906875   1.3757749   0.88263404 -1.5358566
   0.25062436  1.0378515   1.048454    1.5683148   1.2944542   2.0072293 ]], shape=(1, 18), dtype=float32)"
963,[6 2 2 1 6 2 0 0 0 0 0 1 0 0 0 8 0 0 0 0 0 30 0 0 14],"tf.Tensor([1.6291561  1.5433284  1.2424437  1.3934697  0.01795521 2.        ], shape=(6,), dtype=float32)",0.0,[6 3 2 1 6 2 0 0 0 0 0 4 0 0 0 8 0 0 0 0 0 30 0 0 14],False,"tf.Tensor(
[[ 1.6291561   1.5433284   1.2424437   1.3934697   0.01795521  1.3702788
   2.051537    2.3696141   0.847487    1.2385921   0.66382354 -1.0082875
  -0.24251041  1.8680686   0.33138928  0.3920607   1.0095564   1.589309  ]], shape=(1, 18), dtype=float32)"
964,[6 3 2 1 6 2 0 0 0 0 0 4 0 0 0 8 0 0 0 0 0 30 0 0 14],"tf.Tensor([1.9209554 1.6528108 1.3955868 1.6851199 0.5809845 2.       ], shape=(6,), dtype=float32)",0.0,[7 1 0 0 0 0 0 2 1 6 2 3 0 0 0 8 0 0 0 0 0 30 0 0 14],False,"tf.Tensor(
[[ 1.9209554   1.6528108   1.3955868   1.6851199   0.5809845   1.0921944
   1.5557731   2.2554843   1.0988687   0.99418426  0.9380743  -0.91398287
   0.5014272   2.0727394   0.7882702   0.47796315  1.0092359   1.5754626 ]], shape=(1, 18), dtype=float32)"
965,[7 1 0 0 0 0 0 2 1 6 2 3 0 0 0 8 0 0 0 0 0 30 0 0 14],"tf.Tensor([1.9909139  1.7306763  1.4417275  1.2543874  0.08785807 1.        ], shape=(6,), dtype=float32)",0.4,[7 2 6 4 2 2 0 0 0 0 0 2 0 0 0 8 0 0 0 0 0 30 0 0 14],False,"tf.Tensor(
[[ 1.9909139   1.7306763   1.4417275   1.2543874   0.08785807  2.7024693
   2.7846131   1.4557954   2.275003    1.2059035   0.27659613 -1.4161308
  -0.6994407   0.9362751   0.45131838  0.7157825   1.3463093   2.1160934 ]], shape=(1, 18), dtype=float32)"
966,[7 2 6 4 2 2 0 0 0 0 0 2 0 0 0 8 0 0 0 0 0 30 0 0 14],"tf.Tensor([1.5196315  1.463898   1.2126399  1.6063204  0.27898547 1.        ], shape=(6,), dtype=float32)",0.0,[7 3 6 4 2 2 0 0 0 0 0 4 0 0 0 8 0 0 0 0 0 30 0 0 14],False,"tf.Tensor(
[[ 1.5196315   1.463898    1.2126399   1.6063204   0.27898547  1.3851352
   2.6082218   2.2947633   1.0718105   1.5062845   0.70406586 -0.89779925
   0.47730663  1.8720442   1.0888088   0.7414104   1.4446523   1.5526487 ]], shape=(1, 18), dtype=float32)"
967,[7 3 6 4 2 2 0 0 0 0 0 4 0 0 0 8 0 0 0 0 0 30 0 0 14],"tf.Tensor([1.7386998 1.4580643 1.4117148 1.8411185 0.6522907 1.       ], shape=(6,), dtype=float32)",8.0,[8 1 0 0 0 0 0 6 4 2 2 5 0 4 0 8 0 0 0 0 0 30 0 0 14],False,"tf.Tensor(
[[ 1.7386998  1.4580643  1.4117148  1.8411185  0.6522907  1.2738826
   2.3684268  2.200988   1.4083233  1.4407426  1.0671191 -0.7242851
   1.058863   1.9756235  1.5600212  0.8951368  1.4797745  1.5894184]], shape=(1, 18), dtype=float32)"
968,[8 1 0 0 0 0 0 6 4 2 2 5 0 4 0 8 0 0 0 0 0 30 0 0 14],"tf.Tensor([1.7275499  2.1189175  1.4565017  2.3923347  0.38127598 1.        ], shape=(6,), dtype=float32)",0.4,[8 2 5 3 1 2 0 0 0 0 0 6 0 4 0 8 0 0 0 0 0 30 0 0 14],False,"tf.Tensor(
[[ 1.7275499   2.1189175   1.4565017   2.3923347   0.38127598  1.6663337
   2.7288852   1.614403    0.9789454   1.6213188   1.5221847  -1.6746556
   0.68987155  1.2075077   1.0217592   1.5227112   1.239247    2.2307122 ]], shape=(1, 18), dtype=float32)"
969,[8 2 5 3 1 2 0 0 0 0 0 6 0 4 0 8 0 0 0 0 0 30 0 0 14],"tf.Tensor([1.9087913 1.5298874 1.5064138 2.1868896 1.0687598 2.       ], shape=(6,), dtype=float32)",0.1,[8 3 5 3 1 2 6 0 0 0 0 0 0 4 0 8 0 0 0 0 0 30 0 0 14],False,"tf.Tensor(
[[ 1.9087913   1.5298874   1.5064138   2.1868896   1.0687598   0.78592217
   1.8142428   2.282131    1.201066    1.1567292   1.4824152  -0.5650273
   1.7007899   2.2531648   1.710475    0.9381114   1.3831844   1.5437562 ]], shape=(1, 18), dtype=float32)"
970,[8 3 5 3 1 2 6 0 0 0 0 0 0 4 0 8 0 0 0 0 0 30 0 0 14],"tf.Tensor([2.0950046 2.0403364 1.3528321 1.5036213 0.8412888 2.       ], shape=(6,), dtype=float32)",6.0,[9 1 0 0 0 0 0 5 3 1 2 3 0 4 3 8 0 0 0 0 0 30 0 0 14],False,"tf.Tensor(
[[ 2.0950046   2.0403364   1.3528321   1.5036213   0.8412888   1.2897426
   1.9330157   2.6204407   1.3232033   1.1092895   0.80056834 -0.69262135
   0.47655335  2.1686506   0.2466061   0.78579795  1.1508781   1.6494455 ]], shape=(1, 18), dtype=float32)"
971,[9 1 0 0 0 0 0 5 3 1 2 3 0 4 3 8 0 0 0 0 0 30 0 0 14],"tf.Tensor([1.7735637  1.7712463  1.4965724  1.9021461  0.10728914 1.        ], shape=(6,), dtype=float32)",0.4,[9 2 1 5 4 4 0 0 0 0 0 3 0 4 3 8 0 0 0 0 0 30 0 0 14],False,"tf.Tensor(
[[ 1.7735637   1.7712463   1.4965724   1.9021461   0.10728914  1.3090916
   2.773002    2.0550845   0.9782257   1.7665888   1.1488165  -1.3265103
   0.13902429  1.5623896   0.6461578   0.9049893   1.0963182   2.018919  ]], shape=(1, 18), dtype=float32)"
972,[9 2 1 5 4 4 0 0 0 0 0 3 0 4 3 8 0 0 0 0 0 30 0 0 14],"tf.Tensor([1.9700007 1.7227507 1.3658664 1.7781079 1.5058444 2.       ], shape=(6,), dtype=float32)",0.1,[9 3 1 5 4 4 3 0 0 0 0 0 0 4 3 8 0 0 0 0 0 30 0 0 14],False,"tf.Tensor(
[[1.9700007  1.7227507  1.3658664  1.7781079  1.5058444  0.39755434
  1.1590002  3.3431263  1.077168   1.4012482  1.4678425  0.0141362
  1.6397322  2.9585826  1.4449201  0.39184332 1.5608319  1.0175203 ]], shape=(1, 18), dtype=float32)"
973,[9 3 1 5 4 4 3 0 0 0 0 0 0 4 3 8 0 0 0 0 0 30 0 0 14],[ 0  1  0  1  0 10],0.0,[10 1 0 0 0 0 0 1 5 4 4 5 0 4 3 8 0 0 0 0 0 30 0 0 14],False,"tf.Tensor(
[[2.1124814  1.7630094  1.3238677  1.5005385  1.4504817  0.6585779
  0.9530954  3.1500156  1.3504202  1.2912188  1.3086035  0.31554204
  1.2995511  2.945498   1.0142709  0.2150952  1.3065598  1.2687416 ]], shape=(1, 18), dtype=float32)"
974,[10 1 0 0 0 0 0 1 5 4 4 5 0 4 3 8 0 0 0 0 0 30 0 0 14],"tf.Tensor([2.4113147 1.7154331 1.8804381 2.1838787 1.0986465 1.       ], shape=(6,), dtype=float32)",0.5,[10 2 6 3 1 1 6 0 0 0 0 0 0 4 3 8 0 0 0 0 0 30 0 0 14],False,"tf.Tensor(
[[ 2.4113147   1.7154331   1.8804381   2.1838787   1.0986465   1.5355952
   2.196231    2.0746677   2.1574638   1.3404553   1.7723774  -0.35559714
   1.2284179   2.1608946   1.55706     1.4332297   1.1172719   2.099626  ]], shape=(1, 18), dtype=float32)"
975,[10 2 6 3 1 1 6 0 0 0 0 0 0 4 3 8 0 0 0 0 0 30 0 0 14],"tf.Tensor([2.0553756  1.6216878  1.3242154  1.4844583  0.94434893 2.        ], shape=(6,), dtype=float32)",0.0,[10 3 6 3 1 1 6 0 0 0 0 0 0 4 3 8 0 0 0 0 0 30 0 0 14],False,"tf.Tensor(
[[2.0553756  1.6216878  1.3242154  1.4844583  0.94434893 1.4399574
  1.8976997  2.6557705  1.7909656  1.3781099  1.4294666  0.24552369
  0.8121908  2.4474335  0.71086687 0.7744065  1.2226132  1.6617913 ]], shape=(1, 18), dtype=float32)"
976,[10 3 6 3 1 1 6 0 0 0 0 0 0 4 3 8 0 0 0 0 0 30 0 0 14],"tf.Tensor([2.0331192  1.638084   1.3283892  1.5210854  0.93971455 2.        ], shape=(6,), dtype=float32)",0.0,[11 1 0 0 0 0 0 6 3 1 1 6 0 4 3 8 0 0 0 0 0 30 0 0 14],False,"tf.Tensor(
[[2.0331192  1.638084   1.3283892  1.5210854  0.93971455 1.5146734
  1.9981642  2.6897843  1.7996622  1.4385368  1.4319248  0.1812945
  0.8382609  2.414178   0.75682324 0.8637618  1.2813802  1.6886122 ]], shape=(1, 18), dtype=float32)"
977,[11 1 0 0 0 0 0 6 3 1 1 6 0 4 3 8 0 0 0 0 0 30 0 0 14],"tf.Tensor([1.8403426 1.9339068 1.590562  2.2842607 0.5241518 1.       ], shape=(6,), dtype=float32)",0.4,[11 2 1 4 3 5 0 0 0 0 0 1 0 4 3 8 0 0 0 0 0 30 0 0 14],False,"tf.Tensor(
[[ 1.8403426   1.9339068   1.590562    2.2842607   0.5241518   1.2615
   2.8704584   2.1521206   0.96731985  1.7864721   1.5109545  -1.2374259
   1.0042366   1.6955745   1.199164    1.2565964   1.4885131   2.0123084 ]], shape=(1, 18), dtype=float32)"
978,[11 2 1 4 3 5 0 0 0 0 0 1 0 4 3 8 0 0 0 0 0 30 0 0 14],"tf.Tensor([1.7664585 1.4945284 1.1542096 1.4811254 1.0123553 2.       ], shape=(6,), dtype=float32)",0.1,[11 3 1 4 3 5 1 0 0 0 0 0 0 4 3 8 0 0 0 0 0 30 0 0 14],False,"tf.Tensor(
[[1.7664585  1.4945284  1.1542096  1.4811254  1.0123553  0.9127779
  1.5337461  3.1036024  1.1610228  1.6224736  1.2826114  0.2855448
  1.0514055  2.884218   1.2030207  0.11415567 1.5329481  1.3115946 ]], shape=(1, 18), dtype=float32)"
979,[11 3 1 4 3 5 1 0 0 0 0 0 0 4 3 8 0 0 0 0 0 30 0 0 14],"tf.Tensor([1.6986518 1.4292227 1.1185418 1.4444331 0.926733  2.       ], shape=(6,), dtype=float32)",0.0,[12 1 0 0 0 0 0 1 4 3 5 5 0 4 3 8 0 0 0 0 0 30 0 0 14],False,"tf.Tensor(
[[1.6986518  1.4292227  1.1185418  1.4444331  0.926733   1.0743698
  1.7021697  3.117227   1.1342026  1.6778235  1.2424393  0.3127635
  0.94537294 2.8094366  1.0899211  0.23429163 1.5036029  1.4135476 ]], shape=(1, 18), dtype=float32)"
980,[12 1 0 0 0 0 0 1 4 3 5 5 0 4 3 8 0 0 0 0 0 30 0 0 14],"tf.Tensor([2.3878114 1.5883747 1.8983625 2.1021466 0.8711975 1.       ], shape=(6,), dtype=float32)",0.4,[12 2 2 2 4 2 0 0 0 0 0 1 0 4 3 8 0 0 0 0 0 30 0 0 14],False,"tf.Tensor(
[[ 2.3878114   1.5883747   1.8983625   2.1021466   0.8711975   1.5881464
   2.3542016   2.2965972   2.1434035   1.6428653   1.7765785  -0.20992804
   1.0199509   2.1667275   1.5066916   1.3459058   1.082593    2.2001398 ]], shape=(1, 18), dtype=float32)"
981,[12 2 2 2 4 2 0 0 0 0 0 1 0 4 3 8 0 0 0 0 0 30 0 0 14],"tf.Tensor([1.6676444 1.3913219 1.228688  1.4299042 0.5637141 2.       ], shape=(6,), dtype=float32)",0.0,[12 3 2 2 4 2 0 0 0 0 0 5 0 4 3 8 0 0 0 0 0 30 0 0 14],False,"tf.Tensor(
[[1.6676444  1.3913219  1.228688   1.4299042  0.5637141  1.1625363
  1.8740578  2.9597406  1.1630275  1.8801943  1.2935612  0.14244726
  0.59306896 2.5622325  1.0013674  0.2977429  1.3307128  1.5578282 ]], shape=(1, 18), dtype=float32)"
982,[12 3 2 2 4 2 0 0 0 0 0 5 0 4 3 8 0 0 0 0 0 30 0 0 14],"tf.Tensor([2.0945728 1.7394017 1.5028551 1.8966306 1.3176551 2.       ], shape=(6,), dtype=float32)",-6.0,[13 1 0 0 0 0 0 2 2 4 2 5 0 4 0 8 0 0 0 0 0 30 0 0 14],False,"tf.Tensor(
[[2.0945728  1.7394017  1.5028551  1.8966306  1.3176551  0.89418435
  1.4267179  3.0415785  1.5458778  1.6821054  1.6754115  0.08346627
  1.6622406  2.7992148  1.7274784  0.59010017 1.6121539  1.4484583 ]], shape=(1, 18), dtype=float32)"
983,[13 1 0 0 0 0 0 2 2 4 2 5 0 4 0 8 0 0 0 0 0 30 0 0 14],"tf.Tensor([1.9419922  1.515856   1.7782729  1.9707373  0.17430627 1.        ], shape=(6,), dtype=float32)",0.4,[13 2 6 5 5 3 0 0 0 0 0 1 0 4 0 8 0 0 0 0 0 30 0 0 14],False,"tf.Tensor(
[[ 1.9419922   1.515856    1.7782729   1.9707373   0.17430627  1.7229232
   2.828482    2.128145    1.7918983   1.8218572   1.5704846  -0.75931865
   0.53221655  1.6710585   1.2849582   1.2232939   1.1354825   2.1017716 ]], shape=(1, 18), dtype=float32)"
984,[13 2 6 5 5 3 0 0 0 0 0 1 0 4 0 8 0 0 0 0 0 30 0 0 14],"tf.Tensor([1.7519231 1.2831573 1.131948  1.8316816 1.1456558 2.       ], shape=(6,), dtype=float32)",0.1,[13 3 6 5 5 3 1 0 0 0 0 0 0 4 0 8 0 0 0 0 0 30 0 0 14],False,"tf.Tensor(
[[1.7519231 1.2831573 1.131948  1.8316816 1.1456558 1.7511542 2.009889
  3.0218985 1.7031518 2.072154  1.9276985 0.6192241 1.6178396 2.6236396
  1.6885502 1.1626782 1.8765701 1.777509 ]], shape=(1, 18), dtype=float32)"
985,[13 3 6 5 5 3 1 0 0 0 0 0 0 4 0 8 0 0 0 0 0 30 0 0 14],"tf.Tensor([1.690641  1.2368312 1.0562804 1.7908914 1.0752743 2.       ], shape=(6,), dtype=float32)",6.0,[14 1 0 0 0 0 0 6 5 5 3 6 0 4 3 8 0 0 0 0 0 30 0 0 14],True,"tf.Tensor(
[[1.690641   1.2368312  1.0562804  1.7908914  1.0752743  1.9194356
  2.1425862  3.0280585  1.6949152  2.1528323  1.8756657  0.63033396
  1.4801712  2.5627003  1.5770488  1.2667571  1.8519216  1.8662397 ]], shape=(1, 18), dtype=float32)"
986,[1 1 0 0 0 0 0 2 5 3 5 6 0 0 0 0 0 0 0 0 0 0 0 0 0],"tf.Tensor([2.7077277 3.0182505 2.0217052 1.9455594 3.275588  7.       ], shape=(6,), dtype=float32)",0.5,[1 2 2 5 3 5 6 0 0 0 0 0 0 0 0 0 0 0 0 0 0 0 0 0 0],False,"tf.Tensor(
[[2.7077277 3.0182505 2.0217052 1.9455594 3.275588  2.6252081 3.0875516
  2.0802388 3.5717247 1.5910807 2.8021228 2.287332  3.867144  3.5275047
  2.885975  3.4243612 3.656872  2.5511274]], shape=(1, 18), dtype=float32)"
987,[1 2 2 5 3 5 6 0 0 0 0 0 0 0 0 0 0 0 0 0 0 0 0 0 0],"tf.Tensor([3.190269  2.9478977 2.1758573 2.8617911 3.0961392 3.       ], shape=(6,), dtype=float32)",0.0,[1 3 2 5 3 5 6 0 0 0 0 0 0 0 0 0 0 0 0 0 0 0 0 0 0],False,"tf.Tensor(
[[3.190269  2.9478977 2.1758573 2.8617911 3.0961392 2.338249  2.2032275
  2.8932784 3.656931  2.0387332 3.010083  1.8319695 3.534996  2.1638072
  3.2864804 3.4319994 3.4233975 3.277452 ]], shape=(1, 18), dtype=float32)"
988,[1 3 2 5 3 5 6 0 0 0 0 0 0 0 0 0 0 0 0 0 0 0 0 0 0],"tf.Tensor([3.2680197 2.9495437 2.229246  2.8932238 3.1977954 3.       ], shape=(6,), dtype=float32)",0.0,[2 1 0 0 0 0 0 2 5 3 5 6 0 0 0 0 0 0 0 0 0 0 0 0 0],False,"tf.Tensor(
[[3.2680197 2.9495437 2.229246  2.8932238 3.1977954 2.4323156 2.3057342
  2.905501  3.7757773 2.0705643 3.0702968 1.8054795 3.6783953 2.2144258
  3.3894985 3.5107548 3.4856985 3.3664575]], shape=(1, 18), dtype=float32)"
989,[2 1 0 0 0 0 0 2 5 3 5 6 0 0 0 0 0 0 0 0 0 0 0 0 0],"tf.Tensor([2.8089447 3.0181682 2.0338354 1.9689641 3.355085  7.       ], shape=(6,), dtype=float32)",0.5,[2 2 3 5 1 4 1 0 0 0 0 0 0 0 0 0 0 0 0 0 0 0 0 0 0],False,"tf.Tensor(
[[2.8089447 3.0181682 2.0338354 1.9689641 3.355085  2.761988  3.2791448
  2.1462858 3.7093372 1.6122301 2.8426185 2.352894  3.9561582 3.6344213
  2.9582705 3.5295346 3.7832916 2.6181002]], shape=(1, 18), dtype=float32)"
990,[2 2 3 5 1 4 1 0 0 0 0 0 0 0 0 0 0 0 0 0 0 0 0 0 0],"tf.Tensor([ 2.3268704  1.971305   1.634364   2.1124053  2.4855177 10.       ], shape=(6,), dtype=float32)",0.0,[2 3 3 5 1 4 1 0 0 0 0 0 0 0 0 0 0 0 0 0 0 0 0 0 0],False,"tf.Tensor(
[[2.3268704 1.971305  1.634364  2.1124053 2.4855177 1.9438771 2.4667032
  2.2868164 2.9321697 1.6577739 2.3083854 1.7479221 2.8435845 1.6612955
  2.7296731 2.9409142 2.7258887 2.7565947]], shape=(1, 18), dtype=float32)"
991,[2 3 3 5 1 4 1 0 0 0 0 0 0 0 0 0 0 0 0 0 0 0 0 0 0],[1 0 1 1 1 9],0.0,[3 1 0 0 0 0 0 3 5 1 4 1 0 0 0 0 0 0 0 0 0 0 0 0 0],False,"tf.Tensor(
[[2.3837104 1.968283  1.760157  2.1207309 2.5300126 1.9662157 2.598991
  2.3704252 3.0429707 1.7615726 2.4077613 1.752756  2.9772725 1.6977156
  2.8477645 2.9838889 2.7662966 2.8192692]], shape=(1, 18), dtype=float32)"
992,[3 1 0 0 0 0 0 3 5 1 4 1 0 0 0 0 0 0 0 0 0 0 0 0 0],"tf.Tensor([2.1443262 2.0920527 1.1890824 1.9420326 2.578822  7.       ], shape=(6,), dtype=float32)",0.5,[3 2 1 6 2 3 6 0 0 0 0 0 0 0 0 0 0 0 0 0 0 0 0 0 0],False,"tf.Tensor(
[[2.1443262 2.0920527 1.1890824 1.9420326 2.578822  2.2605326 2.6902876
  1.9030522 2.7474144 1.2535388 2.2785227 1.6350776 2.957615  2.6237812
  2.3944852 2.687805  2.8554106 2.359778 ]], shape=(1, 18), dtype=float32)"
993,[3 2 1 6 2 3 6 0 0 0 0 0 0 0 0 0 0 0 0 0 0 0 0 0 0],"tf.Tensor([2.9712777 2.6161256 2.0536635 2.6738381 2.7057006 7.       ], shape=(6,), dtype=float32)",0.0,[3 3 1 6 2 3 6 0 0 0 0 0 0 0 0 0 0 0 0 0 0 0 0 0 0],False,"tf.Tensor(
[[2.9712777 2.6161256 2.0536635 2.6738381 2.7057006 2.1548977 2.1402762
  2.7194939 3.3502014 2.0633836 2.8140793 1.5133519 3.4057827 1.9736542
  3.2388968 3.202993  3.010636  3.205988 ]], shape=(1, 18), dtype=float32)"
994,[3 3 1 6 2 3 6 0 0 0 0 0 0 0 0 0 0 0 0 0 0 0 0 0 0],"tf.Tensor([3.0506191 2.6450918 2.1826267 2.6792145 2.782885  7.       ], shape=(6,), dtype=float32)",0.0,[4 1 0 0 0 0 0 1 6 2 3 6 0 0 0 0 0 0 0 0 0 0 0 0 0],False,"tf.Tensor(
[[3.0506191 2.6450918 2.1826267 2.6792145 2.782885  2.2158341 2.2545655
  2.7838285 3.5233877 2.1857135 2.8673031 1.4648358 3.5349746 2.024067
  3.3711956 3.2332098 3.0751739 3.255775 ]], shape=(1, 18), dtype=float32)"
995,[4 1 0 0 0 0 0 1 6 2 3 6 0 0 0 0 0 0 0 0 0 0 0 0 0],"tf.Tensor([2.6936567 2.6606557 1.6516383 1.9969038 3.089704  7.       ], shape=(6,), dtype=float32)",0.5,[4 2 1 2 3 6 2 0 0 0 0 0 0 0 0 0 0 0 0 0 0 0 0 0 0],False,"tf.Tensor(
[[2.6936567 2.6606557 1.6516383 1.9969038 3.089704  2.5032415 3.0600584
  2.2562933 3.2983532 1.6086832 2.7582324 2.1666648 3.6120372 3.2227767
  2.770503  3.3841667 3.3419268 2.7153225]], shape=(1, 18), dtype=float32)"
996,[4 2 1 2 3 6 2 0 0 0 0 0 0 0 0 0 0 0 0 0 0 0 0 0 0],"tf.Tensor([ 2.4946108  1.9416608  1.6170473  2.4210343  2.1419692 10.       ], shape=(6,), dtype=float32)",0.0,[4 3 1 2 3 6 2 0 0 0 0 0 0 0 0 0 0 0 0 0 0 0 0 0 0],False,"tf.Tensor(
[[2.4946108 1.9416608 1.6170473 2.4210343 2.1419692 1.6749164 2.1873949
  2.6669018 2.475539  1.5270358 2.6375334 1.9556366 2.7589402 1.4725754
  2.62454   3.134842  2.5324967 2.9603553]], shape=(1, 18), dtype=float32)"
997,[4 3 1 2 3 6 2 0 0 0 0 0 0 0 0 0 0 0 0 0 0 0 0 0 0],"tf.Tensor([ 2.5157874  1.94458    1.6891917  2.4563298  2.2010078 10.       ], shape=(6,), dtype=float32)",0.0,[5 1 0 0 0 0 0 1 2 3 6 2 0 0 0 0 0 0 0 0 0 0 0 0 0],False,"tf.Tensor(
[[2.5157874 1.94458   1.6891917 2.4563298 2.2010078 1.7197826 2.3391743
  2.7130618 2.5559733 1.617831  2.7159977 1.9675554 2.8780055 1.5455605
  2.7431965 3.196809  2.5943367 3.0265374]], shape=(1, 18), dtype=float32)"
998,[5 1 0 0 0 0 0 1 2 3 6 2 0 0 0 0 0 0 0 0 0 0 0 0 0],[0 0 0 0 1 5],0.1,[5 2 5 0 0 0 0 2 6 1 4 0 0 0 0 0 0 0 0 0 0 0 0 0 0],False,"tf.Tensor(
[[2.6347735 2.4197    1.5330398 1.6157897 2.6243734 2.613507  3.1646736
  1.7876037 3.1838193 1.1638539 2.0094318 2.0670574 3.2501502 3.4678123
  2.485961  2.9859536 3.563254  2.1042433]], shape=(1, 18), dtype=float32)"
999,[5 2 5 0 0 0 0 2 6 1 4 0 0 0 0 0 0 0 0 0 0 0 0 0 0],"tf.Tensor([2.7343695 2.4191225 1.2809446 2.7788677 3.9128897 1.       ], shape=(6,), dtype=float32)",0.4,[5 3 5 2 6 1 4 0 0 0 0 0 0 0 0 0 0 0 0 0 0 0 0 0 0],False,"tf.Tensor(
[[2.7343695 2.4191225 1.2809446 2.7788677 3.9128897 3.0868385 4.1454716
  2.4947562 3.6381752 1.8868455 3.294759  2.521073  4.0282106 3.9311852
  3.3059044 3.7231498 4.0566707 3.3072538]], shape=(1, 18), dtype=float32)"
1000,[5 3 5 2 6 1 4 0 0 0 0 0 0 0 0 0 0 0 0 0 0 0 0 0 0],"tf.Tensor([ 3.0810707  2.872337   2.3521729  3.3341193  3.1331725 10.       ], shape=(6,), dtype=float32)",0.0,[6 1 0 0 0 0 0 1 2 3 3 5 0 0 0 0 0 0 0 0 0 0 0 0 0],False,"tf.Tensor(
[[3.0810707 2.872337  2.3521729 3.3341193 3.1331725 2.3262467 2.9586866
  3.2250576 3.5988743 2.378129  3.5359008 2.6313293 3.9765    2.109676
  4.0619297 4.1110506 3.8754234 3.8751101]], shape=(1, 18), dtype=float32)"
1001,[6 1 0 0 0 0 0 1 2 3 3 5 0 0 0 0 0 0 0 0 0 0 0 0 0],"tf.Tensor([ 2.5595417  2.24461    1.4359837  1.59648    2.648964  11.       ], shape=(6,), dtype=float32)",0.5,[6 2 6 6 1 3 3 0 0 0 0 0 0 0 0 0 0 0 0 0 0 0 0 0 0],False,"tf.Tensor(
[[2.5595417 2.24461   1.4359837 1.59648   2.648964  2.6301625 3.157248
  2.1006727 3.143301  1.2557213 2.2692323 2.0818143 3.2527084 3.2537038
  2.416116  2.8850162 3.3336368 2.194799 ]], shape=(1, 18), dtype=float32)"
1002,[6 2 6 6 1 3 3 0 0 0 0 0 0 0 0 0 0 0 0 0 0 0 0 0 0],[1 1 1 1 1 4],0.0,[6 3 6 6 1 3 3 0 0 0 0 0 0 0 0 0 0 0 0 0 0 0 0 0 0],False,"tf.Tensor(
[[3.100451  2.7632003 2.1685376 2.794715  3.6876807 2.6585474 3.3488183
  2.9394863 4.0173397 2.493512  3.1727881 2.2373192 4.1786203 2.662862
  3.7864587 3.9294674 3.717925  3.7488399]], shape=(1, 18), dtype=float32)"
1003,[6 3 6 6 1 3 3 0 0 0 0 0 0 0 0 0 0 0 0 0 0 0 0 0 0],"tf.Tensor([3.1417606 2.77522   2.2961204 2.8137717 3.7838354 7.       ], shape=(6,), dtype=float32)",0.0,[7 1 0 0 0 0 0 6 6 1 3 3 0 0 0 0 0 0 0 0 0 0 0 0 0],False,"tf.Tensor(
[[3.1417606 2.77522   2.2961204 2.8137717 3.7838354 2.744136  3.5753608
  2.9927945 4.204402  2.567168  3.2452288 2.2739017 4.314653  2.6872985
  3.9292343 4.040147  3.8166726 3.829434 ]], shape=(1, 18), dtype=float32)"
1004,[7 1 0 0 0 0 0 6 6 1 3 3 0 0 0 0 0 0 0 0 0 0 0 0 0],"tf.Tensor([ 3.0844898  2.8286347  1.415951   2.7966747  3.4805453 11.       ], shape=(6,), dtype=float32)",0.5,[7 2 4 6 5 6 1 0 0 0 0 0 0 0 0 0 0 0 0 0 0 0 0 0 0],False,"tf.Tensor(
[[3.0844898 2.8286347 1.415951  2.7966747 3.4805453 3.3601701 4.0028453
  3.0716307 3.6875002 1.5884606 3.355048  2.3937368 4.050857  3.8141584
  3.6395125 3.6314065 4.2119584 3.280942 ]], shape=(1, 18), dtype=float32)"
1005,[7 2 4 6 5 6 1 0 0 0 0 0 0 0 0 0 0 0 0 0 0 0 0 0 0],"tf.Tensor([ 3.8994844  3.0144935  2.5982304  3.6285071  3.4800606 10.       ], shape=(6,), dtype=float32)",0.0,[7 3 4 6 5 6 1 0 0 0 0 0 0 0 0 0 0 0 0 0 0 0 0 0 0],False,"tf.Tensor(
[[3.8994844 3.0144935 2.5982304 3.6285071 3.4800606 2.8003178 3.8214867
  4.1696496 4.2415276 2.5494728 3.9101224 3.2366471 4.454368  2.2967515
  4.395867  4.852392  4.3634787 4.6354313]], shape=(1, 18), dtype=float32)"
1006,[7 3 4 6 5 6 1 0 0 0 0 0 0 0 0 0 0 0 0 0 0 0 0 0 0],[0 1 0 1 1 5],24.0,[8 1 0 0 0 0 0 4 6 5 6 1 0 0 0 0 0 12 0 0 0 0 0 0 0],False,"tf.Tensor(
[[3.9260845 3.0239413 2.692839  3.6565475 3.5517528 2.8481433 3.9932308
  4.216604  4.3544855 2.6269171 3.9921956 3.2645931 4.5909243 2.337823
  4.5166664 4.9454565 4.4208074 4.719802 ]], shape=(1, 18), dtype=float32)"
1007,[8 1 0 0 0 0 0 4 6 5 6 1 0 0 0 0 0 12 0 0 0 0 0 0 0],[1 1 0 0 0 6],0.2,[8 2 6 5 0 0 0 0 0 3 4 3 0 0 0 0 0 12 0 0 0 0 0 0 0],False,"tf.Tensor(
[[5.248929  3.3685203 3.1090095 4.526204  4.5702    4.492965  5.5242248
  4.7204847 5.310108  2.2221434 5.282269  3.8422253 6.344653  4.671213
  4.7822886 5.534225  6.3421288 5.076485 ]], shape=(1, 18), dtype=float32)"
1008,[8 2 6 5 0 0 0 0 0 3 4 3 0 0 0 0 0 12 0 0 0 0 0 0 0],[0 1 0 1 0 7],0.1,[8 3 6 5 4 0 0 0 0 2 0 3 0 0 0 0 0 12 0 0 0 0 0 0 0],False,"tf.Tensor(
[[4.7640467 4.2028136 3.2230875 2.8003774 4.8156834 3.995726  5.221553
  4.796965  6.216528  3.2336352 4.528936  3.9720638 5.8270535 4.9811425
  4.964915  4.4256306 6.0193453 4.0342093]], shape=(1, 18), dtype=float32)"
1009,[8 3 6 5 4 0 0 0 0 2 0 3 0 0 0 0 0 12 0 0 0 0 0 0 0],"tf.Tensor([4.9228706 3.9827962 3.6976779 3.1438093 4.7008576 3.       ], shape=(6,), dtype=float32)",8.0,[9 1 0 0 0 0 0 6 5 5 6 5 0 0 0 4 0 12 0 0 0 0 0 0 0],False,"tf.Tensor(
[[4.9228706 3.9827962 3.6976779 3.1438093 4.7008576 3.8236074 5.530395
  5.177973  6.5714684 3.566337  4.8179936 4.139869  5.8539505 4.1189623
  5.551892  4.7056313 6.120286  4.538162 ]], shape=(1, 18), dtype=float32)"
1010,[9 1 0 0 0 0 0 6 5 5 6 5 0 0 0 4 0 12 0 0 0 0 0 0 0],"tf.Tensor([ 5.239604   4.0983667  3.2982259  4.109198   4.8728285 11.       ], shape=(6,), dtype=float32)",0.5,[9 2 6 6 6 3 4 0 0 0 0 0 0 0 0 4 0 12 0 0 0 0 0 0 0],False,"tf.Tensor(
[[5.239604  4.0983667 3.2982259 4.109198  4.8728285 4.6252537 5.926743
  5.421291  5.808264  2.8811748 5.2121015 4.4332967 6.833643  4.8299437
  5.916581  5.4613585 6.8425174 5.3996654]], shape=(1, 18), dtype=float32)"
1011,[9 2 6 6 6 3 4 0 0 0 0 0 0 0 0 4 0 12 0 0 0 0 0 0 0],"tf.Tensor([5.357014  4.2599063 4.050515  4.6374607 4.188845  9.       ], shape=(6,), dtype=float32)",0.0,[9 3 6 6 6 3 4 0 0 0 0 0 0 0 0 4 0 12 0 0 0 0 0 0 0],False,"tf.Tensor(
[[5.357014  4.2599063 4.050515  4.6374607 4.188845  3.4994369 4.483639
  5.7513766 5.9094143 4.160016  5.233691  3.778792  6.1645284 3.1378205
  6.6002383 5.4485416 6.0963917 5.7275643]], shape=(1, 18), dtype=float32)"
1012,[9 3 6 6 6 3 4 0 0 0 0 0 0 0 0 4 0 12 0 0 0 0 0 0 0],"tf.Tensor([5.411802 4.263291 4.150175 4.659753 4.2697   9.      ], shape=(6,), dtype=float32)",0.0,[10 1 0 0 0 0 0 6 6 6 3 4 0 0 0 4 0 12 0 0 0 0 0 0 0],False,"tf.Tensor(
[[5.411802  4.263291  4.150175  4.659753  4.2697    3.544044  4.638421
  5.823829  6.0456343 4.260967  5.3106217 3.8422048 6.277908  3.1749284
  6.708986  5.4967475 6.193425  5.79796  ]], shape=(1, 18), dtype=float32)"
1013,[10 1 0 0 0 0 0 6 6 6 3 4 0 0 0 4 0 12 0 0 0 0 0 0 0],[0 0 0 0 0 9],0.0,[10 2 0 0 0 0 0 4 5 4 2 4 0 0 0 4 0 12 0 0 0 0 0 0 0],False,"tf.Tensor(
[[5.060278  3.8440483 3.0835295 4.395022  4.302327  4.1763105 5.5589275
  5.5290728 5.119604  2.963406  5.2329717 4.099311  6.533249  4.680045
  5.762744  5.096706  6.3763323 5.4022555]], shape=(1, 18), dtype=float32)"
1014,[10 2 0 0 0 0 0 4 5 4 2 4 0 0 0 4 0 12 0 0 0 0 0 0 0],"tf.Tensor([ 4.543145   3.3720553  2.9459424  3.7792053  3.7491722 11.       ], shape=(6,), dtype=float32)",0.5,[10 3 4 5 4 2 4 0 0 0 0 0 0 0 0 4 0 12 0 0 0 0 0 0 0],False,"tf.Tensor(
[[4.543145  3.3720553 2.9459424 3.7792053 3.7491722 3.4922862 5.0183215
  5.217044  4.7913437 3.0217557 4.7727513 3.7818255 5.5882583 4.1856
  5.1916456 4.142301  5.730242  4.59     ]], shape=(1, 18), dtype=float32)"
1015,[10 3 4 5 4 2 4 0 0 0 0 0 0 0 0 4 0 12 0 0 0 0 0 0 0],"tf.Tensor([4.8396373 3.5905945 3.6150157 3.897831  3.5964627 9.       ], shape=(6,), dtype=float32)",0.0,[11 1 0 0 0 0 0 3 2 3 5 1 0 0 0 4 0 12 0 0 0 0 0 0 0],False,"tf.Tensor(
[[4.8396373 3.5905945 3.6150157 3.897831  3.5964627 3.0093708 4.020821
  5.181389  5.3230696 3.752228  4.599811  3.288287  5.405533  2.7460592
  5.7013917 4.5079994 5.270144  4.989942 ]], shape=(1, 18), dtype=float32)"
1016,[11 1 0 0 0 0 0 3 2 3 5 1 0 0 0 4 0 12 0 0 0 0 0 0 0],"tf.Tensor([ 4.3840013  3.23472    2.4819605  3.3360028  3.1580703 11.       ], shape=(6,), dtype=float32)",0.5,[11 2 2 2 2 6 1 0 0 0 0 0 0 0 0 4 0 12 0 0 0 0 0 0 0],False,"tf.Tensor(
[[4.3840013 3.23472   2.4819605 3.3360028 3.1580703 3.5562942 4.5403113
  4.728577  4.6078653 2.5043337 4.1371055 3.4236755 4.9719725 4.006101
  4.687982  3.5477314 5.490369  3.9131365]], shape=(1, 18), dtype=float32)"
1017,[11 2 2 2 2 6 1 0 0 0 0 0 0 0 0 4 0 12 0 0 0 0 0 0 0],[0 0 1 0 0 4],0.0,[11 3 2 2 2 6 1 0 0 0 0 0 0 0 0 4 0 12 0 0 0 0 0 0 0],False,"tf.Tensor(
[[3.9341824 2.2810292 2.771853  3.3398824 2.2525816 2.3028035 3.90835
  4.8767724 3.8109376 2.9989994 4.0794725 3.1722443 4.023439  2.470299
  4.632916  3.354933  4.447039  3.9051485]], shape=(1, 18), dtype=float32)"
1018,[11 3 2 2 2 6 1 0 0 0 0 0 0 0 0 4 0 12 0 0 0 0 0 0 0],"tf.Tensor([3.997664  2.2967954 2.9262643 3.3818884 2.3106983 2.       ], shape=(6,), dtype=float32)",0.0,[12 1 0 0 0 0 0 2 2 2 6 1 0 0 0 4 0 12 0 0 0 0 0 0 0],False,"tf.Tensor(
[[3.997664  2.2967954 2.9262643 3.3818884 2.3106983 2.3498893 4.0733047
  4.9946175 3.959058  3.1337254 4.1697164 3.2474535 4.1493945 2.4930015
  4.7997594 3.4112134 4.5822735 3.9752822]], shape=(1, 18), dtype=float32)"
1019,[12 1 0 0 0 0 0 2 2 2 6 1 0 0 0 4 0 12 0 0 0 0 0 0 0],"tf.Tensor([ 4.5711584  3.2201974  2.502534   3.4792323  3.1257298 11.       ], shape=(6,), dtype=float32)",0.5,[12 2 5 6 1 2 6 0 0 0 0 0 0 0 0 4 0 12 0 0 0 0 0 0 0],False,"tf.Tensor(
[[4.5711584 3.2201974 2.502534  3.4792323 3.1257298 3.527539  4.485032
  4.854218  4.605359  2.5128968 4.215064  3.4323175 4.9424148 3.995866
  4.656082  3.750343  5.4465575 4.046147 ]], shape=(1, 18), dtype=float32)"
1020,[12 2 5 6 1 2 6 0 0 0 0 0 0 0 0 4 0 12 0 0 0 0 0 0 0],[ 1  1  0  1  1 12],0.0,[12 3 5 6 1 2 6 0 0 0 0 0 0 0 0 4 0 12 0 0 0 0 0 0 0],False,"tf.Tensor(
[[4.8702645 3.7721355 3.5424097 3.9087892 3.90737   3.2809567 4.390854
  5.075365  5.527028  3.698516  4.7404566 3.5298133 5.7677884 3.389347
  5.6628222 4.492215  5.641797  4.95867  ]], shape=(1, 18), dtype=float32)"
1021,[12 3 5 6 1 2 6 0 0 0 0 0 0 0 0 4 0 12 0 0 0 0 0 0 0],"tf.Tensor([4.916385  3.7919064 3.7054949 3.938408  3.967986  7.       ], shape=(6,), dtype=float32)",0.0,[13 1 0 0 0 0 0 5 6 1 2 6 0 0 0 4 0 12 0 0 0 0 0 0 0],False,"tf.Tensor(
[[4.916385  3.7919064 3.7054949 3.938408  3.967986  3.3110704 4.516524
  5.1655035 5.6763887 3.8279543 4.8113146 3.569674  5.891719  3.3777006
  5.8212624 4.5317125 5.745108  5.021041 ]], shape=(1, 18), dtype=float32)"
1022,[13 1 0 0 0 0 0 5 6 1 2 6 0 0 0 4 0 12 0 0 0 0 0 0 0],"tf.Tensor([ 5.099679   3.5305784  3.2228289  4.3899045  4.156786  11.       ], shape=(6,), dtype=float32)",0.5,[13 2 3 4 1 1 5 0 0 0 0 0 0 0 0 4 0 12 0 0 0 0 0 0 0],False,"tf.Tensor(
[[5.099679  3.5305784 3.2228289 4.3899045 4.156786  4.043317  6.096698
  6.061949  5.2575035 3.371393  5.512244  4.3258104 6.238485  4.880231
  5.9843884 4.9472437 6.4852114 5.2348285]], shape=(1, 18), dtype=float32)"
1023,[13 2 3 4 1 1 5 0 0 0 0 0 0 0 0 4 0 12 0 0 0 0 0 0 0],"tf.Tensor([ 4.475408   3.1645203  3.0413146  3.5687742  3.100357  11.       ], shape=(6,), dtype=float32)",0.0,[13 3 3 4 1 1 5 0 0 0 0 0 0 0 0 4 0 12 0 0 0 0 0 0 0],False,"tf.Tensor(
[[4.475408  3.1645203 3.0413146 3.5687742 3.100357  2.9285784 4.1293097
  4.7898855 4.7414026 3.198228  4.3899856 3.3092825 4.9427733 3.4052987
  4.850483  3.8592756 5.1037736 4.199013 ]], shape=(1, 18), dtype=float32)"
1024,[13 3 3 4 1 1 5 0 0 0 0 0 0 0 0 4 0 12 0 0 0 0 0 0 0],"tf.Tensor([ 4.556478   3.244494   3.1602497  3.6030293  3.1998553 11.       ], shape=(6,), dtype=float32)",0.0,[14 1 0 0 0 0 0 3 4 1 1 5 0 0 0 4 0 12 0 0 0 0 0 0 0],True,"tf.Tensor(
[[4.556478  3.244494  3.1602497 3.6030293 3.1998553 2.9599876 4.1831565
  4.888998  4.886944  3.3032577 4.4598923 3.3549795 5.0520506 3.4183092
  4.959905  3.914331  5.1870265 4.2758164]], shape=(1, 18), dtype=float32)"
1025,[1 1 0 0 0 0 0 3 4 3 6 1 0 0 0 0 0 0 0 0 0 0 0 0 0],"tf.Tensor([2.2679257 2.7164338 1.6119338 1.8273392 3.12447   7.       ], shape=(6,), dtype=float32)",0.5,[1 2 3 4 3 6 1 0 0 0 0 0 0 0 0 0 0 0 0 0 0 0 0 0 0],False,"tf.Tensor(
[[2.2679257 2.7164338 1.6119338 1.8273392 3.12447   2.465887  2.6339931
  1.7043346 3.1577792 1.4785881 2.348195  2.008315  3.4854286 3.113426
  2.6902218 2.9061024 3.4352472 2.3304658]], shape=(1, 18), dtype=float32)"
1026,[1 2 3 4 3 6 1 0 0 0 0 0 0 0 0 0 0 0 0 0 0 0 0 0 0],[1 0 1 0 1 5],0.0,[1 3 3 4 3 6 1 0 0 0 0 0 0 0 0 0 0 0 0 0 0 0 0 0 0],False,"tf.Tensor(
[[2.730356  2.323567  1.8288242 2.5608644 2.7206163 2.1660595 2.6346607
  2.7321389 3.2597897 1.6932242 2.7133315 2.2472632 3.0418954 1.7034479
  3.0663335 3.4511647 3.2362905 3.133731 ]], shape=(1, 18), dtype=float32)"
1027,[1 3 3 4 3 6 1 0 0 0 0 0 0 0 0 0 0 0 0 0 0 0 0 0 0],"tf.Tensor([ 2.7800684  2.3460803  1.9378135  2.5689971  2.7863643 10.       ], shape=(6,), dtype=float32)",0.0,[2 1 0 0 0 0 0 3 4 3 6 1 0 0 0 0 0 0 0 0 0 0 0 0 0],False,"tf.Tensor(
[[2.7800684 2.3460803 1.9378135 2.5689971 2.7863643 2.2032707 2.7821891
  2.7979639 3.4042344 1.7762697 2.8039758 2.2621238 3.15862   1.7477596
  3.1771693 3.5175996 3.281259  3.1909442]], shape=(1, 18), dtype=float32)"
1028,[2 1 0 0 0 0 0 3 4 3 6 1 0 0 0 0 0 0 0 0 0 0 0 0 0],"tf.Tensor([2.338639  2.6501763 1.5315039 1.8323079 3.142715  7.       ], shape=(6,), dtype=float32)",0.5,[2 2 4 3 2 6 4 0 0 0 0 0 0 0 0 0 0 0 0 0 0 0 0 0 0],False,"tf.Tensor(
[[2.338639  2.6501763 1.5315039 1.8323079 3.142715  2.598844  2.8343713
  1.7423154 3.1885285 1.4105618 2.3232634 2.0851305 3.5838099 3.2310538
  2.667967  2.9792137 3.5070014 2.4052334]], shape=(1, 18), dtype=float32)"
1029,[2 2 4 3 2 6 4 0 0 0 0 0 0 0 0 0 0 0 0 0 0 0 0 0 0],[0 1 1 1 1 2],0.0,[2 3 4 3 2 6 4 0 0 0 0 0 0 0 0 0 0 0 0 0 0 0 0 0 0],False,"tf.Tensor(
[[2.8128304 2.5952368 1.7766267 2.5687985 3.0899274 2.2956412 2.4630866
  2.5603206 3.341928  1.8149204 2.812105  2.0401943 3.438376  2.2155554
  3.0665188 3.3164675 3.302146  3.1701121]], shape=(1, 18), dtype=float32)"
1030,[2 3 4 3 2 6 4 0 0 0 0 0 0 0 0 0 0 0 0 0 0 0 0 0 0],"tf.Tensor([2.8967695 2.6284206 1.8561653 2.5894544 3.2352958 7.       ], shape=(6,), dtype=float32)",0.0,[3 1 0 0 0 0 0 4 3 2 6 4 0 0 0 0 0 0 0 0 0 0 0 0 0],False,"tf.Tensor(
[[2.8967695 2.6284206 1.8561653 2.5894544 3.2352958 2.390054  2.5922492
  2.607549  3.4978914 1.8674386 2.8961592 2.066454  3.5689862 2.2964866
  3.1524644 3.4102073 3.3933668 3.241125 ]], shape=(1, 18), dtype=float32)"
1031,[3 1 0 0 0 0 0 4 3 2 6 4 0 0 0 0 0 0 0 0 0 0 0 0 0],"tf.Tensor([ 2.5439749  2.8940585  1.6774883  1.784241   3.5079477 11.       ], shape=(6,), dtype=float32)",0.5,[3 2 2 2 4 6 1 0 0 0 0 0 0 0 0 0 0 0 0 0 0 0 0 0 0],False,"tf.Tensor(
[[2.5439749 2.8940585 1.6774883 1.784241  3.5079477 3.2415214 3.6461277
  2.039854  4.079119  1.3384106 2.4433043 2.263047  3.7685833 3.4257772
  3.0534756 3.071953  4.180628  2.4023666]], shape=(1, 18), dtype=float32)"
1032,[3 2 2 2 4 6 1 0 0 0 0 0 0 0 0 0 0 0 0 0 0 0 0 0 0],"tf.Tensor([ 2.622174   2.1799085  1.7626787  2.5261075  2.354678  10.       ], shape=(6,), dtype=float32)",0.0,[3 3 2 2 4 6 1 0 0 0 0 0 0 0 0 0 0 0 0 0 0 0 0 0 0],False,"tf.Tensor(
[[2.622174  2.1799085 1.7626787 2.5261075 2.354678  1.8016304 2.31621
  2.831051  2.8197184 1.6700315 2.7424953 2.279122  2.8301063 1.5487468
  2.851163  3.2476754 2.9237576 3.0153246]], shape=(1, 18), dtype=float32)"
1033,[3 3 2 2 4 6 1 0 0 0 0 0 0 0 0 0 0 0 0 0 0 0 0 0 0],"tf.Tensor([ 2.6540594  2.1750224  1.8418444  2.57193    2.427896  10.       ], shape=(6,), dtype=float32)",0.0,[4 1 0 0 0 0 0 2 2 4 6 1 0 0 0 0 0 0 0 0 0 0 0 0 0],False,"tf.Tensor(
[[2.6540594 2.1750224 1.8418444 2.57193   2.427896  1.8508428 2.4650142
  2.8743942 2.886519  1.7186072 2.833122  2.3090897 2.9716644 1.5827054
  2.9477441 3.3585129 2.9729724 3.116475 ]], shape=(1, 18), dtype=float32)"
1034,[4 1 0 0 0 0 0 2 2 4 6 1 0 0 0 0 0 0 0 0 0 0 0 0 0],"tf.Tensor([ 2.555196   2.4852219  1.5157639  1.7442359  2.7934012 11.       ], shape=(6,), dtype=float32)",0.5,[4 2 3 5 5 2 6 0 0 0 0 0 0 0 0 0 0 0 0 0 0 0 0 0 0],False,"tf.Tensor(
[[2.555196  2.4852219 1.5157639 1.7442359 2.7934012 2.669643  3.0640728
  1.7103561 3.134167  1.2021799 1.9970541 2.128275  3.3639174 3.479921
  2.5784557 2.948849  3.7281635 2.1667995]], shape=(1, 18), dtype=float32)"
1035,[4 2 3 5 5 2 6 0 0 0 0 0 0 0 0 0 0 0 0 0 0 0 0 0 0],[1 1 1 1 0 9],0.0,[4 3 3 5 5 2 6 0 0 0 0 0 0 0 0 0 0 0 0 0 0 0 0 0 0],False,"tf.Tensor(
[[3.4536006 3.073962  2.3823676 3.3062503 3.1430626 2.5132873 2.6019347
  3.2866247 3.8284905 2.4913526 3.3203754 2.1272159 4.071327  2.2535944
  4.0534067 3.8098352 3.8866622 3.8660245]], shape=(1, 18), dtype=float32)"
1036,[4 3 3 5 5 2 6 0 0 0 0 0 0 0 0 0 0 0 0 0 0 0 0 0 0],"tf.Tensor([3.496979  3.1097553 2.496709  3.349962  3.235205  7.       ], shape=(6,), dtype=float32)",0.0,[5 1 0 0 0 0 0 3 5 5 2 6 0 0 0 0 0 0 0 0 0 0 0 0 0],False,"tf.Tensor(
[[3.496979  3.1097553 2.496709  3.349962  3.235205  2.5724385 2.779222
  3.343848  3.9738975 2.5636625 3.4227607 2.1544101 4.2132783 2.2973633
  4.177978  3.9333835 3.9512115 3.9576607]], shape=(1, 18), dtype=float32)"
1037,[5 1 0 0 0 0 0 3 5 5 2 6 0 0 0 0 0 0 0 0 0 0 0 0 0],"tf.Tensor([3.1019967 2.9820397 1.7786889 2.1303751 3.5507731 7.       ], shape=(6,), dtype=float32)",0.5,[5 2 2 3 2 6 1 0 0 0 0 0 0 0 0 0 0 0 0 0 0 0 0 0 0],False,"tf.Tensor(
[[3.1019967 2.9820397 1.7786889 2.1303751 3.5507731 3.1080477 3.6252933
  2.6452894 3.769452  1.6994057 3.0070684 2.5570152 4.2314525 3.945491
  3.0869808 3.6675148 4.031281  2.9473548]], shape=(1, 18), dtype=float32)"
1038,[5 2 2 3 2 6 1 0 0 0 0 0 0 0 0 0 0 0 0 0 0 0 0 0 0],[0 1 0 1 0 4],0.0,[5 3 2 3 2 6 1 0 0 0 0 0 0 0 0 0 0 0 0 0 0 0 0 0 0],False,"tf.Tensor(
[[2.5167933 1.7850195 1.5982136 2.324871  2.3300498 1.9217176 2.7578776
  2.7300081 2.670618  1.6586142 2.606322  2.0643165 2.9579175 1.7538899
  2.7736676 3.1369827 2.7769258 3.0394983]], shape=(1, 18), dtype=float32)"
1039,[5 3 2 3 2 6 1 0 0 0 0 0 0 0 0 0 0 0 0 0 0 0 0 0 0],"tf.Tensor([ 2.5242314  1.7850986  1.7088032  2.3831635  2.3586593 10.       ], shape=(6,), dtype=float32)",0.0,[6 1 0 0 0 0 0 2 3 2 6 1 0 0 0 0 0 0 0 0 0 0 0 0 0],False,"tf.Tensor(
[[2.5242314 1.7850986 1.7088032 2.3831635 2.3586593 1.9426988 2.8990757
  2.7804518 2.748504  1.7383258 2.6921513 2.0889206 3.0720718 1.7622168
  2.9043374 3.217782  2.8341181 3.11062  ]], shape=(1, 18), dtype=float32)"
1040,[6 1 0 0 0 0 0 2 3 2 6 1 0 0 0 0 0 0 0 0 0 0 0 0 0],"tf.Tensor([ 2.6250396  2.157796   1.2368872  2.0277228  2.56141   11.       ], shape=(6,), dtype=float32)",0.5,[6 2 1 3 5 3 3 0 0 0 0 0 0 0 0 0 0 0 0 0 0 0 0 0 0],False,"tf.Tensor(
[[2.6250396 2.157796  1.2368872 2.0277228 2.56141   2.8677828 3.594635
  2.2072113 3.131755  1.0940754 2.2481773 2.036604  3.237411  3.3999038
  2.6855612 3.0023322 3.6707652 2.367361 ]], shape=(1, 18), dtype=float32)"
1041,[6 2 1 3 5 3 3 0 0 0 0 0 0 0 0 0 0 0 0 0 0 0 0 0 0],"tf.Tensor([ 2.985427   2.2691488  1.9594759  2.9111218  2.2452526 10.       ], shape=(6,), dtype=float32)",0.0,[6 3 1 3 5 3 3 0 0 0 0 0 0 0 0 0 0 0 0 0 0 0 0 0 0],False,"tf.Tensor(
[[2.985427  2.2691488 1.9594759 2.9111218 2.2452526 2.0770018 2.3223782
  3.0438776 3.003237  1.8634574 3.1163206 2.1313932 3.1853068 1.5418493
  3.2796178 3.625542  2.871524  3.6026106]], shape=(1, 18), dtype=float32)"
1042,[6 3 1 3 5 3 3 0 0 0 0 0 0 0 0 0 0 0 0 0 0 0 0 0 0],"tf.Tensor([ 3.018515   2.2643237  2.0600214  2.947813   2.3074105 10.       ], shape=(6,), dtype=float32)",0.0,[7 1 0 0 0 0 0 1 3 5 3 3 0 0 0 0 0 0 0 0 0 0 0 0 0],False,"tf.Tensor(
[[3.018515  2.2643237 2.0600214 2.947813  2.3074105 2.1231747 2.4556613
  3.0850916 3.1043506 1.9516437 3.2071614 2.1162627 3.3057563 1.5707126
  3.3889208 3.7380328 2.8774292 3.698048 ]], shape=(1, 18), dtype=float32)"
1043,[7 1 0 0 0 0 0 1 3 5 3 3 0 0 0 0 0 0 0 0 0 0 0 0 0],"tf.Tensor([ 2.8349476  2.1952634  1.4481282  2.0396478  2.8072798 11.       ], shape=(6,), dtype=float32)",0.5,[7 2 4 3 3 4 4 0 0 0 0 0 0 0 0 0 0 0 0 0 0 0 0 0 0],False,"tf.Tensor(
[[2.8349476 2.1952634 1.4481282 2.0396478 2.8072798 3.033513  3.7856295
  2.1604364 3.3203888 1.1371944 2.3807774 2.2893074 3.5252664 3.7289455
  2.607261  3.1924546 3.9591782 2.401462 ]], shape=(1, 18), dtype=float32)"
1044,[7 2 4 3 3 4 4 0 0 0 0 0 0 0 0 0 0 0 0 0 0 0 0 0 0],"tf.Tensor([3.04848   2.5176942 1.9987365 2.9531727 3.1004028 7.       ], shape=(6,), dtype=float32)",0.0,[7 3 4 3 3 4 4 0 0 0 0 0 0 0 0 0 0 0 0 0 0 0 0 0 0],False,"tf.Tensor(
[[3.04848   2.5176942 1.9987365 2.9531727 3.1004028 2.4348168 3.1554217
  3.078196  3.3989918 2.153619  3.1672716 2.4278393 4.0018077 2.292768
  3.6242354 3.8105059 3.6063595 3.8232584]], shape=(1, 18), dtype=float32)"
1045,[7 3 4 3 3 4 4 0 0 0 0 0 0 0 0 0 0 0 0 0 0 0 0 0 0],"tf.Tensor([3.081295  2.5359511 2.1076326 2.9703948 3.1902382 7.       ], shape=(6,), dtype=float32)",0.0,[8 1 0 0 0 0 0 4 3 3 4 4 0 0 0 0 0 0 0 0 0 0 0 0 0],False,"tf.Tensor(
[[3.081295  2.5359511 2.1076326 2.9703948 3.1902382 2.483553  3.3049214
  3.1164446 3.5357108 2.2368293 3.2242844 2.433336  4.1279135 2.3046896
  3.7317917 3.9238074 3.6428454 3.909103 ]], shape=(1, 18), dtype=float32)"
1046,[8 1 0 0 0 0 0 4 3 3 4 4 0 0 0 0 0 0 0 0 0 0 0 0 0],"tf.Tensor([ 3.1843832  2.5812125  1.4789962  2.3439858  3.2248151 11.       ], shape=(6,), dtype=float32)",0.5,[8 2 5 1 1 6 2 0 0 0 0 0 0 0 0 0 0 0 0 0 0 0 0 0 0],False,"tf.Tensor(
[[3.1843832 2.5812125 1.4789962 2.3439858 3.2248151 3.6310842 4.344719
  2.8656068 3.8456204 1.314136  2.882844  2.5195382 4.070069  4.114091
  3.2746305 3.5423217 4.4597206 2.874762 ]], shape=(1, 18), dtype=float32)"
1047,[8 2 5 1 1 6 2 0 0 0 0 0 0 0 0 0 0 0 0 0 0 0 0 0 0],"tf.Tensor([2.593118  1.8171211 1.8860962 2.874786  2.9986987 1.       ], shape=(6,), dtype=float32)",0.0,[8 3 5 1 1 6 2 0 0 0 0 0 0 0 0 0 0 0 0 0 0 0 0 0 0],False,"tf.Tensor(
[[2.593118  1.8171211 1.8860962 2.874786  2.9986987 2.5535002 3.7939477
  2.8147857 3.217455  1.9310918 3.0360968 2.448251  3.6784875 2.4572678
  3.4858792 3.5112696 3.733469  3.6446886]], shape=(1, 18), dtype=float32)"
1048,[8 3 5 1 1 6 2 0 0 0 0 0 0 0 0 0 0 0 0 0 0 0 0 0 0],"tf.Tensor([2.6638    1.8356711 1.9983186 2.8944974 3.0998535 1.       ], shape=(6,), dtype=float32)",4.0,[9 1 0 0 0 0 0 5 1 1 6 2 0 2 0 0 0 0 0 0 0 0 0 0 0],False,"tf.Tensor(
[[2.6638    1.8356711 1.9983186 2.8944974 3.0998535 2.6205034 3.9521947
  2.881977  3.3909883 2.0462606 3.081783  2.448939  3.817632  2.46913
  3.6238742 3.6384127 3.7849684 3.729896 ]], shape=(1, 18), dtype=float32)"
1049,[9 1 0 0 0 0 0 5 1 1 6 2 0 2 0 0 0 0 0 0 0 0 0 0 0],"tf.Tensor([ 3.4741201  2.7386248  1.7582833  2.9128902  2.712475  11.       ], shape=(6,), dtype=float32)",0.5,[9 2 6 2 3 2 4 0 0 0 0 0 0 2 0 0 0 0 0 0 0 0 0 0 0],False,"tf.Tensor(
[[3.4741201 2.7386248 1.7582833 2.9128902 2.712475  3.365884  3.884832
  3.3328156 3.75766   1.4803617 3.2673903 2.988785  3.8955457 3.7353377
  3.5514717 3.498286  4.776232  3.0322714]], shape=(1, 18), dtype=float32)"
1050,[9 2 6 2 3 2 4 0 0 0 0 0 0 2 0 0 0 0 0 0 0 0 0 0 0],"tf.Tensor([3.174657  2.8147075 2.1671393 3.364208  3.4630444 7.       ], shape=(6,), dtype=float32)",0.0,[9 3 6 2 3 2 4 0 0 0 0 0 0 2 0 0 0 0 0 0 0 0 0 0 0],False,"tf.Tensor(
[[3.174657  2.8147075 2.1671393 3.364208  3.4630444 2.5789847 3.5143778
  3.3234818 3.6183882 2.2915251 3.7030883 2.9364605 4.371532  2.5759182
  4.013619  4.3236046 4.049265  4.1607103]], shape=(1, 18), dtype=float32)"
1051,[9 3 6 2 3 2 4 0 0 0 0 0 0 2 0 0 0 0 0 0 0 0 0 0 0],"tf.Tensor([3.2514784 2.8568308 2.3086455 3.4020967 3.553014  7.       ], shape=(6,), dtype=float32)",0.0,[10 1 0 0 0 0 0 6 2 3 2 4 0 2 0 0 0 0 0 0 0 0 0 0 0],False,"tf.Tensor(
[[3.2514784 2.8568308 2.3086455 3.4020967 3.553014  2.640418  3.6653109
  3.4109342 3.8041887 2.3940852 3.7844908 2.9610422 4.500177  2.5977838
  4.151333  4.4261713 4.131669  4.2439394]], shape=(1, 18), dtype=float32)"
1052,[10 1 0 0 0 0 0 6 2 3 2 4 0 2 0 0 0 0 0 0 0 0 0 0 0],"tf.Tensor([ 3.5691805  2.8317258  1.7207828  2.9579146  3.0707393 11.       ], shape=(6,), dtype=float32)",0.5,[10 2 3 4 3 4 5 0 0 0 0 0 0 2 0 0 0 0 0 0 0 0 0 0 0],False,"tf.Tensor(
[[3.5691805 2.8317258 1.7207828 2.9579146 3.0707393 3.7340107 4.4398837
  3.5477238 3.794697  1.5251279 3.360979  2.9293525 4.4137826 4.2024074
  3.8942    3.7711399 5.0153475 3.314354 ]], shape=(1, 18), dtype=float32)"
1053,[10 2 3 4 3 4 5 0 0 0 0 0 0 2 0 0 0 0 0 0 0 0 0 0 0],"tf.Tensor([ 3.6060736  2.7426987  2.1327715  3.4350474  3.1109488 10.       ], shape=(6,), dtype=float32)",0.0,[10 3 3 4 3 4 5 0 0 0 0 0 0 2 0 0 0 0 0 0 0 0 0 0 0],False,"tf.Tensor(
[[3.6060736 2.7426987 2.1327715 3.4350474 3.1109488 2.7767928 3.4961293
  3.637668  3.7307754 2.2425177 3.909573  2.8428965 4.302705  2.6456668
  3.9627159 4.427046  3.798318  4.4134564]], shape=(1, 18), dtype=float32)"
1054,[10 3 3 4 3 4 5 0 0 0 0 0 0 2 0 0 0 0 0 0 0 0 0 0 0],"tf.Tensor([ 3.6105697  2.7722368  2.2511582  3.4470987  3.1932912 10.       ], shape=(6,), dtype=float32)",0.0,[11 1 0 0 0 0 0 3 4 3 4 5 0 2 0 0 0 0 0 0 0 0 0 0 0],False,"tf.Tensor(
[[3.6105697 2.7722368 2.2511582 3.4470987 3.1932912 2.8119447 3.5954645
  3.6582844 3.8745408 2.3336203 3.9682791 2.8699403 4.4051056 2.6227493
  4.0735593 4.5100727 3.8214443 4.4954863]], shape=(1, 18), dtype=float32)"
1055,[11 1 0 0 0 0 0 3 4 3 4 5 0 2 0 0 0 0 0 0 0 0 0 0 0],"tf.Tensor([3.8596625 3.0074356 1.7130805 2.981736  3.5135648 1.       ], shape=(6,), dtype=float32)",0.5,[11 2 2 2 3 5 2 0 0 0 0 0 0 2 0 0 0 0 0 0 0 0 0 0 0],False,"tf.Tensor(
[[3.8596625 3.0074356 1.7130805 2.981736  3.5135648 3.842187  4.991229
  3.7356775 4.30023   1.7069836 3.7355177 3.1250083 4.615557  4.602171
  3.8180296 4.3969064 4.8738046 3.6425552]], shape=(1, 18), dtype=float32)"
1056,[11 2 2 2 3 5 2 0 0 0 0 0 0 2 0 0 0 0 0 0 0 0 0 0 0],"tf.Tensor([ 3.0474973  1.7822204  1.6640342  3.1163964  2.3378637 10.       ], shape=(6,), dtype=float32)",0.0,[11 3 2 2 3 5 2 0 0 0 0 0 0 2 0 0 0 0 0 0 0 0 0 0 0],False,"tf.Tensor(
[[3.0474973 1.7822204 1.6640342 3.1163964 2.3378637 2.5616431 3.715455
  3.4401228 3.0615208 1.7701519 3.7043395 2.9696016 3.4322255 2.2622204
  3.4091256 4.142276  3.1411276 4.0970197]], shape=(1, 18), dtype=float32)"
1057,[11 3 2 2 3 5 2 0 0 0 0 0 0 2 0 0 0 0 0 0 0 0 0 0 0],"tf.Tensor([ 3.0848193  1.7942603  1.7843045  3.1300125  2.422559  10.       ], shape=(6,), dtype=float32)",0.0,[12 1 0 0 0 0 0 2 2 3 5 2 0 2 0 0 0 0 0 0 0 0 0 0 0],False,"tf.Tensor(
[[3.0848193 1.7942603 1.7843045 3.1300125 2.422559  2.636375  3.819524
  3.4720166 3.2534938 1.8716867 3.767212  2.9963946 3.5164728 2.25667
  3.538008  4.2181015 3.1783006 4.173088 ]], shape=(1, 18), dtype=float32)"
1058,[12 1 0 0 0 0 0 2 2 3 5 2 0 2 0 0 0 0 0 0 0 0 0 0 0],"tf.Tensor([ 3.7736907  2.549526   1.4798567  3.0345466  2.9186234 11.       ], shape=(6,), dtype=float32)",0.5,[12 2 3 4 5 6 1 0 0 0 0 0 0 2 0 0 0 0 0 0 0 0 0 0 0],False,"tf.Tensor(
[[3.7736907 2.549526  1.4798567 3.0345466 2.9186234 3.6369352 4.4185395
  3.3415947 3.8860016 1.4675577 3.2767665 2.927412  4.028482  4.1040826
  3.440734  4.086603  4.49535   3.5725408]], shape=(1, 18), dtype=float32)"
1059,[12 2 3 4 5 6 1 0 0 0 0 0 0 2 0 0 0 0 0 0 0 0 0 0 0],"tf.Tensor([ 3.80515    2.2930052  2.226259   3.862841   2.9331362 10.       ], shape=(6,), dtype=float32)",0.0,[12 3 3 4 5 6 1 0 0 0 0 0 0 2 0 0 0 0 0 0 0 0 0 0 0],False,"tf.Tensor(
[[3.80515   2.2930052 2.226259  3.862841  2.9331362 2.905998  4.5062947
  4.4166713 3.7218    2.2881284 4.5439634 3.624273  4.282432  2.4720302
  4.3439016 5.290052  3.875224  5.0870113]], shape=(1, 18), dtype=float32)"
1060,[12 3 3 4 5 6 1 0 0 0 0 0 0 2 0 0 0 0 0 0 0 0 0 0 0],"tf.Tensor([ 3.854662   2.3176425  2.3399887  3.879698   3.0298421 10.       ], shape=(6,), dtype=float32)",0.0,[13 1 0 0 0 0 0 3 4 5 6 1 0 2 0 0 0 0 0 0 0 0 0 0 0],False,"tf.Tensor(
[[3.854662  2.3176425 2.3399887 3.879698  3.0298421 2.9782107 4.6534753
  4.47257   3.9094553 2.3983028 4.617586  3.6661294 4.3855457 2.5118134
  4.4633365 5.387733  3.9314187 5.166388 ]], shape=(1, 18), dtype=float32)"
1061,[13 1 0 0 0 0 0 3 4 5 6 1 0 2 0 0 0 0 0 0 0 0 0 0 0],"tf.Tensor([4.2784586 2.9692593 1.7560003 3.6409533 3.6308863 1.       ], shape=(6,), dtype=float32)",0.5,[13 2 6 1 2 6 5 0 0 0 0 0 0 2 0 0 0 0 0 0 0 0 0 0 0],False,"tf.Tensor(
[[4.2784586 2.9692593 1.7560003 3.6409533 3.6308863 4.4985547 5.801847
  3.7535245 4.615731  1.4434288 3.799512  3.2116442 5.045458  5.1132774
  4.1251183 4.8345294 5.7090774 3.9721894]], shape=(1, 18), dtype=float32)"
1062,[13 2 6 1 2 6 5 0 0 0 0 0 0 2 0 0 0 0 0 0 0 0 0 0 0],"tf.Tensor([3.7045822 2.7831604 2.117071  4.0809574 3.6748762 7.       ], shape=(6,), dtype=float32)",0.0,[13 3 6 1 2 6 5 0 0 0 0 0 0 2 0 0 0 0 0 0 0 0 0 0 0],False,"tf.Tensor(
[[3.7045822 2.7831604 2.117071  4.0809574 3.6748762 3.1929193 4.4115844
  3.8944972 3.7926366 2.308114  4.2966337 3.346291  5.0250983 3.1726396
  4.497948  5.0085235 4.584497  4.989046 ]], shape=(1, 18), dtype=float32)"
1063,[13 3 6 1 2 6 5 0 0 0 0 0 0 2 0 0 0 0 0 0 0 0 0 0 0],"tf.Tensor([3.770723  2.7836154 2.2350674 4.087203  3.771513  7.       ], shape=(6,), dtype=float32)",0.0,[14 1 0 0 0 0 0 6 1 2 6 5 0 2 0 0 0 0 0 0 0 0 0 0 0],True,"tf.Tensor(
[[3.770723  2.7836154 2.2350674 4.087203  3.771513  3.2867582 4.555422
  3.943187  4.0005846 2.4253478 4.3576565 3.3523765 5.1319532 3.1855896
  4.6337585 5.112621  4.619416  5.0913024]], shape=(1, 18), dtype=float32)"
1064,[1 1 0 0 0 0 0 5 2 2 2 3 0 0 0 0 0 0 0 0 0 0 0 0 0],[0 1 0 0 1 2],0.2,[1 2 2 3 0 0 0 5 0 4 2 0 0 0 0 0 0 0 0 0 0 0 0 0 0],False,"tf.Tensor(
[[1.9283917 2.3899353 1.2853724 1.3672326 2.89204   2.4082887 2.4440608
  1.6692688 3.0323591 1.2364944 1.9601245 1.7231696 2.873229  2.6766627
  2.5039964 2.1062717 3.264646  1.8322648]], shape=(1, 18), dtype=float32)"
1065,[1 2 2 3 0 0 0 5 0 4 2 0 0 0 0 0 0 0 0 0 0 0 0 0 0],"tf.Tensor([ 1.8824652  2.4618323  1.4737053  1.869534   3.008087  11.       ], shape=(6,), dtype=float32)",0.30000000000000004,[1 3 2 3 5 4 2 0 0 0 0 0 0 0 0 0 0 0 0 0 0 0 0 0 0],False,"tf.Tensor(
[[1.8824652 2.4618323 1.4737053 1.869534  3.008087  2.2935045 2.4598846
  1.7993402 2.9099681 1.8612878 2.1030867 1.9323418 3.3572228 2.7300568
  3.0200725 2.338074  3.5027485 2.3052907]], shape=(1, 18), dtype=float32)"
1066,[1 3 2 3 5 4 2 0 0 0 0 0 0 0 0 0 0 0 0 0 0 0 0 0 0],"tf.Tensor([ 2.7254815  2.4464245  2.0715818  2.6949115  2.4758973 10.       ], shape=(6,), dtype=float32)",0.0,[2 1 0 0 0 0 0 5 2 2 2 3 0 0 0 0 0 0 0 0 0 0 0 0 0],False,"tf.Tensor(
[[2.7254815 2.4464245 2.0715818 2.6949115 2.4758973 1.940088  2.3505497
  2.860906  3.2196546 1.9002388 2.8416324 2.2023451 3.0300064 1.5759995
  3.2536347 3.2694693 3.2495644 3.0521052]], shape=(1, 18), dtype=float32)"
1067,[2 1 0 0 0 0 0 5 2 2 2 3 0 0 0 0 0 0 0 0 0 0 0 0 0],"tf.Tensor([ 2.0091407  2.3818579  1.286888   1.4361401  2.9072356 11.       ], shape=(6,), dtype=float32)",0.5,[2 2 3 5 2 2 3 0 0 0 0 0 0 0 0 0 0 0 0 0 0 0 0 0 0],False,"tf.Tensor(
[[2.0091407 2.3818579 1.286888  1.4361401 2.9072356 2.5123165 2.6052122
  1.7725099 3.1012595 1.2545952 1.9969853 1.7701029 2.9323614 2.792642
  2.5641854 2.180171  3.3575866 1.8809216]], shape=(1, 18), dtype=float32)"
1068,[2 2 3 5 2 2 3 0 0 0 0 0 0 0 0 0 0 0 0 0 0 0 0 0 0],"tf.Tensor([2.4895144 2.3064253 1.8069195 2.3202968 2.6300633 3.       ], shape=(6,), dtype=float32)",0.0,[2 3 3 5 2 2 3 0 0 0 0 0 0 0 0 0 0 0 0 0 0 0 0 0 0],False,"tf.Tensor(
[[2.4895144 2.3064253 1.8069195 2.3202968 2.6300633 2.0059764 2.2188892
  2.3246264 3.1232913 1.8956462 2.4465182 1.5853146 3.0655155 1.8483584
  2.9768066 2.9144301 2.902244  2.8175569]], shape=(1, 18), dtype=float32)"
1069,[2 3 3 5 2 2 3 0 0 0 0 0 0 0 0 0 0 0 0 0 0 0 0 0 0],"tf.Tensor([2.553896  2.3389645 1.9177401 2.328943  2.7189922 3.       ], shape=(6,), dtype=float32)",0.0,[3 1 0 0 0 0 0 3 5 2 2 3 0 0 0 0 0 0 0 0 0 0 0 0 0],False,"tf.Tensor(
[[2.553896  2.3389645 1.9177401 2.328943  2.7189922 2.0652146 2.3715901
  2.3833828 3.288243  1.9718996 2.533999  1.57374   3.192669  1.9039228
  3.0816576 2.997283  2.9443803 2.8825192]], shape=(1, 18), dtype=float32)"
1070,[3 1 0 0 0 0 0 3 5 2 2 3 0 0 0 0 0 0 0 0 0 0 0 0 0],"tf.Tensor([2.2933207 2.222834  1.2508678 1.8169758 2.734072  7.       ], shape=(6,), dtype=float32)",0.5,[3 2 3 6 1 1 6 0 0 0 0 0 0 0 0 0 0 0 0 0 0 0 0 0 0],False,"tf.Tensor(
[[2.2933207 2.222834  1.2508678 1.8169758 2.734072  2.3051338 2.6781378
  2.0666513 2.8557515 1.3980033 2.3714497 1.8061332 3.0525725 2.7759142
  2.4649293 2.7206979 2.977449  2.373274 ]], shape=(1, 18), dtype=float32)"
1071,[3 2 3 6 1 1 6 0 0 0 0 0 0 0 0 0 0 0 0 0 0 0 0 0 0],"tf.Tensor([2.8489861 2.7255805 2.0774336 2.467462  3.0033696 7.       ], shape=(6,), dtype=float32)",0.0,[3 3 3 6 1 1 6 0 0 0 0 0 0 0 0 0 0 0 0 0 0 0 0 0 0],False,"tf.Tensor(
[[2.8489861 2.7255805 2.0774336 2.467462  3.0033696 2.0887012 2.1777158
  2.436954  3.3827171 2.1652846 2.7712758 1.5223069 3.5374057 2.32723
  3.1955066 3.2975132 2.940148  3.0928519]], shape=(1, 18), dtype=float32)"
1072,[3 3 3 6 1 1 6 0 0 0 0 0 0 0 0 0 0 0 0 0 0 0 0 0 0],[0 1 1 0 0 0],2.0,[4 1 0 0 0 0 0 3 6 1 1 6 2 0 0 0 0 0 0 0 0 0 0 0 0],False,"tf.Tensor(
[[2.8858747 2.7203755 2.1815505 2.5118446 3.0810096 2.171123  2.3622708
  2.50853   3.5557709 2.2580671 2.8499813 1.4871066 3.645619  2.323969
  3.3349519 3.3709671 3.0086598 3.1660657]], shape=(1, 18), dtype=float32)"
1073,[4 1 0 0 0 0 0 3 6 1 1 6 2 0 0 0 0 0 0 0 0 0 0 0 0],"tf.Tensor([2.649674  2.7178738 1.436785  2.0243998 3.0980027 7.       ], shape=(6,), dtype=float32)",0.5,[4 2 6 6 6 3 5 0 0 0 0 0 2 0 0 0 0 0 0 0 0 0 0 0 0],False,"tf.Tensor(
[[2.649674  2.7178738 1.436785  2.0243998 3.0980027 2.557959  2.8477583
  2.513131  3.2332273 1.6800103 2.6929533 1.9889021 3.467276  3.107792
  2.9654913 3.0336158 3.3414237 2.7332   ]], shape=(1, 18), dtype=float32)"
1074,[4 2 6 6 6 3 5 0 0 0 0 0 2 0 0 0 0 0 0 0 0 0 0 0 0],"tf.Tensor([4.147798  3.7982461 2.784421  4.0001717 4.0028076 9.       ], shape=(6,), dtype=float32)",0.0,[4 3 6 6 6 3 5 0 0 0 0 0 2 0 0 0 0 0 0 0 0 0 0 0 0],False,"tf.Tensor(
[[4.147798  3.7982461 2.784421  4.0001717 4.0028076 3.0696137 3.3586702
  4.0202637 4.777219  2.9587932 4.124715  2.9642172 4.8537016 2.8215024
  4.9175553 4.834958  4.8634987 4.68138  ]], shape=(1, 18), dtype=float32)"
1075,[4 3 6 6 6 3 5 0 0 0 0 0 2 0 0 0 0 0 0 0 0 0 0 0 0],"tf.Tensor([4.187204  3.8218968 2.8929667 4.0345573 4.0836525 9.       ], shape=(6,), dtype=float32)",0.0,[5 1 0 0 0 0 0 6 6 6 3 5 2 0 0 0 0 0 0 0 0 0 0 0 0],False,"tf.Tensor(
[[4.187204  3.8218968 2.8929667 4.0345573 4.0836525 3.1240718 3.5364847
  4.078714  4.91154   3.0361762 4.222596  2.9933665 4.9872046 2.861159
  5.045261  4.9471035 4.9272265 4.7681365]], shape=(1, 18), dtype=float32)"
1076,[5 1 0 0 0 0 0 6 6 6 3 5 2 0 0 0 0 0 0 0 0 0 0 0 0],"tf.Tensor([3.7519662 3.6173372 2.0275898 2.6952035 4.357245  7.       ], shape=(6,), dtype=float32)",0.5,[5 2 5 3 5 5 1 0 0 0 0 0 2 0 0 0 0 0 0 0 0 0 0 0 0],False,"tf.Tensor(
[[3.7519662 3.6173372 2.0275898 2.6952035 4.357245  4.0397367 4.437184
  3.216443  4.72186   2.074475  3.4968765 2.824953  5.179677  4.7455106
  4.0576215 4.1963024 5.160697  3.5903962]], shape=(1, 18), dtype=float32)"
1077,[5 2 5 3 5 5 1 0 0 0 0 0 2 0 0 0 0 0 0 0 0 0 0 0 0],[1 1 0 1 1 3],0.0,[5 3 5 3 5 5 1 0 0 0 0 0 2 0 0 0 0 0 0 0 0 0 0 0 0],False,"tf.Tensor(
[[3.400121  2.8649662 2.3719835 3.3368742 3.1912243 2.5126963 3.290194
  3.6201923 3.8788671 2.1906028 3.563927  3.0876765 3.91812   2.033933
  3.9742622 4.2920895 4.1334925 4.015568 ]], shape=(1, 18), dtype=float32)"
1078,[5 3 5 3 5 5 1 0 0 0 0 0 2 0 0 0 0 0 0 0 0 0 0 0 0],"tf.Tensor([ 3.4231353  2.8718228  2.4830558  3.3775449  3.2466552 10.       ], shape=(6,), dtype=float32)",0.0,[6 1 0 0 0 0 0 5 3 5 5 1 2 0 0 0 0 0 0 0 0 0 0 0 0],False,"tf.Tensor(
[[3.4231353 2.8718228 2.4830558 3.3775449 3.2466552 2.5593834 3.4527092
  3.6675217 3.9911606 2.2730832 3.6372323 3.1150959 4.051939  2.0501869
  4.1124463 4.376064  4.208685  4.097617 ]], shape=(1, 18), dtype=float32)"
1079,[6 1 0 0 0 0 0 5 3 5 5 1 2 0 0 0 0 0 0 0 0 0 0 0 0],"tf.Tensor([ 3.1158886  2.718771   1.2417208  2.6271605  3.4418383 11.       ], shape=(6,), dtype=float32)",0.5,[6 2 3 3 1 4 6 0 0 0 0 0 2 0 0 0 0 0 0 0 0 0 0 0 0],False,"tf.Tensor(
[[3.1158886 2.718771  1.2417208 2.6271605 3.4418383 3.7566946 4.029797
  2.547199  3.6742213 1.3584757 2.7858105 2.4174767 4.208363  4.191546
  3.4054809 3.3972526 4.714715  2.9870143]], shape=(1, 18), dtype=float32)"
1080,[6 2 3 3 1 4 6 0 0 0 0 0 2 0 0 0 0 0 0 0 0 0 0 0 0],"tf.Tensor([2.9420485 2.580915  1.8006932 2.7323349 2.8267872 7.       ], shape=(6,), dtype=float32)",0.0,[6 3 3 3 1 4 6 0 0 0 0 0 2 0 0 0 0 0 0 0 0 0 0 0 0],False,"tf.Tensor(
[[2.9420485 2.580915  1.8006932 2.7323349 2.8267872 2.186368  2.3406901
  2.7354002 3.1164    1.9612743 2.926714  1.9004158 3.6237223 2.2301323
  3.2057652 3.299142  3.1711073 3.373389 ]], shape=(1, 18), dtype=float32)"
1081,[6 3 3 3 1 4 6 0 0 0 0 0 2 0 0 0 0 0 0 0 0 0 0 0 0],"tf.Tensor([2.9797745 2.6024384 1.9564651 2.7663627 2.9121633 7.       ], shape=(6,), dtype=float32)",0.0,[7 1 0 0 0 0 0 3 3 1 4 6 2 0 0 0 0 0 0 0 0 0 0 0 0],False,"tf.Tensor(
[[2.9797745 2.6024384 1.9564651 2.7663627 2.9121633 2.2355175 2.5072713
  2.81281   3.2857265 2.0893447 2.9952528 1.9183695 3.7582693 2.2131367
  3.3841758 3.3817728 3.2600667 3.465315 ]], shape=(1, 18), dtype=float32)"
1082,[7 1 0 0 0 0 0 3 3 1 4 6 2 0 0 0 0 0 0 0 0 0 0 0 0],"tf.Tensor([ 2.9903896  2.6714792  1.6194006  2.0261385  3.2122614 11.       ], shape=(6,), dtype=float32)",0.5,[7 2 1 6 1 5 2 0 0 0 0 0 2 0 0 0 0 0 0 0 0 0 0 0 0],False,"tf.Tensor(
[[2.9903896 2.6714792 1.6194006 2.0261385 3.2122614 3.202145  3.8356333
  2.7882457 3.8319576 1.456374  2.7566454 2.3234992 3.8075287 3.5714865
  3.1627066 3.3912554 3.9494908 2.7627285]], shape=(1, 18), dtype=float32)"
1083,[7 2 1 6 1 5 2 0 0 0 0 0 2 0 0 0 0 0 0 0 0 0 0 0 0],"tf.Tensor([ 2.9551878  2.2951045  1.7692713  2.4925785  2.5459628 12.       ], shape=(6,), dtype=float32)",0.0,[7 3 1 6 1 5 2 0 0 0 0 0 2 0 0 0 0 0 0 0 0 0 0 0 0],False,"tf.Tensor(
[[2.9551878 2.2951045 1.7692713 2.4925785 2.5459628 2.2445517 2.6995454
  2.9558759 3.2702248 1.7770499 2.882306  2.162961  3.21017   2.0144455
  2.9737682 3.2926924 2.9862218 3.3226025]], shape=(1, 18), dtype=float32)"
1084,[7 3 1 6 1 5 2 0 0 0 0 0 2 0 0 0 0 0 0 0 0 0 0 0 0],[0 0 1 1 0 8],0.0,[8 1 0 0 0 0 0 1 6 1 5 2 2 0 0 0 0 0 0 0 0 0 0 0 0],False,"tf.Tensor(
[[2.9753852 2.300287  1.9198595 2.5228255 2.623343  2.296382  2.8606005
  3.0041616 3.4270675 1.8947222 2.9522524 2.2127059 3.3430955 1.9990442
  3.1204093 3.403186  3.0526016 3.4196534]], shape=(1, 18), dtype=float32)"
1085,[8 1 0 0 0 0 0 1 6 1 5 2 2 0 0 0 0 0 0 0 0 0 0 0 0],"tf.Tensor([ 3.1830242  2.2491746  1.4616082  2.8547149  2.9759629 11.       ], shape=(6,), dtype=float32)",0.5,[8 2 2 6 6 5 5 0 0 0 0 0 2 0 0 0 0 0 0 0 0 0 0 0 0],False,"tf.Tensor(
[[3.1830242 2.2491746 1.4616082 2.8547149 2.9759629 2.9621654 3.688336
  2.8760858 3.3302517 1.4933012 3.2358904 2.452504  3.7847135 3.4352682
  3.0393112 3.4970138 3.9778388 3.187714 ]], shape=(1, 18), dtype=float32)"
1086,[8 2 2 6 6 5 5 0 0 0 0 0 2 0 0 0 0 0 0 0 0 0 0 0 0],"tf.Tensor([ 4.459751   3.6465504  2.782621   4.1030517  3.5571065 10.       ], shape=(6,), dtype=float32)",0.0,[8 3 2 6 6 5 5 0 0 0 0 0 2 0 0 0 0 0 0 0 0 0 0 0 0],False,"tf.Tensor(
[[4.459751  3.6465504 2.782621  4.1030517 3.5571065 3.022132  3.3416033
  4.425753  4.6104603 2.693212  4.353506  3.0254443 4.716198  2.5178115
  4.740742  5.0694017 4.502     4.9761777]], shape=(1, 18), dtype=float32)"
1087,[8 3 2 6 6 5 5 0 0 0 0 0 2 0 0 0 0 0 0 0 0 0 0 0 0],"tf.Tensor([ 4.5005264  3.655014   2.8962793  4.1505246  3.6141174 10.       ], shape=(6,), dtype=float32)",0.0,[9 1 0 0 0 0 0 2 6 6 5 5 2 0 0 0 0 0 0 0 0 0 0 0 0],False,"tf.Tensor(
[[4.5005264 3.655014  2.8962793 4.1505246 3.6141174 3.0629673 3.4595284
  4.476798  4.720055  2.7873602 4.4571157 3.0072515 4.8286667 2.5397353
  4.8570766 5.1884217 4.5063396 5.0702457]], shape=(1, 18), dtype=float32)"
1088,[9 1 0 0 0 0 0 2 6 6 5 5 2 0 0 0 0 0 0 0 0 0 0 0 0],"tf.Tensor([ 3.9572444  3.3057544  1.9893221  2.9358034  4.128768  11.       ], shape=(6,), dtype=float32)",0.5,[9 2 2 5 2 1 1 0 0 0 0 0 2 0 0 0 0 0 0 0 0 0 0 0 0],False,"tf.Tensor(
[[3.9572444 3.3057544 1.9893221 2.9358034 4.128768  4.214559  5.1396337
  3.1334147 4.5974684 1.705408  3.5860407 3.2098894 5.266063  5.2273817
  3.8034904 4.684299  5.398546  3.6465697]], shape=(1, 18), dtype=float32)"
1089,[9 2 2 5 2 1 1 0 0 0 0 0 2 0 0 0 0 0 0 0 0 0 0 0 0],"tf.Tensor([ 2.6935556  1.7834295  1.7468534  2.2771626  2.393703  12.       ], shape=(6,), dtype=float32)",0.0,[9 3 2 5 2 1 1 0 0 0 0 0 2 0 0 0 0 0 0 0 0 0 0 0 0],False,"tf.Tensor(
[[2.6935556 1.7834295 1.7468534 2.2771626 2.393703  2.5232866 3.154944
  2.5828447 3.4208968 1.7870913 2.644748  2.370453  3.1754413 1.9017813
  2.9761295 3.452997  2.8403752 3.4724553]], shape=(1, 18), dtype=float32)"
1090,[9 3 2 5 2 1 1 0 0 0 0 0 2 0 0 0 0 0 0 0 0 0 0 0 0],"tf.Tensor([2.8196096 1.8760767 1.8741444 2.303271  2.5221462 3.       ], shape=(6,), dtype=float32)",0.0,[10 1 0 0 0 0 0 2 5 2 1 1 2 0 0 0 0 0 0 0 0 0 0 0 0],False,"tf.Tensor(
[[2.8196096 1.8760767 1.8741444 2.303271  2.5221462 2.629142  3.2461162
  2.6653225 3.6588821 1.8706782 2.7367315 2.4365237 3.2844694 1.9637899
  3.0922308 3.5519996 2.9434965 3.5532978]], shape=(1, 18), dtype=float32)"
1091,[10 1 0 0 0 0 0 2 5 2 1 1 2 0 0 0 0 0 0 0 0 0 0 0 0],[1 0 0 0 1 4],0.2,[10 2 4 4 0 0 0 0 5 2 2 0 2 0 0 0 0 0 0 0 0 0 0 0 0],False,"tf.Tensor(
[[2.9351783 1.8207817 1.3130482 3.0401294 2.636757  2.8566003 3.9474216
  2.9351857 2.8579545 1.4311085 3.148344  2.4371777 3.7490246 3.3876143
  3.0136375 3.253793  3.9279823 3.239706 ]], shape=(1, 18), dtype=float32)"
1092,[10 2 4 4 0 0 0 0 5 2 2 0 2 0 0 0 0 0 0 0 0 0 0 0 0],[0 0 0 0 0 7],0.0,[10 3 4 4 0 0 0 0 4 5 2 0 2 0 0 0 0 0 0 0 0 0 0 0 0],False,"tf.Tensor(
[[3.530304  2.403053  2.030571  3.1519225 3.562315  3.4923675 4.9005537
  3.293904  4.3154945 2.0252895 3.523234  2.8147056 4.5524755 3.8326316
  3.7001586 4.159504  4.6536784 3.7200572]], shape=(1, 18), dtype=float32)"
1093,[10 3 4 4 0 0 0 0 4 5 2 0 2 0 0 0 0 0 0 0 0 0 0 0 0],"tf.Tensor([ 3.8816414  2.6501951  2.3550634  3.1582758  3.7670133 11.       ], shape=(6,), dtype=float32)",0.0,[11 1 0 0 0 0 0 4 6 6 6 4 2 0 0 0 0 0 0 0 0 0 0 0 0],False,"tf.Tensor(
[[3.8816414 2.6501951 2.3550634 3.1582758 3.7670133 3.9338827 5.094414
  3.2013905 4.934693  2.0323763 3.5227647 2.7866054 4.942412  4.0869203
  3.8473356 4.257904  5.159548  3.6888127]], shape=(1, 18), dtype=float32)"
1094,[11 1 0 0 0 0 0 4 6 6 6 4 2 0 0 0 0 0 0 0 0 0 0 0 0],"tf.Tensor([ 4.392948   3.4059515  1.8840766  3.4600465  4.3919845 11.       ], shape=(6,), dtype=float32)",0.5,[11 2 6 6 4 2 5 0 0 0 0 0 2 0 0 0 0 0 0 0 0 0 0 0 0],False,"tf.Tensor(
[[4.392948  3.4059515 1.8840766 3.4600465 4.3919845 5.0005126 6.107971
  3.730408  5.075242  1.68497   3.930817  3.4225461 5.728378  5.843903
  4.4024386 5.0602384 6.193701  4.0637946]], shape=(1, 18), dtype=float32)"
1095,[11 2 6 6 4 2 5 0 0 0 0 0 2 0 0 0 0 0 0 0 0 0 0 0 0],[0 0 1 0 1 6],0.0,[11 3 6 6 4 2 5 0 0 0 0 0 2 0 0 0 0 0 0 0 0 0 0 0 0],False,"tf.Tensor(
[[4.087264  3.4074712 2.5190697 3.9080722 4.04187   3.2077837 4.058062
  3.9905553 4.511047  2.7469416 4.113143  2.968561  5.255167  2.9458141
  4.756925  5.2083716 4.5305295 5.14566  ]], shape=(1, 18), dtype=float32)"
1096,[11 3 6 6 4 2 5 0 0 0 0 0 2 0 0 0 0 0 0 0 0 0 0 0 0],"tf.Tensor([4.1173406 3.407806  2.674872  3.9278667 4.146823  7.       ], shape=(6,), dtype=float32)",0.0,[12 1 0 0 0 0 0 6 6 4 2 5 2 0 0 0 0 0 0 0 0 0 0 0 0],False,"tf.Tensor(
[[4.1173406 3.407806  2.674872  3.9278667 4.146823  3.3150768 4.259533
  4.0242023 4.741769  2.8737392 4.192916  3.0046556 5.3759713 2.972672
  4.9201097 5.3149734 4.6156564 5.229443 ]], shape=(1, 18), dtype=float32)"
1097,[12 1 0 0 0 0 0 6 6 4 2 5 2 0 0 0 0 0 0 0 0 0 0 0 0],"tf.Tensor([ 4.1818523  3.0567238  1.8100926  3.6729305  4.1087623 11.       ], shape=(6,), dtype=float32)",0.5,[12 2 6 3 2 6 1 0 0 0 0 0 2 0 0 0 0 0 0 0 0 0 0 0 0],False,"tf.Tensor(
[[4.1818523 3.0567238 1.8100926 3.6729305 4.1087623 4.481091  5.6118245
  4.01334   4.5084186 1.9346697 4.12215   3.3418612 5.45075   5.126743
  4.574747  4.6457877 5.8158064 4.296383 ]], shape=(1, 18), dtype=float32)"
1098,[12 2 6 3 2 6 1 0 0 0 0 0 2 0 0 0 0 0 0 0 0 0 0 0 0],"tf.Tensor([3.4895406 2.184144  2.3025973 3.5235903 3.6817038 1.       ], shape=(6,), dtype=float32)",0.0,[12 3 6 3 2 6 1 0 0 0 0 0 2 0 0 0 0 0 0 0 0 0 0 0 0],False,"tf.Tensor(
[[3.4895406 2.184144  2.3025973 3.5235903 3.6817038 3.3349786 5.124348
  3.7694407 4.251256  2.463213  3.7878697 3.2695832 4.814994  2.8080642
  4.567698  4.875066  4.5516667 4.79528  ]], shape=(1, 18), dtype=float32)"
1099,[12 3 6 3 2 6 1 0 0 0 0 0 2 0 0 0 0 0 0 0 0 0 0 0 0],"tf.Tensor([3.5414937 2.204467  2.4272149 3.537346  3.7647855 1.       ], shape=(6,), dtype=float32)",4.0,[13 1 0 0 0 0 0 6 3 2 6 1 2 2 0 0 0 0 0 0 0 0 0 0 0],False,"tf.Tensor(
[[3.5414937 2.204467  2.4272149 3.537346  3.7647855 3.4135394 5.2547383
  3.8190076 4.450136  2.586783  3.8439255 3.3114092 4.925611  2.8108418
  4.7082534 4.9725227 4.6109285 4.867608 ]], shape=(1, 18), dtype=float32)"
1100,[13 1 0 0 0 0 0 6 3 2 6 1 2 2 0 0 0 0 0 0 0 0 0 0 0],[1 1 0 0 1 5],0.30000000000000004,[13 2 2 5 2 0 0 0 0 2 5 0 2 2 0 0 0 0 0 0 0 0 0 0 0],False,"tf.Tensor(
[[4.445945  3.2010705 1.7877994 4.1062    3.288713  4.237136  4.9018292
  4.316806  3.9412146 1.7318392 4.134357  3.3471608 5.290306  4.7325573
  4.571359  4.8402944 5.6371417 4.458621 ]], shape=(1, 18), dtype=float32)"
1101,[13 2 2 5 2 0 0 0 0 2 5 0 2 2 0 0 0 0 0 0 0 0 0 0 0],"tf.Tensor([ 4.433522   2.7551024  2.2968986  3.2943609  3.0799835 10.       ], shape=(6,), dtype=float32)",0.2,[13 3 2 5 2 2 5 0 0 0 0 0 2 2 0 0 0 0 0 0 0 0 0 0 0],False,"tf.Tensor(
[[4.433522  2.7551024 2.2968986 3.2943609 3.0799835 3.7116847 4.410136
  3.6750033 4.655254  2.1893296 3.9257865 3.7637694 4.533123  3.631191
  3.9954555 5.225068  4.421286  4.7295947]], shape=(1, 18), dtype=float32)"
1102,[13 3 2 5 2 2 5 0 0 0 0 0 2 2 0 0 0 0 0 0 0 0 0 0 0],"tf.Tensor([ 4.000116   2.764034   2.2354865  3.377106   3.0786493 10.       ], shape=(6,), dtype=float32)",0.0,[14 1 0 0 0 0 0 2 5 2 1 2 2 2 0 0 0 0 0 0 0 0 0 0 0],True,"tf.Tensor(
[[4.000116  2.764034  2.2354865 3.377106  3.0786493 3.5393443 4.1673417
  3.6862862 4.576338  2.2265534 4.0714636 3.300549  4.4310255 3.2042022
  3.860664  4.7300115 4.119486  4.62391  ]], shape=(1, 18), dtype=float32)"
1103,[1 1 0 0 0 0 0 6 6 4 1 1 0 0 0 0 0 0 0 0 0 0 0 0 0],"tf.Tensor([2.7704744 2.8535755 1.7685663 2.5746226 3.4006069 7.       ], shape=(6,), dtype=float32)",0.5,[1 2 6 6 4 1 1 0 0 0 0 0 0 0 0 0 0 0 0 0 0 0 0 0 0],False,"tf.Tensor(
[[2.7704744 2.8535755 1.7685663 2.5746226 3.4006069 2.4900227 2.6340766
  2.4167838 3.5058959 2.029492  3.014617  2.1270704 3.7014394 2.795439
  3.2598538 3.2417722 3.6747122 3.070927 ]], shape=(1, 18), dtype=float32)"
1104,[1 2 6 6 4 1 1 0 0 0 0 0 0 0 0 0 0 0 0 0 0 0 0 0 0],"tf.Tensor([ 2.8447528  2.9299786  2.3588128  2.8673592  3.399981  10.       ], shape=(6,), dtype=float32)",0.0,[1 3 6 6 4 1 1 0 0 0 0 0 0 0 0 0 0 0 0 0 0 0 0 0 0],False,"tf.Tensor(
[[2.8447528 2.9299786 2.3588128 2.8673592 3.399981  2.316492  2.9453514
  2.70851   3.8214407 2.281508  3.1325788 2.6524944 3.7520568 2.303507
  3.7976592 4.032727  3.8211792 3.444955 ]], shape=(1, 18), dtype=float32)"
1105,[1 3 6 6 4 1 1 0 0 0 0 0 0 0 0 0 0 0 0 0 0 0 0 0 0],[1 0 1 0 1 7],0.0,[2 1 0 0 0 0 0 6 6 4 1 1 0 0 0 0 0 0 0 0 0 0 0 0 0],False,"tf.Tensor(
[[2.8994987 2.9322672 2.4734526 2.881022  3.4738216 2.3835862 3.145252
  2.8011293 4.015969  2.3632598 3.2322745 2.6481543 3.8605638 2.3182724
  3.9199233 4.0993624 3.8773038 3.5057094]], shape=(1, 18), dtype=float32)"
1106,[2 1 0 0 0 0 0 6 6 4 1 1 0 0 0 0 0 0 0 0 0 0 0 0 0],"tf.Tensor([ 2.8324494  2.7506452  1.6542393  2.6937     3.3603346 11.       ], shape=(6,), dtype=float32)",0.5,[2 2 4 1 3 5 2 0 0 0 0 0 0 0 0 0 0 0 0 0 0 0 0 0 0],False,"tf.Tensor(
[[2.8324494 2.7506452 1.6542393 2.6937    3.3603346 2.621729  2.853023
  2.5064623 3.4542973 1.9232934 3.1022177 2.2062624 3.72763   2.922251
  3.2683434 3.2857168 3.777221  3.1302786]], shape=(1, 18), dtype=float32)"
1107,[2 2 4 1 3 5 2 0 0 0 0 0 0 0 0 0 0 0 0 0 0 0 0 0 0],"tf.Tensor([ 2.374624   2.1638656  1.6610178  2.307334   2.7005854 11.       ], shape=(6,), dtype=float32)",0.0,[2 3 4 1 3 5 2 0 0 0 0 0 0 0 0 0 0 0 0 0 0 0 0 0 0],False,"tf.Tensor(
[[2.374624  2.1638656 1.6610178 2.307334  2.7005854 1.9973361 2.4017627
  2.3564606 2.934498  1.5864506 2.551128  2.1999094 2.9604204 1.8132614
  2.7751896 2.9881847 3.1220357 2.8083184]], shape=(1, 18), dtype=float32)"
1108,[2 3 4 1 3 5 2 0 0 0 0 0 0 0 0 0 0 0 0 0 0 0 0 0 0],"tf.Tensor([ 2.4067934  2.1598186  1.7799841  2.3551254  2.7453847 11.       ], shape=(6,), dtype=float32)",0.0,[3 1 0 0 0 0 0 4 1 3 5 2 0 0 0 0 0 0 0 0 0 0 0 0 0],False,"tf.Tensor(
[[2.4067934 2.1598186 1.7799841 2.3551254 2.7453847 2.0472255 2.5534396
  2.4166734 3.0536482 1.6478193 2.6356025 2.2379317 3.0506406 1.8381193
  2.8935578 3.0383039 3.2145967 2.8994777]], shape=(1, 18), dtype=float32)"
1109,[3 1 0 0 0 0 0 4 1 3 5 2 0 0 0 0 0 0 0 0 0 0 0 0 0],"tf.Tensor([ 2.2567282  2.5225635  1.4082431  1.5971507  2.965425  11.       ], shape=(6,), dtype=float32)",0.5,[3 2 2 4 4 4 6 0 0 0 0 0 0 0 0 0 0 0 0 0 0 0 0 0 0],False,"tf.Tensor(
[[2.2567282 2.5225635 1.4082431 1.5971507 2.965425  2.9090471 3.1262307
  1.8213454 3.4638436 1.1806998 2.0504556 2.040055  3.2435455 3.2397075
  2.6913977 2.4504642 3.897878  1.9242637]], shape=(1, 18), dtype=float32)"
1110,[3 2 2 4 4 4 6 0 0 0 0 0 0 0 0 0 0 0 0 0 0 0 0 0 0],"tf.Tensor([3.1780806 2.9267917 2.2157135 3.0701933 2.913013  7.       ], shape=(6,), dtype=float32)",0.0,[3 3 2 4 4 4 6 0 0 0 0 0 0 0 0 0 0 0 0 0 0 0 0 0 0],False,"tf.Tensor(
[[3.1780806 2.9267917 2.2157135 3.0701933 2.913013  2.2313337 2.204807
  3.0410728 3.4685562 2.1845856 3.1597395 2.0599189 3.676647  2.0926607
  3.5697172 3.451737  3.569199  3.4555614]], shape=(1, 18), dtype=float32)"
1111,[3 3 2 4 4 4 6 0 0 0 0 0 0 0 0 0 0 0 0 0 0 0 0 0 0],[1 0 0 0 1 4],0.0,[4 1 0 0 0 0 0 2 4 4 4 6 0 0 0 0 0 0 0 0 0 0 0 0 0],False,"tf.Tensor(
[[3.2111633 2.9404926 2.2836404 3.0970626 2.9839027 2.2850401 2.341632
  3.0707185 3.5655963 2.257196  3.2266555 2.0602224 3.8098748 2.145872
  3.6833231 3.529161  3.6174896 3.5386603]], shape=(1, 18), dtype=float32)"
1112,[4 1 0 0 0 0 0 2 4 4 4 6 0 0 0 0 0 0 0 0 0 0 0 0 0],"tf.Tensor([2.8979495 3.0043957 1.9164405 1.8594122 3.30386   7.       ], shape=(6,), dtype=float32)",0.5,[4 2 5 4 5 4 2 0 0 0 0 0 0 0 0 0 0 0 0 0 0 0 0 0 0],False,"tf.Tensor(
[[2.8979495 3.0043957 1.9164405 1.8594122 3.30386   2.787407  3.3321116
  2.2322776 3.5461278 1.5784245 2.780971  2.479637  4.04081   3.9097512
  2.8624213 3.586573  3.7377949 2.640968 ]], shape=(1, 18), dtype=float32)"
1113,[4 2 5 4 5 4 2 0 0 0 0 0 0 0 0 0 0 0 0 0 0 0 0 0 0],"tf.Tensor([ 3.3072433  2.9186823  2.394465   3.302496   3.2206118 10.       ], shape=(6,), dtype=float32)",0.0,[4 3 5 4 5 4 2 0 0 0 0 0 0 0 0 0 0 0 0 0 0 0 0 0 0],False,"tf.Tensor(
[[3.3072433 2.9186823 2.394465  3.302496  3.2206118 2.4602833 3.151363
  3.4905846 3.865192  2.3462632 3.5260615 2.894942  3.9335172 2.1222062
  4.027955  4.1703534 4.0762773 3.9203155]], shape=(1, 18), dtype=float32)"
1114,[4 3 5 4 5 4 2 0 0 0 0 0 0 0 0 0 0 0 0 0 0 0 0 0 0],"tf.Tensor([ 3.3333538  2.942161   2.4965096  3.336947   3.3045423 10.       ], shape=(6,), dtype=float32)",0.0,[5 1 0 0 0 0 0 5 4 5 4 2 0 0 0 0 0 0 0 0 0 0 0 0 0],False,"tf.Tensor(
[[3.3333538 2.942161  2.4965096 3.336947  3.3045423 2.509882  3.3226545
  3.538926  3.9869204 2.4300659 3.6160808 2.931563  4.0741835 2.1715438
  4.153771  4.2681303 4.1458817 4.003486 ]], shape=(1, 18), dtype=float32)"
1115,[5 1 0 0 0 0 0 5 4 5 4 2 0 0 0 0 0 0 0 0 0 0 0 0 0],"tf.Tensor([ 2.9859493  2.7305431  1.4718709  2.4442246  3.5092676 11.       ], shape=(6,), dtype=float32)",0.5,[5 2 2 3 2 5 2 0 0 0 0 0 0 0 0 0 0 0 0 0 0 0 0 0 0],False,"tf.Tensor(
[[2.9859493 2.7305431 1.4718709 2.4442246 3.5092676 3.506939  3.9768214
  2.557495  3.684656  1.4409032 2.8920684 2.5527189 4.246501  4.0977254
  3.2562826 3.4922354 4.501859  2.939075 ]], shape=(1, 18), dtype=float32)"
1116,[5 2 2 3 2 5 2 0 0 0 0 0 0 0 0 0 0 0 0 0 0 0 0 0 0],"tf.Tensor([ 2.493794   1.8955401  1.6007967  2.3298683  2.3427916 10.       ], shape=(6,), dtype=float32)",0.0,[5 3 2 3 2 5 2 0 0 0 0 0 0 0 0 0 0 0 0 0 0 0 0 0 0],False,"tf.Tensor(
[[2.493794  1.8955401 1.6007967 2.3298683 2.3427916 1.8938015 2.5692515
  2.6354713 2.658834  1.7104537 2.5787058 1.9502698 2.9967299 1.7932907
  2.7954123 3.0374272 2.7654526 2.9993153]], shape=(1, 18), dtype=float32)"
1117,[5 3 2 3 2 5 2 0 0 0 0 0 0 0 0 0 0 0 0 0 0 0 0 0 0],"tf.Tensor([ 2.5076804  1.9102405  1.6936665  2.3578775  2.411242  10.       ], shape=(6,), dtype=float32)",0.0,[6 1 0 0 0 0 0 2 3 2 5 2 0 0 0 0 0 0 0 0 0 0 0 0 0],False,"tf.Tensor(
[[2.5076804 1.9102405 1.6936665 2.3578775 2.411242  1.9325972 2.7249668
  2.6747558 2.7690833 1.7799661 2.6478786 1.9866548 3.10981   1.818887
  2.9021666 3.1295254 2.8205924 3.0695796]], shape=(1, 18), dtype=float32)"
1118,[6 1 0 0 0 0 0 2 3 2 5 2 0 0 0 0 0 0 0 0 0 0 0 0 0],"tf.Tensor([ 2.573082   2.10371    1.2335113  1.9494632  2.583733  11.       ], shape=(6,), dtype=float32)",0.5,[6 2 2 4 3 6 6 0 0 0 0 0 0 0 0 0 0 0 0 0 0 0 0 0 0],False,"tf.Tensor(
[[2.573082  2.10371   1.2335113 1.9494632 2.583733  2.8535326 3.5420227
  2.2349038 3.122956  1.1115537 2.2948294 2.0206075 3.2347453 3.3180068
  2.6228244 2.9333735 3.5787284 2.3398607]], shape=(1, 18), dtype=float32)"
1119,[6 2 2 4 3 6 6 0 0 0 0 0 0 0 0 0 0 0 0 0 0 0 0 0 0],"tf.Tensor([3.397194  2.944725  2.1954596 3.2866151 3.0217235 7.       ], shape=(6,), dtype=float32)",0.0,[6 3 2 4 3 6 6 0 0 0 0 0 0 0 0 0 0 0 0 0 0 0 0 0 0],False,"tf.Tensor(
[[3.397194  2.944725  2.1954596 3.2866151 3.0217235 2.3097327 2.5485775
  3.3346007 3.464371  2.216139  3.472093  2.2557995 3.99211   2.231335
  3.700548  3.933372  3.5285707 3.9123476]], shape=(1, 18), dtype=float32)"
1120,[6 3 2 4 3 6 6 0 0 0 0 0 0 0 0 0 0 0 0 0 0 0 0 0 0],"tf.Tensor([3.439311  2.9588146 2.2946625 3.3042014 3.1126943 7.       ], shape=(6,), dtype=float32)",0.0,[7 1 0 0 0 0 0 2 4 3 6 6 0 0 0 0 0 0 0 0 0 0 0 0 0],False,"tf.Tensor(
[[3.439311  2.9588146 2.2946625 3.3042014 3.1126943 2.3727975 2.7046845
  3.3801522 3.5997539 2.32392   3.5282254 2.2407842 4.1189437 2.2842526
  3.822695  4.0193343 3.582568  3.9882998]], shape=(1, 18), dtype=float32)"
1121,[7 1 0 0 0 0 0 2 4 3 6 6 0 0 0 0 0 0 0 0 0 0 0 0 0],[ 0  0  0  1  0 10],0.1,[7 2 3 0 0 0 0 6 2 2 0 3 0 0 0 0 0 0 0 0 0 0 0 0 0],False,"tf.Tensor(
[[3.36792   3.1450179 2.0297813 2.1366932 3.6817594 3.5519016 4.2590976
  2.6505969 4.4081492 1.6275756 3.00101   2.7368414 4.4874716 4.2367773
  3.354423  3.97423   4.5536437 2.9627488]], shape=(1, 18), dtype=float32)"
1122,[7 2 3 0 0 0 0 6 2 2 0 3 0 0 0 0 0 0 0 0 0 0 0 0 0],"tf.Tensor([ 2.7160492  2.680911   1.4901943  2.702948   3.4512463 11.       ], shape=(6,), dtype=float32)",0.4,[7 3 3 6 2 2 3 0 0 0 0 0 0 0 0 0 0 0 0 0 0 0 0 0 0],False,"tf.Tensor(
[[2.7160492 2.680911  1.4901943 2.702948  3.4512463 3.1974354 3.7659395
  2.8723984 3.5934029 1.9281068 3.0576825 2.6621742 3.9071455 3.5710266
  3.8410952 2.9400022 4.6578245 2.9711382]], shape=(1, 18), dtype=float32)"
1123,[7 3 3 6 2 2 3 0 0 0 0 0 0 0 0 0 0 0 0 0 0 0 0 0 0],"tf.Tensor([2.9377108 2.3409665 2.1323683 2.6525626 2.8982806 7.       ], shape=(6,), dtype=float32)",0.0,[8 1 0 0 0 0 0 1 6 4 3 3 0 0 0 0 0 0 0 0 0 0 0 0 0],False,"tf.Tensor(
[[2.9377108 2.3409665 2.1323683 2.6525626 2.8982806 2.4829097 3.1126566
  2.879594  3.6890082 2.18626   2.946228  2.1008885 3.720672  2.0435371
  3.512031  3.631444  3.2391026 3.6472344]], shape=(1, 18), dtype=float32)"
1124,[8 1 0 0 0 0 0 1 6 4 3 3 0 0 0 0 0 0 0 0 0 0 0 0 0],"tf.Tensor([ 3.1324587  2.3134916  1.5161065  2.6486478  3.3070931 11.       ], shape=(6,), dtype=float32)",0.5,[8 2 1 3 5 3 5 0 0 0 0 0 0 0 0 0 0 0 0 0 0 0 0 0 0],False,"tf.Tensor(
[[3.1324587 2.3134916 1.5161065 2.6486478 3.3070931 3.2589087 4.1665
  2.6277504 3.6028762 1.4092519 3.1861892 2.6475    4.0554004 3.9179857
  2.916116  3.627611  4.265413  3.0547366]], shape=(1, 18), dtype=float32)"
1125,[8 2 1 3 5 3 5 0 0 0 0 0 0 0 0 0 0 0 0 0 0 0 0 0 0],"tf.Tensor([ 3.318206   2.4954371  2.006756   3.1720507  2.528005  12.       ], shape=(6,), dtype=float32)",0.0,[8 3 1 3 5 3 5 0 0 0 0 0 0 0 0 0 0 0 0 0 0 0 0 0 0],False,"tf.Tensor(
[[3.318206  2.4954371 2.006756  3.1720507 2.528005  2.4636853 2.5390327
  3.1844192 3.3439708 1.9960358 3.4357023 2.238733  3.6423106 1.9068726
  3.5638773 3.9554825 3.0865076 4.0739822]], shape=(1, 18), dtype=float32)"
1126,[8 3 1 3 5 3 5 0 0 0 0 0 0 0 0 0 0 0 0 0 0 0 0 0 0],[ 0  0  0  0  0 11],0.0,[9 1 0 0 0 0 0 1 3 5 3 5 0 0 0 0 0 0 0 0 0 0 0 0 0],False,"tf.Tensor(
[[3.3458045 2.4968908 2.112297  3.1757574 2.616764  2.5336964 2.668399
  3.2014742 3.4987018 2.0775793 3.5003576 2.2440681 3.7452185 1.9115812
  3.6749475 4.0559616 3.1039171 4.1560035]], shape=(1, 18), dtype=float32)"
1127,[9 1 0 0 0 0 0 1 3 5 3 5 0 0 0 0 0 0 0 0 0 0 0 0 0],"tf.Tensor([ 3.2364883  2.4628227  1.6183063  2.253346   3.153414  11.       ], shape=(6,), dtype=float32)",0.5,[9 2 5 5 6 5 1 0 0 0 0 0 0 0 0 0 0 0 0 0 0 0 0 0 0],False,"tf.Tensor(
[[3.2364883 2.4628227 1.6183063 2.253346  3.153414  3.485014  4.348225
  2.6373804 3.87646   1.3340948 2.8096223 2.5751429 3.9845707 4.1569905
  2.9928215 3.5838075 4.414941  2.725311 ]], shape=(1, 18), dtype=float32)"
1128,[9 2 5 5 6 5 1 0 0 0 0 0 0 0 0 0 0 0 0 0 0 0 0 0 0],"tf.Tensor([ 3.9758718  2.9483957  2.6635149  3.9463794  3.5749533 10.       ], shape=(6,), dtype=float32)",0.0,[9 3 5 5 6 5 1 0 0 0 0 0 0 0 0 0 0 0 0 0 0 0 0 0 0],False,"tf.Tensor(
[[3.9758718 2.9483957 2.6635149 3.9463794 3.5749533 2.9246993 4.3101788
  4.390695  4.1981225 2.62501   4.2272778 3.511475  4.830875  2.4152942
  4.6955404 5.291685  4.5508566 5.0637956]], shape=(1, 18), dtype=float32)"
1129,[9 3 5 5 6 5 1 0 0 0 0 0 0 0 0 0 0 0 0 0 0 0 0 0 0],"tf.Tensor([ 3.9964623  2.9436858  2.7549803  3.9849446  3.6363862 10.       ], shape=(6,), dtype=float32)",0.0,[10 1 0 0 0 0 0 5 5 6 5 1 0 0 0 0 0 0 0 0 0 0 0 0 0],False,"tf.Tensor(
[[3.9964623 2.9436858 2.7549803 3.9849446 3.6363862 2.960823  4.479325
  4.4396653 4.2871976 2.694179  4.319861  3.5265348 4.954105  2.4473748
  4.8037534 5.4073305 4.5790005 5.1518455]], shape=(1, 18), dtype=float32)"
1130,[10 1 0 0 0 0 0 5 5 6 5 1 0 0 0 0 0 0 0 0 0 0 0 0 0],"tf.Tensor([ 3.9005477  2.8436153  1.4822755  3.4757533  3.852567  11.       ], shape=(6,), dtype=float32)",0.5,[10 2 5 5 2 3 1 0 0 0 0 0 0 0 0 0 0 0 0 0 0 0 0 0 0],False,"tf.Tensor(
[[3.9005477 2.8436153 1.4822755 3.4757533 3.852567  4.476821  5.4465
  3.291049  4.3398147 1.4023011 3.6174335 2.9993405 4.9403214 5.0669394
  3.9558127 4.4363866 5.60022   3.7497365]], shape=(1, 18), dtype=float32)"
1131,[10 2 5 5 2 3 1 0 0 0 0 0 0 0 0 0 0 0 0 0 0 0 0 0 0],"tf.Tensor([2.9858685 1.9844891 2.1357245 2.8613162 3.2945304 1.       ], shape=(6,), dtype=float32)",0.0,[10 3 5 5 2 3 1 0 0 0 0 0 0 0 0 0 0 0 0 0 0 0 0 0 0],False,"tf.Tensor(
[[2.9858685 1.9844891 2.1357245 2.8613162 3.2945304 2.9392304 4.352617
  3.1686246 3.9628994 2.3156033 3.2085729 2.8259454 4.1370873 2.355544
  3.9281876 4.2282796 3.7953558 4.148297 ]], shape=(1, 18), dtype=float32)"
1132,[10 3 5 5 2 3 1 0 0 0 0 0 0 0 0 0 0 0 0 0 0 0 0 0 0],"tf.Tensor([3.0740511 2.0510864 2.2750201 2.8837004 3.4187472 1.       ], shape=(6,), dtype=float32)",4.0,[11 1 0 0 0 0 0 5 5 2 3 1 0 2 0 0 0 0 0 0 0 0 0 0 0],False,"tf.Tensor(
[[3.0740511 2.0510864 2.2750201 2.8837004 3.4187472 3.0274131 4.4935822
  3.2502422 4.195749  2.4265866 3.2853355 2.892854  4.2679915 2.393976
  4.0606265 4.325522  3.9006648 4.237283 ]], shape=(1, 18), dtype=float32)"
1133,[11 1 0 0 0 0 0 5 5 2 3 1 0 2 0 0 0 0 0 0 0 0 0 0 0],"tf.Tensor([ 3.7021663  2.5856035  1.442687   3.4584546  3.2287624 11.       ], shape=(6,), dtype=float32)",0.5,[11 2 5 6 5 4 2 0 0 0 0 0 0 2 0 0 0 0 0 0 0 0 0 0 0],False,"tf.Tensor(
[[3.7021663 2.5856035 1.442687  3.4584546 3.2287624 3.7651412 4.7816386
  3.6259444 3.617925  1.4730983 3.71917   2.8015256 4.545984  4.4470725
  3.743291  4.121838  4.7849917 3.783576 ]], shape=(1, 18), dtype=float32)"
1134,[11 2 5 6 5 4 2 0 0 0 0 0 0 2 0 0 0 0 0 0 0 0 0 0 0],[1 1 0 1 0 8],0.0,[11 3 5 6 5 4 2 0 0 0 0 0 0 2 0 0 0 0 0 0 0 0 0 0 0],False,"tf.Tensor(
[[4.197018  3.0858505 2.7587383 4.107739  3.662417  3.0683243 4.544872
  4.638031  4.417012  2.7512584 4.634823  3.7000966 5.0642233 2.6389327
  4.921395  5.5686836 4.60947   5.3682747]], shape=(1, 18), dtype=float32)"
1135,[11 3 5 6 5 4 2 0 0 0 0 0 0 2 0 0 0 0 0 0 0 0 0 0 0],"tf.Tensor([ 4.2320113  3.0922337  2.8695884  4.111877   3.7501564 10.       ], shape=(6,), dtype=float32)",0.0,[12 1 0 0 0 0 0 5 6 5 4 2 0 2 0 0 0 0 0 0 0 0 0 0 0],False,"tf.Tensor(
[[4.2320113 3.0922337 2.8695884 4.111877  3.7501564 3.138334  4.684737
  4.663556  4.5780387 2.8444777 4.692434  3.7085686 5.178585  2.646689
  5.031694  5.677233  4.634018  5.461006 ]], shape=(1, 18), dtype=float32)"
1136,[12 1 0 0 0 0 0 5 6 5 4 2 0 2 0 0 0 0 0 0 0 0 0 0 0],"tf.Tensor([ 4.3515024  3.0497334  1.7260337  3.748382   3.949453  11.       ], shape=(6,), dtype=float32)",0.5,[12 2 1 4 2 1 3 0 0 0 0 0 0 2 0 0 0 0 0 0 0 0 0 0 0],False,"tf.Tensor(
[[4.3515024 3.0497334 1.7260337 3.748382  3.949453  4.722279  5.8326836
  3.9201667 4.5845866 1.5447929 4.1516366 3.2889636 5.415724  5.4377174
  4.2957163 4.877438  5.857731  4.147302 ]], shape=(1, 18), dtype=float32)"
1137,[12 2 1 4 2 1 3 0 0 0 0 0 0 2 0 0 0 0 0 0 0 0 0 0 0],"tf.Tensor([ 3.2788377  2.0534656  1.8040614  2.8210418  2.496967  10.       ], shape=(6,), dtype=float32)",0.0,[12 3 1 4 2 1 3 0 0 0 0 0 0 2 0 0 0 0 0 0 0 0 0 0 0],False,"tf.Tensor(
[[3.2788377 2.0534656 1.8040614 2.8210418 2.496967  2.9453397 3.7219656
  3.2168145 3.7092085 1.9212372 3.4742017 3.0302098 3.5821743 2.6783645
  3.2073283 4.0668507 3.3364813 4.0072937]], shape=(1, 18), dtype=float32)"
1138,[12 3 1 4 2 1 3 0 0 0 0 0 0 2 0 0 0 0 0 0 0 0 0 0 0],"tf.Tensor([ 3.37581    2.148997   1.9089617  2.8338742  2.6008759 10.       ], shape=(6,), dtype=float32)",0.0,[13 1 0 0 0 0 0 1 4 2 1 3 0 2 0 0 0 0 0 0 0 0 0 0 0],False,"tf.Tensor(
[[3.37581   2.148997  1.9089617 2.8338742 2.6008759 2.9814963 3.7759202
  3.287322  3.8596113 1.9986224 3.5673542 3.1033003 3.670112  2.7683716
  3.2808206 4.1684165 3.385464  4.064913 ]], shape=(1, 18), dtype=float32)"
1139,[13 1 0 0 0 0 0 1 4 2 1 3 0 2 0 0 0 0 0 0 0 0 0 0 0],"tf.Tensor([3.5547879 2.4180796 1.5470929 3.2582912 3.1335893 1.       ], shape=(6,), dtype=float32)",0.5,[13 2 6 5 1 6 6 0 0 0 0 0 0 2 0 0 0 0 0 0 0 0 0 0 0],False,"tf.Tensor(
[[3.5547879 2.4180796 1.5470929 3.2582912 3.1335893 3.2120218 4.5098796
  3.5549924 3.673177  1.6137338 3.6528955 2.968959  4.103469  3.8177614
  3.297565  3.9428692 4.362409  3.6797569]], shape=(1, 18), dtype=float32)"
1140,[13 2 6 5 1 6 6 0 0 0 0 0 0 2 0 0 0 0 0 0 0 0 0 0 0],"tf.Tensor([4.220127  3.3683915 2.4191403 4.157247  4.2311873 7.       ], shape=(6,), dtype=float32)",0.0,[13 3 6 5 1 6 6 0 0 0 0 0 0 2 0 0 0 0 0 0 0 0 0 0 0],False,"tf.Tensor(
[[4.220127  3.3683915 2.4191403 4.157247  4.2311873 3.5017831 4.6197906
  4.206836  4.4865546 2.653071  4.4546456 3.4120216 5.602898  3.5676723
  4.790987  5.2977357 4.9982257 5.304537 ]], shape=(1, 18), dtype=float32)"
1141,[13 3 6 5 1 6 6 0 0 0 0 0 0 2 0 0 0 0 0 0 0 0 0 0 0],"tf.Tensor([4.2484965 3.3985317 2.5645304 4.16325   4.330657  7.       ], shape=(6,), dtype=float32)",0.0,[14 1 0 0 0 0 0 6 5 1 6 6 0 2 0 0 0 0 0 0 0 0 0 0 0],True,"tf.Tensor(
[[4.2484965 3.3985317 2.5645304 4.16325   4.330657  3.5771463 4.7571898
  4.2357936 4.691511  2.7616003 4.519828  3.4494958 5.716954  3.556253
  4.935182  5.383788  5.0668273 5.386817 ]], shape=(1, 18), dtype=float32)"
1142,[1 1 0 0 0 0 0 3 3 2 2 2 0 0 0 0 0 0 0 0 0 0 0 0 0],"tf.Tensor([ 1.773249   1.9890475  1.1211883  1.308528   2.413845  11.       ], shape=(6,), dtype=float32)",0.5,[1 2 3 3 2 2 2 0 0 0 0 0 0 0 0 0 0 0 0 0 0 0 0 0 0],False,"tf.Tensor(
[[1.773249  1.9890475 1.1211883 1.308528  2.413845  1.9378479 2.0398798
  1.5320177 2.4923663 1.1837156 1.7964549 1.4661418 2.5197134 2.289258
  2.024813  2.0119958 2.5653841 1.7597547]], shape=(1, 18), dtype=float32)"
1143,[1 2 3 3 2 2 2 0 0 0 0 0 0 0 0 0 0 0 0 0 0 0 0 0 0],"tf.Tensor([2.002285  1.9119233 1.4950804 1.9343647 2.2460074 3.       ], shape=(6,), dtype=float32)",0.0,[1 3 3 3 2 2 2 0 0 0 0 0 0 0 0 0 0 0 0 0 0 0 0 0 0],False,"tf.Tensor(
[[2.002285  1.9119233 1.4950804 1.9343647 2.2460074 1.6771078 1.9034185
  1.91563   2.5755117 1.5252297 2.0919695 1.5351857 2.5315306 1.5529021
  2.4597526 2.418745  2.533957  2.3111973]], shape=(1, 18), dtype=float32)"
1144,[1 3 3 3 2 2 2 0 0 0 0 0 0 0 0 0 0 0 0 0 0 0 0 0 0],"tf.Tensor([2.0479498 1.9401104 1.6027977 1.9644533 2.3378534 3.       ], shape=(6,), dtype=float32)",0.0,[2 1 0 0 0 0 0 3 3 2 2 2 0 0 0 0 0 0 0 0 0 0 0 0 0],False,"tf.Tensor(
[[2.0479498 1.9401104 1.6027977 1.9644533 2.3378534 1.7387335 2.0836787
  1.972606  2.7211943 1.5991219 2.1898315 1.5573965 2.6650934 1.5995638
  2.5814059 2.535703  2.5949628 2.3969028]], shape=(1, 18), dtype=float32)"
1145,[2 1 0 0 0 0 0 3 3 2 2 2 0 0 0 0 0 0 0 0 0 0 0 0 0],"tf.Tensor([ 1.8571664  1.9372215  1.062228   1.3797284  2.3888855 11.       ], shape=(6,), dtype=float32)",0.5,[2 2 3 3 6 4 4 0 0 0 0 0 0 0 0 0 0 0 0 0 0 0 0 0 0],False,"tf.Tensor(
[[1.8571664 1.9372215 1.062228  1.3797284 2.3888855 2.0473711 2.230999
  1.6258959 2.4848855 1.1398792 1.845365  1.5000628 2.5737147 2.423635
  2.0557752 2.1137836 2.6223853 1.8367699]], shape=(1, 18), dtype=float32)"
1146,[2 2 3 3 6 4 4 0 0 0 0 0 0 0 0 0 0 0 0 0 0 0 0 0 0],[ 1  1  1  0  1 10],0.0,[2 3 3 3 6 4 4 0 0 0 0 0 0 0 0 0 0 0 0 0 0 0 0 0 0],False,"tf.Tensor(
[[3.186657  2.97707   2.333855  3.2112005 2.989314  2.315325  2.5823123
  3.2667446 3.6656313 2.1984777 3.311717  2.631285  3.6526306 1.9885222
  3.815074  3.7381494 3.9718757 3.5655212]], shape=(1, 18), dtype=float32)"
1147,[2 3 3 3 6 4 4 0 0 0 0 0 0 0 0 0 0 0 0 0 0 0 0 0 0],[ 1  1  0  1  1 11],0.0,[3 1 0 0 0 0 0 3 3 6 4 4 0 0 0 0 0 0 0 0 0 0 0 0 0],False,"tf.Tensor(
[[3.2338367 2.9879146 2.4343219 3.2708895 3.013663  2.3070798 2.6597025
  3.339661  3.7357545 2.3002303 3.4164445 2.6319442 3.756032  1.9988314
  3.9221535 3.8086367 3.9842982 3.6482024]], shape=(1, 18), dtype=float32)"
1148,[3 1 0 0 0 0 0 3 3 6 4 4 0 0 0 0 0 0 0 0 0 0 0 0 0],"tf.Tensor([2.876049  3.0218425 1.8682268 1.9620538 3.2727861 7.       ], shape=(6,), dtype=float32)",0.5,[3 2 2 1 4 5 4 0 0 0 0 0 0 0 0 0 0 0 0 0 0 0 0 0 0],False,"tf.Tensor(
[[2.876049  3.0218425 1.8682268 1.9620538 3.2727861 2.8186753 3.1159053
  2.2002022 3.389308  1.5641944 2.6881793 2.479378  4.1018796 3.9659958
  2.8272965 3.4188685 3.871992  2.591736 ]], shape=(1, 18), dtype=float32)"
1149,[3 2 2 1 4 5 4 0 0 0 0 0 0 0 0 0 0 0 0 0 0 0 0 0 0],"tf.Tensor([ 2.581717   2.3721223  1.77192    2.7182333  2.3240166 10.       ], shape=(6,), dtype=float32)",0.0,[3 3 2 1 4 5 4 0 0 0 0 0 0 0 0 0 0 0 0 0 0 0 0 0 0],False,"tf.Tensor(
[[2.581717  2.3721223 1.77192   2.7182333 2.3240166 1.746242  1.9625849
  2.6450074 2.6546009 1.6842092 2.8330164 1.9805495 3.0176597 1.6324952
  2.9263785 3.1930685 2.8402567 3.0617092]], shape=(1, 18), dtype=float32)"
1150,[3 3 2 1 4 5 4 0 0 0 0 0 0 0 0 0 0 0 0 0 0 0 0 0 0],"tf.Tensor([ 2.64466    2.3839695  1.8291252  2.7548857  2.4425838 10.       ], shape=(6,), dtype=float32)",0.0,[4 1 0 0 0 0 0 2 1 4 5 4 0 0 0 0 0 0 0 0 0 0 0 0 0],False,"tf.Tensor(
[[2.64466   2.3839695 1.8291252 2.7548857 2.4425838 1.8209357 2.0649447
  2.6759346 2.7460036 1.719999  2.9114335 1.996308  3.1440425 1.6948869
  2.9962888 3.2930086 2.9014115 3.1444626]], shape=(1, 18), dtype=float32)"
1151,[4 1 0 0 0 0 0 2 1 4 5 4 0 0 0 0 0 0 0 0 0 0 0 0 0],"tf.Tensor([ 2.5419374  2.6661174  1.6589979  1.5666046  2.8803604 11.       ], shape=(6,), dtype=float32)",0.5,[4 2 6 2 4 1 4 0 0 0 0 0 0 0 0 0 0 0 0 0 0 0 0 0 0],False,"tf.Tensor(
[[2.5419374 2.6661174 1.6589979 1.5666046 2.8803604 2.7011814 3.0921297
  1.809114  3.37728   1.2735062 2.1406722 2.1968431 3.4417486 3.6046634
  2.5009992 2.8543718 3.7045383 2.0214577]], shape=(1, 18), dtype=float32)"
1152,[4 2 6 2 4 1 4 0 0 0 0 0 0 0 0 0 0 0 0 0 0 0 0 0 0],"tf.Tensor([2.652666  2.659887  1.9882263 2.8164153 3.1234343 7.       ], shape=(6,), dtype=float32)",0.0,[4 3 6 2 4 1 4 0 0 0 0 0 0 0 0 0 0 0 0 0 0 0 0 0 0],False,"tf.Tensor(
[[2.652666  2.659887  1.9882263 2.8164153 3.1234343 2.1789458 2.613589
  2.6620326 3.3191996 2.228919  3.0703197 2.3561482 3.6044347 2.226339
  3.566128  3.484033  3.5878992 3.299728 ]], shape=(1, 18), dtype=float32)"
1153,[4 3 6 2 4 1 4 0 0 0 0 0 0 0 0 0 0 0 0 0 0 0 0 0 0],"tf.Tensor([2.6926856 2.687989  2.0992298 2.8511422 3.229591  7.       ], shape=(6,), dtype=float32)",0.0,[5 1 0 0 0 0 0 6 2 4 1 4 0 0 0 0 0 0 0 0 0 0 0 0 0],False,"tf.Tensor(
[[2.6926856 2.687989  2.0992298 2.8511422 3.229591  2.2481818 2.8075545
  2.712002  3.4692628 2.3008342 3.1663506 2.3881495 3.7573278 2.2802637
  3.688665  3.6042554 3.6609669 3.3921766]], shape=(1, 18), dtype=float32)"
1154,[5 1 0 0 0 0 0 6 2 4 1 4 0 0 0 0 0 0 0 0 0 0 0 0 0],"tf.Tensor([ 2.6194701  2.5912216  1.4281387  2.048873   3.1164725 11.       ], shape=(6,), dtype=float32)",0.5,[5 2 3 3 4 3 2 0 0 0 0 0 0 0 0 0 0 0 0 0 0 0 0 0 0],False,"tf.Tensor(
[[2.6194701 2.5912216 1.4281387 2.048873  3.1164725 3.1013908 3.3522038
  2.4068184 3.4673655 1.463948  2.5025833 2.2131362 3.5999298 3.4213157
  3.1512642 2.7234385 4.136598  2.4543977]], shape=(1, 18), dtype=float32)"
1155,[5 2 3 3 4 3 2 0 0 0 0 0 0 0 0 0 0 0 0 0 0 0 0 0 0],"tf.Tensor([ 2.7482324  2.2517958  1.9444289  2.7322717  2.5274572 10.       ], shape=(6,), dtype=float32)",0.0,[5 3 3 3 4 3 2 0 0 0 0 0 0 0 0 0 0 0 0 0 0 0 0 0 0],False,"tf.Tensor(
[[2.7482324 2.2517958 1.9444289 2.7322717 2.5274572 2.012389  2.675253
  2.9307814 3.0008962 1.9109385 2.9046347 2.2782557 3.3256986 1.7004669
  3.2702422 3.4830368 3.1747963 3.380306 ]], shape=(1, 18), dtype=float32)"
1156,[5 3 3 3 4 3 2 0 0 0 0 0 0 0 0 0 0 0 0 0 0 0 0 0 0],[ 1  0  1  1  0 12],30.0,[6 1 0 0 0 0 0 3 3 4 3 2 0 0 0 0 0 0 0 0 0 0 0 0 15],False,"tf.Tensor(
[[2.7739267 2.2562706 2.031035  2.7688909 2.596818  2.0505934 2.8238769
  2.971266  3.0896723 1.9759545 2.9902027 2.2834063 3.4540436 1.7350991
  3.3691244 3.594616  3.198004  3.4694948]], shape=(1, 18), dtype=float32)"
1157,[6 1 0 0 0 0 0 3 3 4 3 2 0 0 0 0 0 0 0 0 0 0 0 0 15],"tf.Tensor([ 2.6625876  2.2440603  2.9319992  2.8971162  2.3361025 11.       ], shape=(6,), dtype=float32)",0.5,[6 2 2 4 4 3 3 0 0 0 0 0 0 0 0 0 0 0 0 0 0 0 0 0 15],False,"tf.Tensor(
[[2.6625876 2.2440603 2.9319992 2.8971162 2.3361025 2.2723217 3.934321
  3.02829   3.7723317 2.5827794 3.3221993 2.7045214 4.0601363 2.4821181
  3.9621713 3.4209695 4.193409  2.9992888]], shape=(1, 18), dtype=float32)"
1158,[6 2 2 4 4 3 3 0 0 0 0 0 0 0 0 0 0 0 0 0 0 0 0 0 15],"tf.Tensor([2.786089  2.598038  2.8139594 2.9936402 2.3585553 9.       ], shape=(6,), dtype=float32)",0.0,[6 3 2 4 4 3 3 0 0 0 0 0 0 0 0 0 0 0 0 0 0 0 0 0 15],False,"tf.Tensor(
[[2.786089  2.598038  2.8139594 2.9936402 2.3585553 2.018944  4.1786685
  3.7855842 4.2888975 3.522956  4.054654  3.002786  3.823636  2.4967155
  4.810778  4.0098996 3.4505844 3.8163638]], shape=(1, 18), dtype=float32)"
1159,[6 3 2 4 4 3 3 0 0 0 0 0 0 0 0 0 0 0 0 0 0 0 0 0 15],"tf.Tensor([2.8488255 2.589739  2.9597821 3.0043342 2.4386616 9.       ], shape=(6,), dtype=float32)",0.0,[7 1 0 0 0 0 0 2 4 4 3 3 0 0 0 0 0 0 0 0 0 0 0 0 15],False,"tf.Tensor(
[[2.8488255 2.589739  2.9597821 3.0043342 2.4386616 2.0498514 4.2795067
  3.8665435 4.424279  3.6025412 4.138941  3.0571468 3.9601395 2.4528837
  4.930304  4.0682635 3.5133958 3.9065855]], shape=(1, 18), dtype=float32)"
1160,[7 1 0 0 0 0 0 2 4 4 3 3 0 0 0 0 0 0 0 0 0 0 0 0 15],[0 0 0 0 0 2],0.0,[7 2 0 0 0 0 0 5 3 1 3 4 0 0 0 0 0 0 0 0 0 0 0 0 15],False,"tf.Tensor(
[[2.7202497 2.3805053 2.969624  2.9647448 2.5033193 2.3107996 4.204639
  3.1320834 3.9542131 2.6642163 3.5650723 2.8592758 4.2072835 2.743287
  4.0345736 3.7072551 4.2044005 3.1041253]], shape=(1, 18), dtype=float32)"
1161,[7 2 0 0 0 0 0 5 3 1 3 4 0 0 0 0 0 0 0 0 0 0 0 0 15],"tf.Tensor([2.851654  2.3558958 3.145107  2.6173291 2.636985  1.       ], shape=(6,), dtype=float32)",0.5,[7 3 5 3 1 3 4 0 0 0 0 0 0 0 0 0 0 0 0 0 0 0 0 0 15],False,"tf.Tensor(
[[2.851654  2.3558958 3.145107  2.6173291 2.636985  2.6663165 4.656343
  3.3805203 4.322721  2.6409018 3.429538  2.9491413 4.417822  2.8402371
  4.3311644 3.4392784 4.611072  3.0292842]], shape=(1, 18), dtype=float32)"
1162,[7 3 5 3 1 3 4 0 0 0 0 0 0 0 0 0 0 0 0 0 0 0 0 0 15],"tf.Tensor([2.9726725 2.7583544 3.2337785 3.049671  2.8878481 9.       ], shape=(6,), dtype=float32)",0.0,[8 1 0 0 0 0 0 2 6 5 4 6 0 0 0 0 0 0 0 0 0 0 0 0 15],False,"tf.Tensor(
[[2.9726725 2.7583544 3.2337785 3.049671  2.8878481 2.2999005 4.729535
  3.7372806 4.760863  3.6242902 3.8626075 2.9131892 4.543381  2.6261008
  5.1675386 4.1640797 4.215847  3.8233871]], shape=(1, 18), dtype=float32)"
1163,[8 1 0 0 0 0 0 2 6 5 4 6 0 0 0 0 0 0 0 0 0 0 0 0 15],"tf.Tensor([3.4888935 3.1518202 3.3013453 3.183814  3.6940804 7.       ], shape=(6,), dtype=float32)",0.5,[8 2 1 6 1 2 4 0 0 0 0 0 0 0 0 0 0 0 0 0 0 0 0 0 15],False,"tf.Tensor(
[[3.4888935 3.1518202 3.3013453 3.183814  3.6940804 3.250405  5.2086635
  3.6413465 4.9545603 2.928201  4.162576  3.5057552 5.3989635 4.180694
  4.5029225 4.583958  5.2176247 3.6337702]], shape=(1, 18), dtype=float32)"
1164,[8 2 1 6 1 2 4 0 0 0 0 0 0 0 0 0 0 0 0 0 0 0 0 0 15],"tf.Tensor([3.0904975 2.6648326 2.8204546 2.6392705 2.5639007 3.       ], shape=(6,), dtype=float32)",0.0,[8 3 1 6 1 2 4 0 0 0 0 0 0 0 0 0 0 0 0 0 0 0 0 0 15],False,"tf.Tensor(
[[3.0904975 2.6648326 2.8204546 2.6392705 2.5639007 2.4338522 4.7164826
  3.75628   4.8301964 3.4228103 3.9525425 2.8907206 3.913938  2.9744914
  4.5563693 4.1648436 3.5465753 3.67121  ]], shape=(1, 18), dtype=float32)"
1165,[8 3 1 6 1 2 4 0 0 0 0 0 0 0 0 0 0 0 0 0 0 0 0 0 15],"tf.Tensor([3.1251607 2.6272967 2.9695325 2.6414292 2.6000686 3.       ], shape=(6,), dtype=float32)",8.0,[9 1 0 0 0 0 0 1 6 1 2 4 0 0 0 4 0 0 0 0 0 0 0 0 15],False,"tf.Tensor(
[[3.1251607 2.6272967 2.9695325 2.6414292 2.6000686 2.4609888 4.838453
  3.82812   4.960264  3.4925973 4.0285206 2.9629784 4.018677  2.93357
  4.6751666 4.1712527 3.6352649 3.7128496]], shape=(1, 18), dtype=float32)"
1166,[9 1 0 0 0 0 0 1 6 1 2 4 0 0 0 4 0 0 0 0 0 0 0 0 15],"tf.Tensor([2.7081804 1.8852127 2.4616294 3.1264293 1.780452  9.       ], shape=(6,), dtype=float32)",0.5,[9 2 1 5 1 3 4 0 0 0 0 0 0 0 0 4 0 0 0 0 0 0 0 0 15],False,"tf.Tensor(
[[2.7081804 1.8852127 2.4616294 3.1264293 1.780452  1.4651505 3.2948751
  3.874794  2.631566  2.771292  3.5961173 2.961393  3.512542  1.7616286
  4.0013814 3.4927883 3.3710976 3.5710752]], shape=(1, 18), dtype=float32)"
1167,[9 2 1 5 1 3 4 0 0 0 0 0 0 0 0 4 0 0 0 0 0 0 0 0 15],"tf.Tensor([3.0336142 1.8007766 2.5279644 2.9010198 1.6432995 9.       ], shape=(6,), dtype=float32)",0.0,[9 3 1 5 1 3 4 0 0 0 0 0 0 0 0 4 0 0 0 0 0 0 0 0 15],False,"tf.Tensor(
[[3.0336142 1.8007766 2.5279644 2.9010198 1.6432995 2.0563138 3.9720387
  4.179234  3.6556985 3.168381  3.8972187 3.1790125 3.270666  1.6789857
  4.5499434 3.9540157 3.0775926 4.1713862]], shape=(1, 18), dtype=float32)"
1168,[9 3 1 5 1 3 4 0 0 0 0 0 0 0 0 4 0 0 0 0 0 0 0 0 15],"tf.Tensor([3.050466  1.7975001 2.6741214 2.918808  1.7050182 9.       ], shape=(6,), dtype=float32)",0.0,[10 1 0 0 0 0 0 1 5 1 3 4 0 0 0 4 0 0 0 0 0 0 0 0 15],False,"tf.Tensor(
[[3.050466  1.7975001 2.6741214 2.918808  1.7050182 2.094866  4.0926304
  4.194868  3.7961671 3.2203956 3.9567473 3.1951294 3.4211104 1.6495998
  4.6807513 3.9779043 3.1638484 4.220416 ]], shape=(1, 18), dtype=float32)"
1169,[10 1 0 0 0 0 0 1 5 1 3 4 0 0 0 4 0 0 0 0 0 0 0 0 15],"tf.Tensor([2.8051105 1.9510883 2.5976453 3.3221164 1.7124535 9.       ], shape=(6,), dtype=float32)",0.5,[10 2 1 1 6 5 2 0 0 0 0 0 0 0 0 4 0 0 0 0 0 0 0 0 15],False,"tf.Tensor(
[[2.8051105 1.9510883 2.5976453 3.3221164 1.7124535 1.5020258 3.442015
  4.0706596 2.7278092 2.7872999 3.775485  3.211557  3.5808706 1.7364826
  4.192881  3.6059153 3.6211216 3.6598744]], shape=(1, 18), dtype=float32)"
1170,[10 2 1 1 6 5 2 0 0 0 0 0 0 0 0 4 0 0 0 0 0 0 0 0 15],"tf.Tensor([3.126989   1.7683669  2.5520856  3.8471277  0.91082466 9.        ], shape=(6,), dtype=float32)",0.0,[10 3 1 1 6 5 2 0 0 0 0 0 0 0 0 4 0 0 0 0 0 0 0 0 15],False,"tf.Tensor(
[[3.126989   1.7683669  2.5520856  3.8471277  0.91082466 2.149635
  3.7161977  4.4885726  3.3732333  3.1908503  4.4652147  3.538996
  2.9904003  1.2467105  5.0750575  4.586569   3.0017755  4.841458  ]], shape=(1, 18), dtype=float32)"
1171,[10 3 1 1 6 5 2 0 0 0 0 0 0 0 0 4 0 0 0 0 0 0 0 0 15],"tf.Tensor([3.1500378 1.8076631 2.7195642 3.8858886 1.0022626 9.       ], shape=(6,), dtype=float32)",0.0,[11 1 0 0 0 0 0 1 1 6 5 2 0 0 0 4 0 0 0 0 0 0 0 0 15],False,"tf.Tensor(
[[3.1500378 1.8076631 2.7195642 3.8858886 1.0022626 2.1638212 3.8268404
  4.512869  3.5050569 3.2591882 4.54794   3.5390408 3.1804729 1.2452257
  5.199684  4.646015  3.079717  4.8967295]], shape=(1, 18), dtype=float32)"
1172,[11 1 0 0 0 0 0 1 1 6 5 2 0 0 0 4 0 0 0 0 0 0 0 0 15],[1 1 1 1 0 3],0.4,[11 2 2 3 2 4 0 0 0 0 0 1 0 0 0 4 0 0 0 0 0 0 0 0 15],False,"tf.Tensor(
[[2.9951916 2.2142563 3.0524492 3.8873403 1.8298004 1.9907956 3.8527596
  3.9880323 3.255068  2.971354  3.8103392 3.4227052 4.2912717 1.5779016
  4.9781184 4.199679  4.382932  4.210063 ]], shape=(1, 18), dtype=float32)"
1173,[11 2 2 3 2 4 0 0 0 0 0 1 0 0 0 4 0 0 0 0 0 0 0 0 15],"tf.Tensor([2.759859  1.37242   2.8692906 3.1559606 1.1033901 9.       ], shape=(6,), dtype=float32)",0.1,[11 3 2 3 2 4 1 0 0 0 0 0 0 0 0 4 0 0 0 0 0 0 0 0 15],False,"tf.Tensor(
[[2.759859  1.37242   2.8692906 3.1559606 1.1033901 1.9264963 3.9589224
  4.1493263 3.5272422 3.3507178 3.8623533 3.30865   3.246937  1.0820754
  4.9496818 3.823749  3.115626  4.2707915]], shape=(1, 18), dtype=float32)"
1174,[11 3 2 3 2 4 1 0 0 0 0 0 0 0 0 4 0 0 0 0 0 0 0 0 15],"tf.Tensor([2.8888988 1.3531084 2.9126427 3.1652212 1.191204  9.       ], shape=(6,), dtype=float32)",60.0,[12 1 0 0 0 0 0 2 3 2 4 3 0 0 0 4 0 0 0 0 0 30 0 0 15],False,"tf.Tensor(
[[2.8888988 1.3531084 2.9126427 3.1652212 1.191204  2.0774407 4.12864
  4.197211  3.7085125 3.3721278 3.937942  3.2808897 3.3493328 1.0950025
  5.062427  3.99928   3.1269073 4.4255033]], shape=(1, 18), dtype=float32)"
1175,[12 1 0 0 0 0 0 2 3 2 4 3 0 0 0 4 0 0 0 0 0 30 0 0 15],"tf.Tensor([ 1.7589307   1.3710253   1.6949378   1.9888088  -0.19948813  1.        ], shape=(6,), dtype=float32)",0.4,[12 2 6 4 4 2 0 0 0 0 0 2 0 0 0 4 0 0 0 0 0 30 0 0 15],False,"tf.Tensor(
[[ 1.7589307   1.3710253   1.6949378   1.9888088  -0.19948813  2.411167
   4.12565     2.2194276   1.6565689   1.9806885   1.2267934  -1.072024
   0.11927735  1.3505126   1.1560786   1.5821394   1.4577252   2.2138195 ]], shape=(1, 18), dtype=float32)"
1176,[12 2 6 4 4 2 0 0 0 0 0 2 0 0 0 4 0 0 0 0 0 30 0 0 15],"tf.Tensor([1.5421512  1.1139987  1.4144487  2.0048652  0.69630504 1.        ], shape=(6,), dtype=float32)",0.0,[12 3 6 4 4 2 0 0 0 0 0 6 0 0 0 4 0 0 0 0 0 30 0 0 15],False,"tf.Tensor(
[[1.5421512  1.1139987  1.4144487  2.0048652  0.69630504 2.257195
  3.5405207  2.654806   2.1936579  2.223311   2.0309014  0.12380272
  1.5471352  2.0930843  2.2718053  1.6117097  2.2554832  1.7178801 ]], shape=(1, 18), dtype=float32)"
1177,[12 3 6 4 4 2 0 0 0 0 0 6 0 0 0 4 0 0 0 0 0 30 0 0 15],"tf.Tensor([2.125567  1.3070441 1.9127107 2.4104407 1.3236915 1.       ], shape=(6,), dtype=float32)",4.0,[13 1 0 0 0 0 0 6 4 4 2 6 0 2 0 4 0 0 0 0 0 30 0 0 15],False,"tf.Tensor(
[[2.125567   1.3070441  1.9127107  2.4104407  1.3236915  1.8960811
  3.130325   2.7773776  2.7469528  2.0001574  2.4273844  0.33992246
  2.353598   2.4546354  2.8278372  1.7241026  2.2936802  1.8617984 ]], shape=(1, 18), dtype=float32)"
1178,[13 1 0 0 0 0 0 6 4 4 2 6 0 2 0 4 0 0 0 0 0 30 0 0 15],"tf.Tensor([1.8286427 1.7286456 1.8158324 2.7627053 0.7043929 1.       ], shape=(6,), dtype=float32)",0.4,[13 2 6 5 4 5 0 0 0 0 0 2 0 2 0 4 0 0 0 0 0 30 0 0 15],False,"tf.Tensor(
[[ 1.8286427  1.7286456  1.8158324  2.7627053  0.7043929  2.639002
   4.180075   2.0590966  1.8845228  1.8538038  2.296991  -1.0101835
   1.6433691  1.5676818  1.9320498  2.567756   2.1448183  2.4603713]], shape=(1, 18), dtype=float32)"
1179,[13 2 6 5 4 5 0 0 0 0 0 2 0 2 0 4 0 0 0 0 0 30 0 0 15],"tf.Tensor([1.7032598 1.1998627 1.4438955 2.1855433 1.1551868 1.       ], shape=(6,), dtype=float32)",0.1,[13 3 6 5 4 5 2 0 0 0 0 0 0 2 0 4 0 0 0 0 0 30 0 0 15],False,"tf.Tensor(
[[1.7032598  1.1998627  1.4438955  2.1855433  1.1551868  2.105075
  3.1773512  3.009947   2.289862   2.0622413  2.3558626  0.53620195
  2.123272   2.5661476  2.4380589  1.5863596  2.4635947  1.684147  ]], shape=(1, 18), dtype=float32)"
1180,[13 3 6 5 4 5 2 0 0 0 0 0 0 2 0 4 0 0 0 0 0 30 0 0 15],"tf.Tensor([1.5949384 1.2332673 1.2123977 2.0087464 1.0744386 1.       ], shape=(6,), dtype=float32)",0.0,[14 1 0 0 0 0 0 6 5 4 5 6 0 2 0 4 0 0 0 0 0 30 0 0 15],True,"tf.Tensor(
[[1.5949384 1.2332673 1.2123977 2.0087464 1.0744386 2.3320389 3.3721323
  2.9585614 2.1582189 2.0316308 2.2252252 0.5407702 1.8457448 2.4889436
  1.9699403 1.6631413 2.4245598 1.7011579]], shape=(1, 18), dtype=float32)"
1181,[1 1 0 0 0 0 0 5 2 3 6 1 0 0 0 0 0 0 0 0 0 0 0 0 0],"tf.Tensor([ 2.2317052  2.9320188  1.488502   1.6975311  3.394498  11.       ], shape=(6,), dtype=float32)",0.5,[1 2 5 2 3 6 1 0 0 0 0 0 0 0 0 0 0 0 0 0 0 0 0 0 0],False,"tf.Tensor(
[[2.2317052 2.9320188 1.488502  1.6975311 3.394498  3.0249999 3.0261714
  1.7928275 3.638587  1.3036861 2.203033  2.1760187 3.5372481 3.257603
  3.0001273 2.6215696 4.1329665 2.1593785]], shape=(1, 18), dtype=float32)"
1182,[1 2 5 2 3 6 1 0 0 0 0 0 0 0 0 0 0 0 0 0 0 0 0 0 0],"tf.Tensor([2.5595555 2.3693678 1.8556914 2.4432037 3.0734496 3.       ], shape=(6,), dtype=float32)",0.0,[1 3 5 2 3 6 1 0 0 0 0 0 0 0 0 0 0 0 0 0 0 0 0 0 0],False,"tf.Tensor(
[[2.5595555 2.3693678 1.8556914 2.4432037 3.0734496 2.2834938 2.8896632
  2.513904  3.4679375 1.7416244 2.7457204 2.394091  3.224975  1.9561086
  3.1213899 3.4261534 3.446273  3.0415056]], shape=(1, 18), dtype=float32)"
1183,[1 3 5 2 3 6 1 0 0 0 0 0 0 0 0 0 0 0 0 0 0 0 0 0 0],"tf.Tensor([2.6523268 2.3984761 1.9699541 2.4848435 3.1545384 3.       ], shape=(6,), dtype=float32)",0.0,[2 1 0 0 0 0 0 5 2 3 6 1 0 0 0 0 0 0 0 0 0 0 0 0 0],False,"tf.Tensor(
[[2.6523268 2.3984761 1.9699541 2.4848435 3.1545384 2.3537006 2.9877815
  2.5956392 3.6216223 1.7878067 2.8374236 2.4484663 3.313208  1.9643606
  3.2345564 3.5001028 3.564832  3.0952342]], shape=(1, 18), dtype=float32)"
1184,[2 1 0 0 0 0 0 5 2 3 6 1 0 0 0 0 0 0 0 0 0 0 0 0 0],"tf.Tensor([ 2.2966433  2.8255706  1.4347701  1.7769414  3.3513281 11.       ], shape=(6,), dtype=float32)",0.5,[2 2 5 5 4 4 2 0 0 0 0 0 0 0 0 0 0 0 0 0 0 0 0 0 0],False,"tf.Tensor(
[[2.2966433 2.8255706 1.4347701 1.7769414 3.3513281 3.1168363 3.2574687
  1.8701643 3.637607  1.2778933 2.2638462 2.2085886 3.5775797 3.4283335
  3.007245  2.691909  4.185676  2.1963618]], shape=(1, 18), dtype=float32)"
1185,[2 2 5 5 4 4 2 0 0 0 0 0 0 0 0 0 0 0 0 0 0 0 0 0 0],[1 1 1 0 0 5],0.0,[2 3 5 5 4 4 2 0 0 0 0 0 0 0 0 0 0 0 0 0 0 0 0 0 0],False,"tf.Tensor(
[[3.1115227 2.8556185 2.290421  3.112735  3.2865045 2.4952576 3.0864334
  3.1520047 3.8936558 2.2369244 3.2916873 2.6678994 3.7997198 2.1216786
  3.876027  4.0118175 3.973369  3.693811 ]], shape=(1, 18), dtype=float32)"
1186,[2 3 5 5 4 4 2 0 0 0 0 0 0 0 0 0 0 0 0 0 0 0 0 0 0],"tf.Tensor([ 3.1649094  2.8710327  2.4070165  3.1184752  3.3440738 10.       ], shape=(6,), dtype=float32)",0.0,[3 1 0 0 0 0 0 5 5 4 4 2 0 0 0 0 0 0 0 0 0 0 0 0 0],False,"tf.Tensor(
[[3.1649094 2.8710327 2.4070165 3.1184752 3.3440738 2.5322752 3.2440577
  3.2269132 4.0407286 2.3227677 3.385179  2.685576  3.9169514 2.1579154
  3.994027  4.0774274 4.0212317 3.7531016]], shape=(1, 18), dtype=float32)"
1187,[3 1 0 0 0 0 0 5 5 4 4 2 0 0 0 0 0 0 0 0 0 0 0 0 0],"tf.Tensor([ 2.7449172  2.887262   1.5961306  2.2564886  3.6289563 11.       ], shape=(6,), dtype=float32)",0.5,[3 2 2 6 5 2 1 0 0 0 0 0 0 0 0 0 0 0 0 0 0 0 0 0 0],False,"tf.Tensor(
[[2.7449172 2.887262  1.5961306 2.2564886 3.6289563 3.0890656 3.476647
  2.3869479 3.6894963 1.6612105 2.8632662 2.4003158 4.0549817 3.673849
  3.1991744 3.3564892 4.1076474 2.8634562]], shape=(1, 18), dtype=float32)"
1188,[3 2 2 6 5 2 1 0 0 0 0 0 0 0 0 0 0 0 0 0 0 0 0 0 0],"tf.Tensor([ 3.0015314  2.4821     2.2464664  2.8420832  2.5019066 10.       ], shape=(6,), dtype=float32)",0.0,[3 3 2 6 5 2 1 0 0 0 0 0 0 0 0 0 0 0 0 0 0 0 0 0 0],False,"tf.Tensor(
[[3.0015314 2.4821    2.2464664 2.8420832 2.5019066 2.1849234 2.7154963
  3.1352248 3.5941243 2.1322281 2.9681664 2.1528442 3.191952  1.5628548
  3.5825014 3.661913  3.2632635 3.438623 ]], shape=(1, 18), dtype=float32)"
1189,[3 3 2 6 5 2 1 0 0 0 0 0 0 0 0 0 0 0 0 0 0 0 0 0 0],"tf.Tensor([3.0694072 2.487454  2.3687718 2.834002  2.570918  3.       ], shape=(6,), dtype=float32)",0.0,[4 1 0 0 0 0 0 2 6 5 2 1 0 0 0 0 0 0 0 0 0 0 0 0 0],False,"tf.Tensor(
[[3.0694072 2.487454  2.3687718 2.834002  2.570918  2.2583282 2.8934555
  3.2059953 3.785985  2.2110455 3.0723746 2.1759756 3.3021052 1.6018382
  3.6966307 3.742554  3.3029883 3.5098405]], shape=(1, 18), dtype=float32)"
1190,[4 1 0 0 0 0 0 2 6 5 2 1 0 0 0 0 0 0 0 0 0 0 0 0 0],"tf.Tensor([2.7704978 2.1234777 1.4789674 2.4717364 2.7685657 7.       ], shape=(6,), dtype=float32)",0.5,[4 2 3 6 4 3 3 0 0 0 0 0 0 0 0 0 0 0 0 0 0 0 0 0 0],False,"tf.Tensor(
[[2.7704978 2.1234777 1.4789674 2.4717364 2.7685657 2.580249  3.0650125
  2.2235744 2.8789852 1.3485746 2.7841458 2.1603274 3.5988839 3.0429766
  2.5443676 3.3265052 3.444697  2.8763156]], shape=(1, 18), dtype=float32)"
1191,[4 2 3 6 4 3 3 0 0 0 0 0 0 0 0 0 0 0 0 0 0 0 0 0 0],"tf.Tensor([ 3.3086271  2.7922025  2.3358727  3.0566587  2.9804568 10.       ], shape=(6,), dtype=float32)",0.0,[4 3 3 6 4 3 3 0 0 0 0 0 0 0 0 0 0 0 0 0 0 0 0 0 0],False,"tf.Tensor(
[[3.3086271 2.7922025 2.3358727 3.0566587 2.9804568 2.4129303 2.888468
  3.3133307 3.818319  2.3271167 3.2016895 2.2135289 3.7353997 2.0052931
  3.8309512 3.8831425 3.6368623 3.7279415]], shape=(1, 18), dtype=float32)"
1192,[4 3 3 6 4 3 3 0 0 0 0 0 0 0 0 0 0 0 0 0 0 0 0 0 0],"tf.Tensor([ 3.3711991  2.8289185  2.4489067  3.0821455  3.0708358 10.       ], shape=(6,), dtype=float32)",0.0,[5 1 0 0 0 0 0 3 6 4 3 3 0 0 0 0 0 0 0 0 0 0 0 0 0],False,"tf.Tensor(
[[3.3711991 2.8289185 2.4489067 3.0821455 3.0708358 2.468697  3.0386646
  3.373914  3.9742975 2.3927412 3.3031244 2.2228134 3.8752415 2.0588624
  3.936805  3.9746704 3.6881907 3.8023775]], shape=(1, 18), dtype=float32)"
1193,[5 1 0 0 0 0 0 3 6 4 3 3 0 0 0 0 0 0 0 0 0 0 0 0 0],"tf.Tensor([2.9129841 2.5167282 1.4733906 2.4568207 3.2819211 7.       ], shape=(6,), dtype=float32)",0.5,[5 2 6 4 3 5 5 0 0 0 0 0 0 0 0 0 0 0 0 0 0 0 0 0 0],False,"tf.Tensor(
[[2.9129841 2.5167282 1.4733906 2.4568207 3.2819211 3.042057  3.656731
  2.535153  3.3822603 1.4927521 3.01166   2.4044213 3.9897914 3.6198905
  2.9825122 3.5564337 3.9135284 3.0397274]], shape=(1, 18), dtype=float32)"
1194,[5 2 6 4 3 5 5 0 0 0 0 0 0 0 0 0 0 0 0 0 0 0 0 0 0],[0 1 0 0 1 5],0.0,[5 3 6 4 3 5 5 0 0 0 0 0 0 0 0 0 0 0 0 0 0 0 0 0 0],False,"tf.Tensor(
[[3.4200869 3.185517  2.328919  3.2987394 3.7223542 2.7222989 3.1405566
  3.343046  4.0159783 2.5650682 3.5836952 2.7335002 4.4598484 2.7587197
  4.1483197 4.105716  4.2705417 4.041576 ]], shape=(1, 18), dtype=float32)"
1195,[5 3 6 4 3 5 5 0 0 0 0 0 0 0 0 0 0 0 0 0 0 0 0 0 0],"tf.Tensor([3.4624527 3.2011719 2.4281645 3.355688  3.8276289 7.       ], shape=(6,), dtype=float32)",0.0,[6 1 0 0 0 0 0 6 4 3 5 5 0 0 0 0 0 0 0 0 0 0 0 0 0],False,"tf.Tensor(
[[3.4624527 3.2011719 2.4281645 3.355688  3.8276289 2.768817  3.3067098
  3.382367  4.1575603 2.6496654 3.6869524 2.780573  4.594534  2.7932134
  4.2551136 4.201962  4.350253  4.1404343]], shape=(1, 18), dtype=float32)"
1196,[6 1 0 0 0 0 0 6 4 3 5 5 0 0 0 0 0 0 0 0 0 0 0 0 0],"tf.Tensor([ 3.2077904  3.2788699  1.8626832  2.2189782  4.16563   11.       ], shape=(6,), dtype=float32)",0.5,[6 2 4 1 6 2 5 0 0 0 0 0 0 0 0 0 0 0 0 0 0 0 0 0 0],False,"tf.Tensor(
[[3.2077904 3.2788699 1.8626832 2.2189782 4.16563   3.9717188 4.7443247
  2.818054  4.76774   1.6630561 3.1000009 2.8012822 4.604061  4.568278
  3.702339  3.7972224 5.005876  2.9514172]], shape=(1, 18), dtype=float32)"
1197,[6 2 4 1 6 2 5 0 0 0 0 0 0 0 0 0 0 0 0 0 0 0 0 0 0],"tf.Tensor([ 3.089161   2.7891676  2.1380045  3.4065619  2.870106  10.       ], shape=(6,), dtype=float32)",0.0,[6 3 4 1 6 2 5 0 0 0 0 0 0 0 0 0 0 0 0 0 0 0 0 0 0],False,"tf.Tensor(
[[3.089161  2.7891676 2.1380045 3.4065619 2.870106  2.1955976 2.5802736
  3.1671865 3.168193  2.185125  3.4444203 2.428657  3.9084506 2.0085788
  3.8309393 4.011887  3.5862005 3.9241896]], shape=(1, 18), dtype=float32)"
1198,[6 3 4 1 6 2 5 0 0 0 0 0 0 0 0 0 0 0 0 0 0 0 0 0 0],"tf.Tensor([ 3.118732   2.802816   2.2386394  3.4490983  2.9451408 10.       ], shape=(6,), dtype=float32)",0.0,[7 1 0 0 0 0 0 4 1 6 2 5 0 0 0 0 0 0 0 0 0 0 0 0 0],False,"tf.Tensor(
[[3.118732  2.802816  2.2386394 3.4490983 2.9451408 2.238001  2.7370872
  3.2145727 3.2716794 2.2499747 3.536747  2.4470735 4.0462327 2.043208
  3.9358547 4.124343  3.6264193 4.01462  ]], shape=(1, 18), dtype=float32)"
1199,[7 1 0 0 0 0 0 4 1 6 2 5 0 0 0 0 0 0 0 0 0 0 0 0 0],"tf.Tensor([ 2.9575064  2.5344942  1.4474783  2.1080613  3.163688  11.       ], shape=(6,), dtype=float32)",0.5,[7 2 3 1 2 3 2 0 0 0 0 0 0 0 0 0 0 0 0 0 0 0 0 0 0],False,"tf.Tensor(
[[2.9575064 2.5344942 1.4474783 2.1080613 3.163688  3.4130878 3.8708181
  2.4774127 3.694367  1.3329585 2.5694673 2.3761263 3.8592293 3.9241095
  2.962151  3.1939075 4.298058  2.5645573]], shape=(1, 18), dtype=float32)"
1200,[7 2 3 1 2 3 2 0 0 0 0 0 0 0 0 0 0 0 0 0 0 0 0 0 0],"tf.Tensor([ 2.180582   1.491331   1.4481913  2.2501497  2.249582  12.       ], shape=(6,), dtype=float32)",0.0,[7 3 3 1 2 3 2 0 0 0 0 0 0 0 0 0 0 0 0 0 0 0 0 0 0],False,"tf.Tensor(
[[2.180582  1.491331  1.4481913 2.2501497 2.249582  2.035195  2.9108734
  2.3122294 2.5576172 1.5598702 2.4149964 1.9481649 2.9825318 1.7591115
  2.7697797 2.985668  2.6962254 2.99696  ]], shape=(1, 18), dtype=float32)"
1201,[7 3 3 1 2 3 2 0 0 0 0 0 0 0 0 0 0 0 0 0 0 0 0 0 0],"tf.Tensor([2.256712  1.5520447 1.5621827 2.2807422 2.343013  7.       ], shape=(6,), dtype=float32)",0.0,[8 1 0 0 0 0 0 3 1 2 3 2 0 0 0 0 0 0 0 0 0 0 0 0 0],False,"tf.Tensor(
[[2.256712  1.5520447 1.5621827 2.2807422 2.343013  2.0864925 3.0083663
  2.3930433 2.7316573 1.6580901 2.4868386 1.9951899 3.0866106 1.7902085
  2.8730989 3.0746756 2.7617176 3.073451 ]], shape=(1, 18), dtype=float32)"
1202,[8 1 0 0 0 0 0 3 1 2 3 2 0 0 0 0 0 0 0 0 0 0 0 0 0],"tf.Tensor([ 2.721541   1.8936735  1.1401076  2.210395   2.330104  11.       ], shape=(6,), dtype=float32)",0.5,[8 2 2 2 4 5 4 0 0 0 0 0 0 0 0 0 0 0 0 0 0 0 0 0 0],False,"tf.Tensor(
[[2.721541  1.8936735 1.1401076 2.210395  2.330104  2.8037734 3.24247
  2.4629803 2.8300903 1.1400201 2.3065    1.9261343 3.1900544 2.9996755
  2.652561  2.840655  3.4751616 2.5854347]], shape=(1, 18), dtype=float32)"
1203,[8 2 2 2 4 5 4 0 0 0 0 0 0 0 0 0 0 0 0 0 0 0 0 0 0],"tf.Tensor([ 3.0573177  2.2752771  1.8256043  3.1076918  2.6331806 10.       ], shape=(6,), dtype=float32)",0.0,[8 3 2 2 4 5 4 0 0 0 0 0 0 0 0 0 0 0 0 0 0 0 0 0 0],False,"tf.Tensor(
[[3.0573177 2.2752771 1.8256043 3.1076918 2.6331806 2.304128  3.008064
  3.2018774 3.0100842 1.9173329 3.331339  2.3761654 3.6665876 2.1196122
  3.4489694 3.9003224 3.2262158 3.8759334]], shape=(1, 18), dtype=float32)"
1204,[8 3 2 2 4 5 4 0 0 0 0 0 0 0 0 0 0 0 0 0 0 0 0 0 0],"tf.Tensor([ 3.0927858  2.2844248  1.9368793  3.1143162  2.7179613 10.       ], shape=(6,), dtype=float32)",0.0,[9 1 0 0 0 0 0 2 2 4 5 4 0 0 0 0 0 0 0 0 0 0 0 0 0],False,"tf.Tensor(
[[3.0927858 2.2844248 1.9368793 3.1143162 2.7179613 2.3716025 3.1455984
  3.230037  3.1681056 2.0086462 3.3920527 2.3861942 3.7797155 2.1278336
  3.5587995 4.0071664 3.2525468 3.9668243]], shape=(1, 18), dtype=float32)"
1205,[9 1 0 0 0 0 0 2 2 4 5 4 0 0 0 0 0 0 0 0 0 0 0 0 0],"tf.Tensor([ 3.2873118  2.5360267  1.5514505  2.2959297  3.085873  11.       ], shape=(6,), dtype=float32)",0.5,[9 2 4 3 3 1 5 0 0 0 0 0 0 0 0 0 0 0 0 0 0 0 0 0 0],False,"tf.Tensor(
[[3.2873118 2.5360267 1.5514505 2.2959297 3.085873  3.651344  4.541706
  2.8017998 4.005643  1.3091679 2.7399793 2.5301468 3.9481022 4.1760955
  3.2449539 3.6049774 4.580641  2.7445977]], shape=(1, 18), dtype=float32)"
1206,[9 2 4 3 3 1 5 0 0 0 0 0 0 0 0 0 0 0 0 0 0 0 0 0 0],"tf.Tensor([2.9591727 2.4198349 1.8433895 2.8339813 3.078825  7.       ], shape=(6,), dtype=float32)",0.0,[9 3 4 3 3 1 5 0 0 0 0 0 0 0 0 0 0 0 0 0 0 0 0 0 0],False,"tf.Tensor(
[[2.9591727 2.4198349 1.8433895 2.8339813 3.078825  2.656305  3.2108943
  2.769439  3.5043504 2.0438008 3.0478168 2.295254  3.9454393 2.4167645
  3.4954844 3.803282  3.4471815 3.8119085]], shape=(1, 18), dtype=float32)"
1207,[9 3 4 3 3 1 5 0 0 0 0 0 0 0 0 0 0 0 0 0 0 0 0 0 0],"tf.Tensor([3.0236232 2.5091019 1.9492747 2.8757274 3.1942718 7.       ], shape=(6,), dtype=float32)",0.0,[10 1 0 0 0 0 0 4 3 3 1 5 0 0 0 0 0 0 0 0 0 0 0 0 0],False,"tf.Tensor(
[[3.0236232 2.5091019 1.9492747 2.8757274 3.1942718 2.689616  3.267181
  2.8359456 3.6496913 2.1191325 3.125701  2.3334682 4.064043  2.4247434
  3.5805283 3.9111135 3.4845362 3.912535 ]], shape=(1, 18), dtype=float32)"
1208,[10 1 0 0 0 0 0 4 3 3 1 5 0 0 0 0 0 0 0 0 0 0 0 0 0],"tf.Tensor([ 3.2258751  2.3126824  1.4463464  2.6600716  3.1032255 11.       ], shape=(6,), dtype=float32)",0.5,[10 2 3 3 4 6 5 0 0 0 0 0 0 0 0 0 0 0 0 0 0 0 0 0 0],False,"tf.Tensor(
[[3.2258751 2.3126824 1.4463464 2.6600716 3.1032255 3.4198174 4.3475313
  3.1355903 3.5839622 1.4842329 3.06532   2.5727568 4.004619  3.8910635
  3.3547673 3.4723182 4.387245  3.1513863]], shape=(1, 18), dtype=float32)"
1209,[10 2 3 3 4 6 5 0 0 0 0 0 0 0 0 0 0 0 0 0 0 0 0 0 0],"tf.Tensor([ 3.6051378  2.7015862  2.1161423  3.6111639  3.2560022 10.       ], shape=(6,), dtype=float32)",0.0,[10 3 3 3 4 6 5 0 0 0 0 0 0 0 0 0 0 0 0 0 0 0 0 0 0],False,"tf.Tensor(
[[3.6051378 2.7015862 2.1161423 3.6111639 3.2560022 2.79704   3.7502563
  3.752125  3.646847  2.278585  3.884043  2.8335767 4.467163  2.662319
  4.1059    4.589378  3.9423027 4.5720477]], shape=(1, 18), dtype=float32)"
1210,[10 3 3 3 4 6 5 0 0 0 0 0 0 0 0 0 0 0 0 0 0 0 0 0 0],[0 0 1 1 1 2],12.0,[11 1 0 0 0 0 0 3 3 4 6 5 0 0 6 0 0 0 0 0 0 0 0 0 0],False,"tf.Tensor(
[[3.6250856 2.7265844 2.2392025 3.6280282 3.3325508 2.850606  3.873097
  3.7793968 3.8018453 2.3700907 3.9463072 2.8675156 4.573837  2.662757
  4.2166586 4.681212  3.9870129 4.6484118]], shape=(1, 18), dtype=float32)"
1211,[11 1 0 0 0 0 0 3 3 4 6 5 0 0 6 0 0 0 0 0 0 0 0 0 0],[ 0  1  1  1  0 10],0.30000000000000004,[11 2 6 6 6 0 0 5 0 0 0 3 0 0 6 0 0 0 0 0 0 0 0 0 0],False,"tf.Tensor(
[[4.102867  3.575574  1.2579689 2.5519485 4.0365925 4.881817  5.6401844
  3.796694  4.7679095 1.3929148 3.1927562 3.4000812 5.119059  5.696669
  4.0464244 4.3882427 5.70979   3.6138618]], shape=(1, 18), dtype=float32)"
1212,[11 2 6 6 6 0 0 5 0 0 0 3 0 0 6 0 0 0 0 0 0 0 0 0 0],"tf.Tensor([ 4.5431714  3.7767537  2.0145054  3.7928414  4.448217  11.       ], shape=(6,), dtype=float32)",0.2,[11 3 6 6 6 5 3 0 0 0 0 0 0 0 6 0 0 0 0 0 0 0 0 0 0],False,"tf.Tensor(
[[4.5431714 3.7767537 2.0145054 3.7928414 4.448217  4.49169   5.702339
  4.957986  4.951631  3.0414653 4.1875634 3.7098713 5.858134  5.0946426
  5.797431  5.1888285 6.034724  5.129617 ]], shape=(1, 18), dtype=float32)"
1213,[11 3 6 6 6 5 3 0 0 0 0 0 0 0 6 0 0 0 0 0 0 0 0 0 0],"tf.Tensor([4.8251276 4.055186  2.511098  3.9916174 5.10439   3.       ], shape=(6,), dtype=float32)",0.0,[12 1 0 0 0 0 0 6 6 6 6 6 0 0 6 0 0 0 0 0 0 0 0 0 0],False,"tf.Tensor(
[[4.8251276 4.055186  2.511098  3.9916174 5.10439   4.2488256 5.612502
  4.7546124 5.9787374 3.350848  4.315786  4.002917  5.9546494 4.0909986
  5.6332936 5.7564807 5.9439273 5.7516785]], shape=(1, 18), dtype=float32)"
1214,[12 1 0 0 0 0 0 6 6 6 6 6 0 0 6 0 0 0 0 0 0 0 0 0 0],[0 0 1 1 1 0],0.30000000000000004,[12 2 6 1 1 0 0 6 3 0 0 0 0 0 6 0 0 0 0 0 0 0 0 0 0],False,"tf.Tensor(
[[5.03759   4.3240533 1.669797  3.440647  5.1208105 6.049759  6.885373
  4.636254  5.64462   1.7042074 4.168643  4.0963187 6.6320896 6.989313
  5.185088  5.570189  7.1453686 4.6684437]], shape=(1, 18), dtype=float32)"
1215,[12 2 6 1 1 0 0 6 3 0 0 0 0 0 6 0 0 0 0 0 0 0 0 0 0],[ 0  0  0  1  1 12],0.0,[12 3 6 1 1 0 0 6 3 0 0 0 0 0 6 0 0 0 0 0 0 0 0 0 0],False,"tf.Tensor(
[[3.9284658 2.917569  1.2305291 3.6206367 4.247834  4.627331  5.816562
  4.1820855 4.17788   2.4244926 3.728538  3.424877  5.384048  5.5382595
  5.1416297 4.249987  6.1022444 4.425395 ]], shape=(1, 18), dtype=float32)"
1216,[12 3 6 1 1 0 0 6 3 0 0 0 0 0 6 0 0 0 0 0 0 0 0 0 0],"tf.Tensor([ 4.014395   2.9369805  1.3777628  3.6744344  4.2222834 11.       ], shape=(6,), dtype=float32)",0.0,[13 1 0 0 0 0 0 4 1 6 1 1 0 0 6 0 0 0 0 0 0 0 0 0 0],False,"tf.Tensor(
[[4.014395  2.9369805 1.3777628 3.6744344 4.2222834 4.6260405 5.9048123
  4.3414254 4.2758083 2.5358975 3.8463578 3.4902213 5.465975  5.541193
  5.287622  4.2606616 6.1999745 4.469995 ]], shape=(1, 18), dtype=float32)"
1217,[13 1 0 0 0 0 0 4 1 6 1 1 0 0 6 0 0 0 0 0 0 0 0 0 0],"tf.Tensor([3.5146885 2.431186  1.2445893 2.7882175 3.0532045 1.       ], shape=(6,), dtype=float32)",0.5,[13 2 1 2 4 1 3 0 0 0 0 0 0 0 6 0 0 0 0 0 0 0 0 0 0],False,"tf.Tensor(
[[3.5146885 2.431186  1.2445893 2.7882175 3.0532045 3.92791   5.181532
  3.5004    3.7731307 1.5802379 3.064274  3.2203157 4.5085177 4.472577
  3.8819063 3.9168947 5.023936  3.5617545]], shape=(1, 18), dtype=float32)"
1218,[13 2 1 2 4 1 3 0 0 0 0 0 0 0 6 0 0 0 0 0 0 0 0 0 0],"tf.Tensor([3.1383293 2.700811  1.2791193 2.7732322 3.1505399 1.       ], shape=(6,), dtype=float32)",0.0,[13 3 1 2 4 1 3 0 0 0 0 0 0 0 6 0 0 0 0 0 0 0 0 0 0],False,"tf.Tensor(
[[3.1383293 2.700811  1.2791193 2.7732322 3.1505399 3.0922537 4.503092
  3.258467  4.0985365 2.291679  3.0082505 3.0227096 3.775836  3.4314163
  3.6849375 4.124346  3.781225  4.073912 ]], shape=(1, 18), dtype=float32)"
1219,[13 3 1 2 4 1 3 0 0 0 0 0 0 0 6 0 0 0 0 0 0 0 0 0 0],"tf.Tensor([3.2069843 2.7121239 1.3799635 2.7928133 3.2618873 1.       ], shape=(6,), dtype=float32)",4.0,[14 1 0 0 0 0 0 1 2 4 1 3 0 2 6 0 0 0 0 0 0 0 0 0 0],True,"tf.Tensor(
[[3.2069843 2.7121239 1.3799635 2.7928133 3.2618873 3.1956208 4.630704
  3.3125682 4.2855015 2.357704  3.0919302 3.0951135 3.8832242 3.492398
  3.780751  4.170019  3.8876405 4.132069 ]], shape=(1, 18), dtype=float32)"
1220,[1 1 0 0 0 0 0 1 5 4 6 3 0 0 0 0 0 0 0 0 0 0 0 0 0],"tf.Tensor([2.636828  2.8198323 1.9869937 2.0252094 3.0535142 7.       ], shape=(6,), dtype=float32)",0.5,[1 2 1 5 4 6 3 0 0 0 0 0 0 0 0 0 0 0 0 0 0 0 0 0 0],False,"tf.Tensor(
[[2.636828  2.8198323 1.9869937 2.0252094 3.0535142 2.255027  2.653912
  1.8014065 3.0268505 1.5959882 2.741768  2.154438  3.7819452 3.4097292
  2.6545548 3.455622  3.4075403 2.5130982]], shape=(1, 18), dtype=float32)"
1221,[1 2 1 5 4 6 3 0 0 0 0 0 0 0 0 0 0 0 0 0 0 0 0 0 0],"tf.Tensor([ 3.0324297  2.613523   2.1673696  2.8818429  2.684284  10.       ], shape=(6,), dtype=float32)",0.0,[1 3 1 5 4 6 3 0 0 0 0 0 0 0 0 0 0 0 0 0 0 0 0 0 0],False,"tf.Tensor(
[[3.0324297 2.613523  2.1673696 2.8818429 2.684284  2.1662104 2.522789
  3.0929348 3.4757063 1.9258678 2.9855514 2.2361867 3.1889114 1.6569147
  3.3673105 3.6325352 3.3941119 3.3248324]], shape=(1, 18), dtype=float32)"
1222,[1 3 1 5 4 6 3 0 0 0 0 0 0 0 0 0 0 0 0 0 0 0 0 0 0],"tf.Tensor([ 3.0739326  2.6279216  2.2424612  2.8919392  2.7610703 10.       ], shape=(6,), dtype=float32)",0.0,[2 1 0 0 0 0 0 1 5 4 6 3 0 0 0 0 0 0 0 0 0 0 0 0 0],False,"tf.Tensor(
[[3.0739326 2.6279216 2.2424612 2.8919392 2.7610703 2.2359598 2.6938121
  3.1261334 3.6122005 2.008944  3.0508919 2.2457297 3.3403487 1.7219584
  3.506923  3.6920965 3.467454  3.4067936]], shape=(1, 18), dtype=float32)"
1223,[2 1 0 0 0 0 0 1 5 4 6 3 0 0 0 0 0 0 0 0 0 0 0 0 0],"tf.Tensor([2.7906938 2.8858678 1.9786648 2.0519338 3.0475605 7.       ], shape=(6,), dtype=float32)",0.5,[2 2 4 2 6 5 6 0 0 0 0 0 0 0 0 0 0 0 0 0 0 0 0 0 0],False,"tf.Tensor(
[[2.7906938 2.8858678 1.9786648 2.0519338 3.0475605 2.3113751 2.786309
  1.874267  3.116057  1.6256638 2.798984  2.2154558 3.8509068 3.582106
  2.6765542 3.565184  3.5161335 2.549458 ]], shape=(1, 18), dtype=float32)"
1224,[2 2 4 2 6 5 6 0 0 0 0 0 0 0 0 0 0 0 0 0 0 0 0 0 0],"tf.Tensor([ 3.3093479  3.35295    2.2958837  3.2924335  3.5535674 11.       ], shape=(6,), dtype=float32)",0.0,[2 3 4 2 6 5 6 0 0 0 0 0 0 0 0 0 0 0 0 0 0 0 0 0 0],False,"tf.Tensor(
[[3.3093479 3.35295   2.2958837 3.2924335 3.5535674 2.7315056 2.9185257
  3.1651525 4.016043  2.120387  3.4605904 2.6796105 4.1460423 2.5145855
  3.938541  4.078181  4.2503166 3.797317 ]], shape=(1, 18), dtype=float32)"
1225,[2 3 4 2 6 5 6 0 0 0 0 0 0 0 0 0 0 0 0 0 0 0 0 0 0],"tf.Tensor([ 3.394109   3.3409429  2.3457038  3.4004223  3.6232822 11.       ], shape=(6,), dtype=float32)",0.0,[3 1 0 0 0 0 0 4 2 6 5 6 0 0 0 0 0 0 0 0 0 0 0 0 0],False,"tf.Tensor(
[[3.394109  3.3409429 2.3457038 3.4004223 3.6232822 2.7605507 2.943329
  3.2081702 4.04707   2.1748405 3.5703735 2.68756   4.265677  2.5222726
  4.0224934 4.176044  4.292538  3.9241405]], shape=(1, 18), dtype=float32)"
1226,[3 1 0 0 0 0 0 4 2 6 5 6 0 0 0 0 0 0 0 0 0 0 0 0 0],"tf.Tensor([2.9798872 3.5984998 2.019391  1.9400278 3.84633   7.       ], shape=(6,), dtype=float32)",0.5,[3 2 1 6 1 4 5 0 0 0 0 0 0 0 0 0 0 0 0 0 0 0 0 0 0],False,"tf.Tensor(
[[2.9798872 3.5984998 2.019391  1.9400278 3.84633   3.304227  3.645634
  2.3280804 4.0965114 1.6201735 2.822197  2.790313  4.5494547 4.4731226
  3.2006967 3.5803301 4.5022416 2.665434 ]], shape=(1, 18), dtype=float32)"
1227,[3 2 1 6 1 4 5 0 0 0 0 0 0 0 0 0 0 0 0 0 0 0 0 0 0],[ 0  0  1  0  0 12],0.0,[3 3 1 6 1 4 5 0 0 0 0 0 0 0 0 0 0 0 0 0 0 0 0 0 0],False,"tf.Tensor(
[[2.7929509 2.4067361 1.924189  2.4852672 2.5431259 2.0070415 2.1126595
  2.6112022 3.1390471 1.9361945 2.6407704 1.4618183 3.174486  1.83426
  3.0189507 3.0641227 2.7995193 3.0251951]], shape=(1, 18), dtype=float32)"
1228,[3 3 1 6 1 4 5 0 0 0 0 0 0 0 0 0 0 0 0 0 0 0 0 0 0],"tf.Tensor([2.8595643 2.4495702 2.057955  2.4899132 2.6092577 3.       ], shape=(6,), dtype=float32)",8.0,[4 1 0 0 0 0 0 1 6 1 4 5 0 0 0 4 0 0 0 0 0 0 0 0 0],False,"tf.Tensor(
[[2.8595643 2.4495702 2.057955  2.4899132 2.6092577 2.053546  2.2034938
  2.6722202 3.312434  2.0649438 2.6875153 1.4190395 3.2840052 1.880178
  3.1462345 3.0740514 2.865617  3.0541854]], shape=(1, 18), dtype=float32)"
1229,[4 1 0 0 0 0 0 1 6 1 4 5 0 0 0 4 0 0 0 0 0 0 0 0 0],"tf.Tensor([ 2.675009   2.9296267  1.6680309  2.5523434  2.7957273 10.       ], shape=(6,), dtype=float32)",0.5,[4 2 4 5 5 4 3 0 0 0 0 0 0 0 0 4 0 0 0 0 0 0 0 0 0],False,"tf.Tensor(
[[2.675009  2.9296267 1.6680309 2.5523434 2.7957273 2.236566  2.3792696
  2.6191726 3.2094674 1.7772161 2.7704902 1.8897507 3.2591162 2.2219703
  3.237136  3.367156  3.2810457 3.0232267]], shape=(1, 18), dtype=float32)"
1230,[4 2 4 5 5 4 3 0 0 0 0 0 0 0 0 4 0 0 0 0 0 0 0 0 0],"tf.Tensor([3.5326703 2.8857088 2.3262136 3.8061044 2.5257075 9.       ], shape=(6,), dtype=float32)",0.0,[4 3 4 5 5 4 3 0 0 0 0 0 0 0 0 4 0 0 0 0 0 0 0 0 0],False,"tf.Tensor(
[[3.5326703 2.8857088 2.3262136 3.8061044 2.5257075 2.3942196 2.4733295
  3.7107508 3.3222387 2.2778988 3.2680268 2.6042047 3.7315733 1.5394732
  4.2191434 4.2025476 4.025885  4.203177 ]], shape=(1, 18), dtype=float32)"
1231,[4 3 4 5 5 4 3 0 0 0 0 0 0 0 0 4 0 0 0 0 0 0 0 0 0],"tf.Tensor([3.5629766 2.89135   2.4218616 3.8717556 2.5749197 9.       ], shape=(6,), dtype=float32)",0.0,[5 1 0 0 0 0 0 4 5 5 4 3 0 0 0 4 0 0 0 0 0 0 0 0 0],False,"tf.Tensor(
[[3.5629766 2.89135   2.4218616 3.8717556 2.5749197 2.4161513 2.5743
  3.7495873 3.4189587 2.3617632 3.3820362 2.6440947 3.8331082 1.5485933
  4.320549  4.2845025 4.0628476 4.296834 ]], shape=(1, 18), dtype=float32)"
1232,[5 1 0 0 0 0 0 4 5 5 4 3 0 0 0 4 0 0 0 0 0 0 0 0 0],"tf.Tensor([2.9852142 3.066881  1.6344106 2.8671055 3.4812105 7.       ], shape=(6,), dtype=float32)",0.5,[5 2 2 5 5 1 3 0 0 0 0 0 0 0 0 4 0 0 0 0 0 0 0 0 0],False,"tf.Tensor(
[[2.9852142 3.066881  1.6344106 2.8671055 3.4812105 2.9113789 3.0075426
  2.731877  3.451495  1.6784337 3.0502994 2.5606196 4.104156  2.8517919
  3.6218865 3.8005843 4.08958   3.6099553]], shape=(1, 18), dtype=float32)"
1233,[5 2 2 5 5 1 3 0 0 0 0 0 0 0 0 4 0 0 0 0 0 0 0 0 0],"tf.Tensor([ 3.1752121  2.069573   1.9051629  3.2411447  1.8359764 12.       ], shape=(6,), dtype=float32)",0.0,[5 3 2 5 5 1 3 0 0 0 0 0 0 0 0 4 0 0 0 0 0 0 0 0 0],False,"tf.Tensor(
[[3.1752121 2.069573  1.9051629 3.2411447 1.8359764 2.441548  1.9235885
  2.9836462 3.0270357 2.0288997 2.8371563 1.8953271 2.962177  1.1040983
  3.6470885 3.6940231 2.8882725 3.9818263]], shape=(1, 18), dtype=float32)"
1234,[5 3 2 5 5 1 3 0 0 0 0 0 0 0 0 4 0 0 0 0 0 0 0 0 0],"tf.Tensor([ 3.1893227  2.0544276  1.9886694  3.2714012  1.8904908 12.       ], shape=(6,), dtype=float32)",32.0,[6 1 0 0 0 0 0 2 5 5 1 3 0 0 0 4 0 0 0 0 0 0 0 0 16],False,"tf.Tensor(
[[3.1893227 2.0544276 1.9886694 3.2714012 1.8904908 2.4851096 2.0625894
  3.007565  3.1266947 2.0954716 2.9259531 1.9044418 3.0720356 1.1219289
  3.744089  3.7908256 2.9026873 4.066489 ]], shape=(1, 18), dtype=float32)"
1235,[6 1 0 0 0 0 0 2 5 5 1 3 0 0 0 4 0 0 0 0 0 0 0 0 16],"tf.Tensor([2.546477  2.070697  2.625637  3.1277301 2.0309155 9.       ], shape=(6,), dtype=float32)",0.5,[6 2 3 4 1 4 5 0 0 0 0 0 0 0 0 4 0 0 0 0 0 0 0 0 16],False,"tf.Tensor(
[[2.546477  2.070697  2.625637  3.1277301 2.0309155 1.7527456 3.4241524
  3.4007757 2.9287763 2.9086642 3.3080528 2.8413475 3.9054694 1.8997171
  4.2059746 3.50923   3.7426312 3.5581093]], shape=(1, 18), dtype=float32)"
1236,[6 2 3 4 1 4 5 0 0 0 0 0 0 0 0 4 0 0 0 0 0 0 0 0 16],"tf.Tensor([2.8358297 2.2835994 2.7238255 3.183641  2.102836  9.       ], shape=(6,), dtype=float32)",0.0,[6 3 3 4 1 4 5 0 0 0 0 0 0 0 0 4 0 0 0 0 0 0 0 0 16],False,"tf.Tensor(
[[2.8358297 2.2835994 2.7238255 3.183641  2.102836  1.9683816 3.9736865
  3.7922475 3.6217577 3.2651172 3.6940594 2.7893803 3.9995239 2.1029844
  4.8738494 3.7099724 3.7992358 3.8600626]], shape=(1, 18), dtype=float32)"
1237,[6 3 3 4 1 4 5 0 0 0 0 0 0 0 0 4 0 0 0 0 0 0 0 0 16],"tf.Tensor([2.9102325 2.3081605 2.8729212 3.2001624 2.1865242 9.       ], shape=(6,), dtype=float32)",0.0,[7 1 0 0 0 0 0 3 4 1 4 5 0 0 0 4 0 0 0 0 0 0 0 0 16],False,"tf.Tensor(
[[2.9102325 2.3081605 2.8729212 3.2001624 2.1865242 2.0151057 4.07966
  3.8824253 3.7808344 3.355268  3.774871  2.838585  4.13175   2.064537
  5.0049047 3.7825518 3.8720436 3.9616337]], shape=(1, 18), dtype=float32)"
1238,[7 1 0 0 0 0 0 3 4 1 4 5 0 0 0 4 0 0 0 0 0 0 0 0 16],"tf.Tensor([2.8963728 2.3277264 2.8377962 3.170481  2.3419914 9.       ], shape=(6,), dtype=float32)",0.5,[7 2 3 5 2 5 4 0 0 0 0 0 0 0 0 4 0 0 0 0 0 0 0 0 16],False,"tf.Tensor(
[[2.8963728 2.3277264 2.8377962 3.170481  2.3419914 2.0241654 3.4020197
  3.7152898 3.2414856 2.783819  3.4818304 3.0179908 4.1474175 2.0504293
  4.2910156 3.403225  4.1778803 3.5950418]], shape=(1, 18), dtype=float32)"
1239,[7 2 3 5 2 5 4 0 0 0 0 0 0 0 0 4 0 0 0 0 0 0 0 0 16],"tf.Tensor([3.1138942 2.3678358 2.9665687 3.4337654 2.2059848 9.       ], shape=(6,), dtype=float32)",0.0,[7 3 3 5 2 5 4 0 0 0 0 0 0 0 0 4 0 0 0 0 0 0 0 0 16],False,"tf.Tensor(
[[3.1138942 2.3678358 2.9665687 3.4337654 2.2059848 2.178649  4.309854
  4.1900373 4.045363  3.5394516 4.0799274 3.0980983 4.215942  2.073328
  5.331735  4.117662  3.9405267 4.3486514]], shape=(1, 18), dtype=float32)"
1240,[7 3 3 5 2 5 4 0 0 0 0 0 0 0 0 4 0 0 0 0 0 0 0 0 16],"tf.Tensor([3.1882973 2.3923976 3.1156645 3.450287  2.2896729 9.       ], shape=(6,), dtype=float32)",60.0,[8 1 0 0 0 0 0 3 5 2 5 4 0 0 0 4 0 0 0 0 0 30 0 0 16],False,"tf.Tensor(
[[3.1882973 2.3923976 3.1156645 3.450287  2.2896729 2.2253728 4.4158278
  4.2802153 4.20444   3.6296034 4.160739  3.1473026 4.3481674 2.0348809
  5.462791  4.1902413 4.0133348 4.450222 ]], shape=(1, 18), dtype=float32)"
1241,[8 1 0 0 0 0 0 3 5 2 5 4 0 0 0 4 0 0 0 0 0 30 0 0 16],"tf.Tensor([2.0542846  2.1121593  1.6266041  2.3512018  0.42550278 1.        ], shape=(6,), dtype=float32)",0.4,[8 2 4 5 1 6 0 0 0 0 0 1 0 0 0 4 0 0 0 0 0 30 0 0 16],False,"tf.Tensor(
[[ 2.0542846   2.1121593   1.6266041   2.3512018   0.42550278  2.2040265
   3.3916914   1.7381122   1.3395272   1.3520089   1.2274034  -1.6312559
   0.622275    1.3674384   0.97405326  1.7890571   1.4377992   2.207026  ]], shape=(1, 18), dtype=float32)"
1242,[8 2 4 5 1 6 0 0 0 0 0 1 0 0 0 4 0 0 0 0 0 30 0 0 16],"tf.Tensor([1.5737703  1.6083397  1.3718044  1.8170481  0.47657686 1.        ], shape=(6,), dtype=float32)",0.0,[8 3 4 5 1 6 0 0 0 0 0 6 0 0 0 4 0 0 0 0 0 30 0 0 16],False,"tf.Tensor(
[[ 1.5737703   1.6083397   1.3718044   1.8170481   0.47657686  1.6108665
   3.4759169   2.6631556   1.4668427   1.6256055   1.1196189  -0.7190384
   1.015775    2.1425018   1.58687     0.91580755  2.1208413   1.3429961 ]], shape=(1, 18), dtype=float32)"
1243,[8 3 4 5 1 6 0 0 0 0 0 6 0 0 0 4 0 0 0 0 0 30 0 0 16],"tf.Tensor([1.9701215 1.3027501 1.6803473 2.4068909 1.1962074 1.       ], shape=(6,), dtype=float32)",0.0,[9 1 0 0 0 0 0 4 5 1 6 4 0 0 0 4 0 0 0 0 0 30 0 0 16],False,"tf.Tensor(
[[ 1.9701215   1.3027501   1.6803473   2.4068909   1.1962074   1.2850893
   2.96204     2.683297    1.8616496   1.5020466   1.932538   -0.18768913
   2.083258    2.526729    2.4809966   1.2672565   2.03718     1.4971308 ]], shape=(1, 18), dtype=float32)"
1244,[9 1 0 0 0 0 0 4 5 1 6 4 0 0 0 4 0 0 0 0 0 30 0 0 16],"tf.Tensor([2.0470684  2.1289356  1.6881812  2.4505653  0.34391242 1.        ], shape=(6,), dtype=float32)",0.4,[9 2 1 3 3 3 0 0 0 0 0 6 0 0 0 4 0 0 0 0 0 30 0 0 16],False,"tf.Tensor(
[[ 2.0470684   2.1289356   1.6881812   2.4505653   0.34391242  2.1553268
   3.5864189   1.9027607   1.2148542   1.5369958   1.3145102  -1.6220796
   0.6202379   1.3836032   0.9955536   1.8257098   1.4561963   2.3155632 ]], shape=(1, 18), dtype=float32)"
1245,[9 2 1 3 3 3 0 0 0 0 0 6 0 0 0 4 0 0 0 0 0 30 0 0 16],"tf.Tensor([2.110712  1.629214  1.7442758 2.195413  1.0967366 2.       ], shape=(6,), dtype=float32)",0.1,[9 3 1 3 3 3 6 0 0 0 0 0 0 0 0 4 0 0 0 0 0 30 0 0 16],False,"tf.Tensor(
[[ 2.110712   1.629214   1.7442758  2.195413   1.0967366  1.052936
   2.255354   2.6307638  1.6332524  1.3072882  1.4624753 -0.6300027
   1.602628   2.4150488  1.9193733  0.9447315  1.5952703  1.5599418]], shape=(1, 18), dtype=float32)"
1246,[9 3 1 3 3 3 6 0 0 0 0 0 0 0 0 4 0 0 0 0 0 30 0 0 16],"tf.Tensor([1.992671  1.8176848 1.5223571 1.6631835 0.4884215 1.       ], shape=(6,), dtype=float32)",0.0,[10 1 0 0 0 0 0 1 3 3 3 4 0 0 0 4 0 0 0 0 0 30 0 0 16],False,"tf.Tensor(
[[ 1.992671    1.8176848   1.5223571   1.6631835   0.4884215   1.5058298
   2.795963    2.691174    1.5610621   1.4077128   1.0765194  -0.6031699
   0.44177517  2.1108541   0.7242258   0.8982235   1.3442814   1.6335258 ]], shape=(1, 18), dtype=float32)"
1247,[10 1 0 0 0 0 0 1 3 3 3 4 0 0 0 4 0 0 0 0 0 30 0 0 16],"tf.Tensor([2.0423367  1.5214549  1.8430756  1.9623504  0.13967434 1.        ], shape=(6,), dtype=float32)",0.4,[10 2 2 6 2 2 0 0 0 0 0 2 0 0 0 4 0 0 0 0 0 30 0 0 16],False,"tf.Tensor(
[[ 2.0423367   1.5214549   1.8430756   1.9623504   0.13967434  2.258204
   3.4240701   2.0335608   2.0584242   1.6123514   1.1816728  -1.1217116
   0.32754648  1.4208611   1.2616454   1.4992082   1.2765939   2.2003875 ]], shape=(1, 18), dtype=float32)"
1248,[10 2 2 6 2 2 0 0 0 0 0 2 0 0 0 4 0 0 0 0 0 30 0 0 16],"tf.Tensor([1.9931782  1.2347885  1.698893   1.8224244  0.84332883 1.        ], shape=(6,), dtype=float32)",0.0,[10 3 2 6 2 2 0 0 0 0 0 6 0 0 0 4 0 0 0 0 0 30 0 0 16],False,"tf.Tensor(
[[1.9931782  1.2347885  1.698893   1.8224244  0.84332883 1.7456654
  2.9558332  2.6886363  2.3269153  1.949884   1.5790589  0.0619394
  1.2332516  2.3604465  2.1010113  1.0469986  1.8003756  1.7393675 ]], shape=(1, 18), dtype=float32)"
1249,[10 3 2 6 2 2 0 0 0 0 0 6 0 0 0 4 0 0 0 0 0 30 0 0 16],"tf.Tensor([2.1952176 1.5250092 1.956927  2.3255498 1.4009691 2.       ], shape=(6,), dtype=float32)",0.0,[11 1 0 0 0 0 0 2 6 2 2 4 0 0 0 4 0 0 0 0 0 30 0 0 16],False,"tf.Tensor(
[[ 2.1952176  1.5250092  1.956927   2.3255498  1.4009691  1.34337
   2.6442728  2.7590246  2.3303418  1.7956103  1.9816992 -0.0444367
   2.2323425  2.3804095  2.6145263  1.4110365  2.0020804  1.6910648]], shape=(1, 18), dtype=float32)"
1250,[11 1 0 0 0 0 0 2 6 2 2 4 0 0 0 4 0 0 0 0 0 30 0 0 16],"tf.Tensor([1.9296832  1.3761092  1.808767   2.324047   0.27103487 1.        ], shape=(6,), dtype=float32)",0.4,[11 2 5 4 4 4 0 0 0 0 0 4 0 0 0 4 0 0 0 0 0 30 0 0 16],False,"tf.Tensor(
[[ 1.9296832   1.3761092   1.808767    2.324047    0.27103487  2.5149062
   4.3244815   2.139203    1.8116682   1.981094    1.4683629  -1.0613272
   0.7553196   1.3588554   1.6427927   1.8985465   1.739829    2.2094078 ]], shape=(1, 18), dtype=float32)"
1251,[11 2 5 4 4 4 0 0 0 0 0 4 0 0 0 4 0 0 0 0 0 30 0 0 16],"tf.Tensor([1.8885162 1.3988177 1.6773083 2.259631  1.0882901 1.       ], shape=(6,), dtype=float32)",0.1,[11 3 5 4 4 4 4 0 0 0 0 0 0 0 0 4 0 0 0 0 0 30 0 0 16],False,"tf.Tensor(
[[1.8885162  1.3988177  1.6773083  2.259631   1.0882901  1.6544921
  2.9371045  2.7210958  2.211733   1.9708554  2.1536193  0.04690726
  2.077767   2.4037037  2.582407   1.3770359  2.1876252  1.602725  ]], shape=(1, 18), dtype=float32)"
1252,[11 3 5 4 4 4 4 0 0 0 0 0 0 0 0 4 0 0 0 0 0 30 0 0 16],"tf.Tensor([1.7113613  1.4470265  1.3598871  1.9747953  0.75963527 1.        ], shape=(6,), dtype=float32)",0.0,[12 1 0 0 0 0 0 5 4 4 4 5 0 0 0 4 0 0 0 0 0 30 0 0 16],False,"tf.Tensor(
[[1.7113613  1.4470265  1.3598871  1.9747953  0.75963527 2.0311773
  3.3505337  2.787923   1.9829115  1.9783251  1.8222035  0.01548821
  1.3749988  2.2548501  1.7342986  1.4821787  2.0409255  1.699676  ]], shape=(1, 18), dtype=float32)"
1253,[12 1 0 0 0 0 0 5 4 4 4 5 0 0 0 4 0 0 0 0 0 30 0 0 16],"tf.Tensor([1.8670193  1.6077671  1.8108543  2.6243649  0.45829546 1.        ], shape=(6,), dtype=float32)",0.4,[12 2 3 1 6 2 0 0 0 0 0 2 0 0 0 4 0 0 0 0 0 30 0 0 16],False,"tf.Tensor(
[[ 1.8670193   1.6077671   1.8108543   2.6243649   0.45829546  2.8109927
   4.1225986   2.0416236   2.0068915   1.91952     2.0088375  -1.1237931
   1.2394326   1.4239928   1.8382336   2.4707131   1.9892443   2.512352  ]], shape=(1, 18), dtype=float32)"
1254,[12 2 3 1 6 2 0 0 0 0 0 2 0 0 0 4 0 0 0 0 0 30 0 0 16],"tf.Tensor([1.5419133  1.4098725  1.4278207  1.8455193  0.16860548 1.        ], shape=(6,), dtype=float32)",0.0,[12 3 3 1 6 2 0 0 0 0 0 5 0 0 0 4 0 0 0 0 0 30 0 0 16],False,"tf.Tensor(
[[ 1.5419133   1.4098725   1.4278207   1.8455193   0.16860548  1.8109428
   3.138268    2.7130103   1.4737117   2.2039084   1.5501568  -0.43825257
   0.72538453  2.0063646   1.5533264   1.0960131   1.7359192   1.7406136 ]], shape=(1, 18), dtype=float32)"
1255,[12 3 3 1 6 2 0 0 0 0 0 5 0 0 0 4 0 0 0 0 0 30 0 0 16],"tf.Tensor([1.8563272  1.5678222  1.6563444  2.1982653  0.79351825 1.        ], shape=(6,), dtype=float32)",4.0,[13 1 0 0 0 0 0 3 1 6 2 1 0 2 0 4 0 0 0 0 0 30 0 0 16],False,"tf.Tensor(
[[ 1.8563272   1.5678222   1.6563444   2.1982653   0.79351825  1.6395559
   2.7718782   2.6760457   1.8298235   1.979321    1.9076078  -0.37768984
   1.587559    2.1590214   2.0899374   1.343575    1.8822867   1.7357804 ]], shape=(1, 18), dtype=float32)"
1256,[13 1 0 0 0 0 0 3 1 6 2 1 0 2 0 4 0 0 0 0 0 30 0 0 16],"tf.Tensor([ 1.6279244   1.107176    1.8029194   2.0111294  -0.20894708  1.        ], shape=(6,), dtype=float32)",0.4,[13 2 6 4 4 6 0 0 0 0 0 5 0 2 0 4 0 0 0 0 0 30 0 0 16],False,"tf.Tensor(
[[ 1.6279244   1.107176    1.8029194   2.0111294  -0.20894708  2.7711806
   3.8523622   2.3015778   2.2211738   2.238549    1.7971234  -0.6591374
   0.304561    1.2523115   1.4543749   2.0490432   1.4133036   2.4214678 ]], shape=(1, 18), dtype=float32)"
1257,[13 2 6 4 4 6 0 0 0 0 0 5 0 2 0 4 0 0 0 0 0 30 0 0 16],"tf.Tensor([1.980094  1.341957  1.8556262 2.5145307 1.3225896 2.       ], shape=(6,), dtype=float32)",0.1,[13 3 6 4 4 6 5 0 0 0 0 0 0 2 0 4 0 0 0 0 0 30 0 0 16],False,"tf.Tensor(
[[1.980094   1.341957   1.8556262  2.5145307  1.3225896  1.673428
  3.0619278  3.2441523  2.3537416  2.1205132  2.6915755  0.50578815
  2.5148587  2.7377644  2.7912602  1.6289138  2.457219   1.7174915 ]], shape=(1, 18), dtype=float32)"
1258,[13 3 6 4 4 6 5 0 0 0 0 0 0 2 0 4 0 0 0 0 0 30 0 0 16],"tf.Tensor([1.7725397 1.4475607 1.3418362 2.1088195 1.134507  1.       ], shape=(6,), dtype=float32)",-4.0,[14 1 0 0 0 0 0 6 4 4 6 5 0 0 0 4 0 0 0 0 0 30 0 0 16],True,"tf.Tensor(
[[1.7725397 1.4475607 1.3418362 2.1088195 1.134507  2.1203136 3.1880145
  2.9670625 2.1448438 1.9037155 2.3549356 0.4973345 1.9219961 2.5734177
  1.7971177 1.6529006 2.2645369 1.740371 ]], shape=(1, 18), dtype=float32)"
1259,[1 1 0 0 0 0 0 4 1 2 5 6 0 0 0 0 0 0 0 0 0 0 0 0 0],"tf.Tensor([ 2.15977    2.8574817  1.5382074  1.5089984  3.2937725 11.       ], shape=(6,), dtype=float32)",0.5,[1 2 4 1 2 5 6 0 0 0 0 0 0 0 0 0 0 0 0 0 0 0 0 0 0],False,"tf.Tensor(
[[2.15977   2.8574817 1.5382074 1.5089984 3.2937725 2.9272168 3.2074711
  1.7558665 3.7360084 1.1383196 2.2206378 2.2157266 3.4134243 3.1443815
  2.7634091 2.5788908 3.9613595 2.0318177]], shape=(1, 18), dtype=float32)"
1260,[1 2 4 1 2 5 6 0 0 0 0 0 0 0 0 0 0 0 0 0 0 0 0 0 0],"tf.Tensor([2.3625393 2.7143896 1.6681485 2.1437414 3.119188  3.       ], shape=(6,), dtype=float32)",0.0,[1 3 4 1 2 5 6 0 0 0 0 0 0 0 0 0 0 0 0 0 0 0 0 0 0],False,"tf.Tensor(
[[2.3625393 2.7143896 1.6681485 2.1437414 3.119188  2.1488922 2.267258
  2.0723612 3.3335752 1.7037526 2.5141137 1.7993073 3.133985  2.395917
  2.654481  2.7815046 3.1135626 2.592897 ]], shape=(1, 18), dtype=float32)"
1261,[1 3 4 1 2 5 6 0 0 0 0 0 0 0 0 0 0 0 0 0 0 0 0 0 0],"tf.Tensor([2.4516826 2.7096858 1.7569661 2.2565224 3.2039845 3.       ], shape=(6,), dtype=float32)",8.0,[2 1 0 0 0 0 0 4 1 2 5 6 0 0 0 4 0 0 0 0 0 0 0 0 0],False,"tf.Tensor(
[[2.4516826 2.7096858 1.7569661 2.2565224 3.2039845 2.2218487 2.3692076
  2.144818  3.4110632 1.748278  2.6469724 1.8350234 3.2720144 2.419952
  2.7915943 2.9234784 3.2028067 2.7453089]], shape=(1, 18), dtype=float32)"
1262,[2 1 0 0 0 0 0 4 1 2 5 6 0 0 0 4 0 0 0 0 0 0 0 0 0],[1 0 0 1 0 3],0.2,[2 2 1 4 0 0 0 0 3 3 0 2 0 0 0 4 0 0 0 0 0 0 0 0 0],False,"tf.Tensor(
[[2.2900076 2.784729  1.7909826 1.8089361 3.1008747 2.6134083 2.608596
  2.0554488 3.6097908 1.4402213 2.2324152 2.0326767 3.1645937 2.3778737
  3.0760202 2.6793525 3.753958  2.26632  ]], shape=(1, 18), dtype=float32)"
1263,[2 2 1 4 0 0 0 0 3 3 0 2 0 0 0 4 0 0 0 0 0 0 0 0 0],[ 0  1  1  0  1 11],0.30000000000000004,[2 3 1 4 3 3 2 0 0 0 0 0 0 0 0 4 0 0 0 0 0 0 0 0 0],False,"tf.Tensor(
[[2.1131635 1.6131601 1.5071105 2.0586545 1.8703016 1.6208421 2.0022972
  2.0781744 2.2555861 1.3997746 2.130587  1.2906911 2.537203  1.2414123
  2.4046957 2.616473  2.285574  2.526965 ]], shape=(1, 18), dtype=float32)"
1264,[2 3 1 4 3 3 2 0 0 0 0 0 0 0 0 4 0 0 0 0 0 0 0 0 0],"tf.Tensor([ 2.4901075  1.7602155  1.6893257  2.6841328  1.3639286 12.       ], shape=(6,), dtype=float32)",26.0,[3 1 0 0 0 0 0 1 4 3 4 1 0 0 0 4 0 0 0 0 0 0 0 0 13],False,"tf.Tensor(
[[2.4901075 1.7602155 1.6893257 2.6841328 1.3639286 1.6643616 1.3750048
  2.5540397 2.17759   1.6052306 2.2745228 1.6316074 2.3534796 0.7546267
  2.8741078 2.746771  2.5131445 2.975464 ]], shape=(1, 18), dtype=float32)"
1265,[3 1 0 0 0 0 0 1 4 3 4 1 0 0 0 4 0 0 0 0 0 0 0 0 13],"tf.Tensor([2.2203398 1.639502  2.0291157 2.6360257 1.5305192 9.       ], shape=(6,), dtype=float32)",0.5,[3 2 6 4 4 3 3 0 0 0 0 0 0 0 0 4 0 0 0 0 0 0 0 0 13],False,"tf.Tensor(
[[2.2203398 1.639502  2.0291157 2.6360257 1.5305192 1.3033067 2.2072082
  2.9249763 2.0200799 2.1760373 2.6106622 2.301528  2.8729453 1.2460304
  3.106394  2.7634983 2.8929782 2.9012032]], shape=(1, 18), dtype=float32)"
1266,[3 2 6 4 4 3 3 0 0 0 0 0 0 0 0 4 0 0 0 0 0 0 0 0 13],"tf.Tensor([2.8803327 2.841827  3.0838578 3.4572318 2.645075  9.       ], shape=(6,), dtype=float32)",0.0,[3 3 6 4 4 3 3 0 0 0 0 0 0 0 0 4 0 0 0 0 0 0 0 0 13],False,"tf.Tensor(
[[2.8803327 2.841827  3.0838578 3.4572318 2.645075  2.0330265 3.59532
  3.6676717 4.06695   3.692658  3.5439568 2.7249792 4.441392  1.9708035
  5.3657575 3.792824  4.2381516 4.0588675]], shape=(1, 18), dtype=float32)"
1267,[3 3 6 4 4 3 3 0 0 0 0 0 0 0 0 4 0 0 0 0 0 0 0 0 13],"tf.Tensor([2.9701834 2.8456008 3.23247   3.5020301 2.6978605 9.       ], shape=(6,), dtype=float32)",0.0,[4 1 0 0 0 0 0 6 4 4 3 3 0 0 0 4 0 0 0 0 0 0 0 0 13],False,"tf.Tensor(
[[2.9701834 2.8456008 3.23247   3.5020301 2.6978605 2.0906107 3.7479994
  3.781364  4.2077246 3.778443  3.6396427 2.759915  4.5733523 1.9708122
  5.500741  3.878348  4.3305774 4.1494465]], shape=(1, 18), dtype=float32)"
1268,[4 1 0 0 0 0 0 6 4 4 3 3 0 0 0 4 0 0 0 0 0 0 0 0 13],"tf.Tensor([2.4579751 2.215567  2.4944477 2.7869222 2.5866506 7.       ], shape=(6,), dtype=float32)",0.5,[4 2 5 3 6 6 4 0 0 0 0 0 0 0 0 4 0 0 0 0 0 0 0 0 13],False,"tf.Tensor(
[[2.4579751 2.215567  2.4944477 2.7869222 2.5866506 2.4616485 3.5613596
  2.875897  3.1391327 2.4875045 2.8110867 2.533162  4.452594  2.2444375
  4.275312  3.1880498 4.23036   3.4742665]], shape=(1, 18), dtype=float32)"
1269,[4 2 5 3 6 6 4 0 0 0 0 0 0 0 0 4 0 0 0 0 0 0 0 0 13],"tf.Tensor([3.3890948 2.77575   3.0241704 4.083646  2.6127822 9.       ], shape=(6,), dtype=float32)",0.0,[4 3 5 3 6 6 4 0 0 0 0 0 0 0 0 4 0 0 0 0 0 0 0 0 13],False,"tf.Tensor(
[[3.3890948 2.77575   3.0241704 4.083646  2.6127822 2.411632  4.068641
  4.272537  3.9967563 3.545037  4.1929936 3.1762025 4.6752834 2.1883755
  5.639252  4.4747663 4.5338993 4.734342 ]], shape=(1, 18), dtype=float32)"
1270,[4 3 5 3 6 6 4 0 0 0 0 0 0 0 0 4 0 0 0 0 0 0 0 0 13],"tf.Tensor([3.4860268 2.815966  3.1893482 4.1420302 2.7006853 9.       ], shape=(6,), dtype=float32)",60.0,[5 1 0 0 0 0 0 5 3 6 6 4 0 0 0 4 0 0 0 0 0 30 0 0 13],False,"tf.Tensor(
[[3.4860268 2.815966  3.1893482 4.1420302 2.7006853 2.4636893 4.183539
  4.3788447 4.1322722 3.621721  4.291309  3.240551  4.8388066 2.1567407
  5.7764444 4.591762  4.651618  4.8489394]], shape=(1, 18), dtype=float32)"
1271,[5 1 0 0 0 0 0 5 3 6 6 4 0 0 0 4 0 0 0 0 0 30 0 0 13],"tf.Tensor([1.4803619 2.8352356 1.083879  2.5490563 0.9996336 1.       ], shape=(6,), dtype=float32)",0.5,[5 2 5 3 6 6 4 0 0 0 0 0 0 0 0 4 0 0 0 0 0 30 0 0 13],False,"tf.Tensor(
[[ 1.4803619  2.8352356  1.083879   2.5490563  0.9996336  2.7960753
   3.4935842  1.2449526  1.9318897  1.0324614  1.4032954 -1.5353718
   0.8584227  1.3483019  0.9999943  2.0829806  2.4931295  2.062199 ]], shape=(1, 18), dtype=float32)"
1272,[5 2 5 3 6 6 4 0 0 0 0 0 0 0 0 4 0 0 0 0 0 30 0 0 13],[1 0 1 0 0 4],0.0,[5 3 5 3 6 6 4 0 0 0 0 0 0 0 0 4 0 0 0 0 0 30 0 0 13],False,"tf.Tensor(
[[ 1.7256235   1.96307     0.97168434  2.0822482   1.2456553   1.8696029
   2.7451384   2.2349849   1.3506843   0.65208113  1.3809571  -0.7261965
   1.5356863   2.151429    1.0571676   1.4805007   2.2337816   1.3225905 ]], shape=(1, 18), dtype=float32)"
1273,[5 3 5 3 6 6 4 0 0 0 0 0 0 0 0 4 0 0 0 0 0 30 0 0 13],"tf.Tensor([1.7170347  1.9628971  0.98573613 2.1035082  1.2262313  1.        ], shape=(6,), dtype=float32)",0.0,[6 1 0 0 0 0 0 5 3 6 6 4 0 0 0 4 0 0 0 0 0 30 0 0 13],False,"tf.Tensor(
[[ 1.7170347   1.9628971   0.98573613  2.1035082   1.2262313   1.9065496
   2.852354    2.2650044   1.3472621   0.668237    1.3806537  -0.7683575
   1.5247363   2.1443548   1.0638585   1.520407    2.2712247   1.3332717 ]], shape=(1, 18), dtype=float32)"
1274,[6 1 0 0 0 0 0 5 3 6 6 4 0 0 0 4 0 0 0 0 0 30 0 0 13],"tf.Tensor([1.5869162 2.6562762 1.1622343 2.4779618 0.9616207 1.       ], shape=(6,), dtype=float32)",0.5,[6 2 3 1 1 5 1 0 0 0 0 0 0 0 0 4 0 0 0 0 0 30 0 0 13],False,"tf.Tensor(
[[ 1.5869162  2.6562762  1.1622343  2.4779618  0.9616207  2.9019163
   3.4236836  1.2875581  1.9537629  0.9940407  1.5422735 -1.511754
   0.8344818  1.3296989  1.1140008  2.0793478  2.3180065  2.0468986]], shape=(1, 18), dtype=float32)"
1275,[6 2 3 1 1 5 1 0 0 0 0 0 0 0 0 4 0 0 0 0 0 30 0 0 13],"tf.Tensor([ 1.099271    1.4892751   0.98334146  1.6950717  -0.2013826   1.        ], shape=(6,), dtype=float32)",0.0,[6 3 3 1 1 5 1 0 0 0 0 0 0 0 0 4 0 0 0 0 0 30 0 0 13],False,"tf.Tensor(
[[ 1.099271    1.4892751   0.98334146  1.6950717  -0.2013826   2.3251371
   4.354189    2.5102615   0.82386744  1.2542214   0.74598455 -1.4148245
   0.02215273  1.3827187   0.5327234   1.4198253   2.2119045   1.3408114 ]], shape=(1, 18), dtype=float32)"
1276,[6 3 3 1 1 5 1 0 0 0 0 0 0 0 0 4 0 0 0 0 0 30 0 0 13],"tf.Tensor([ 1.1084992   1.5004745   1.0149726   1.7030755  -0.21505353  1.        ], shape=(6,), dtype=float32)",0.0,[7 1 0 0 0 0 0 3 1 1 5 1 0 0 0 4 0 0 0 0 0 30 0 0 13],False,"tf.Tensor(
[[ 1.1084992e+00  1.5004745e+00  1.0149726e+00  1.7030755e+00
  -2.1505353e-01  2.3873663e+00  4.4489298e+00  2.5523674e+00
   8.7197554e-01  1.3041748e+00  7.4996257e-01 -1.4511681e+00
  -2.0023435e-04  1.3726100e+00  5.4357082e-01  1.4735770e+00
   2.2431037e+00  1.3691044e+00]], shape=(1, 18), dtype=float32)"
1277,[7 1 0 0 0 0 0 3 1 1 5 1 0 0 0 4 0 0 0 0 0 30 0 0 13],"tf.Tensor([ 1.5829555  1.5658396  1.4116364  1.7324322 -0.5421231  1.       ], shape=(6,), dtype=float32)",0.4,[7 2 5 4 3 2 0 0 0 0 0 4 0 0 0 4 0 0 0 0 0 30 0 0 13],False,"tf.Tensor(
[[ 1.5829555   1.5658396   1.4116364   1.7324322  -0.5421231   2.6739135
   4.187229    2.1037786   1.1359571   1.3526185   0.6471223  -1.8117731
  -0.7758774   0.8766934   0.04858967  1.7041531   1.4480507   2.1522365 ]], shape=(1, 18), dtype=float32)"
1278,[7 2 5 4 3 2 0 0 0 0 0 4 0 0 0 4 0 0 0 0 0 30 0 0 13],[ 0  0  1  0  0 10],0.0,[7 3 5 4 3 2 0 0 0 0 0 1 0 0 0 4 0 0 0 0 0 30 0 0 13],False,"tf.Tensor(
[[ 1.7418873   1.5707793   1.3696901   1.9832745   0.92116445  1.5098875
   2.965604    2.3038762   1.6632873   1.1048523   1.3879414  -0.5416349
   1.4984137   1.940996    1.6676207   1.2070992   2.0097551   1.2440116 ]], shape=(1, 18), dtype=float32)"
1279,[7 3 5 4 3 2 0 0 0 0 0 1 0 0 0 4 0 0 0 0 0 30 0 0 13],[ 0  1  1  0  1 10],60.0,[8 1 0 0 0 0 0 5 4 3 2 1 0 0 0 4 0 0 0 0 0 30 30 0 13],False,"tf.Tensor(
[[ 1.4285346   1.6163538   1.1304368   1.7590299   0.46672413  1.8610525
   3.481453    2.4517546   1.3304778   1.2730831   0.9364014  -0.94147015
   0.8307175   1.7428635   1.160444    1.2421575   2.083388    1.2612052 ]], shape=(1, 18), dtype=float32)"
1280,[8 1 0 0 0 0 0 5 4 3 2 1 0 0 0 4 0 0 0 0 0 30 30 0 13],"tf.Tensor([1.6550124 1.4505955 1.3231661 0.8322552 1.1734349 3.       ], shape=(6,), dtype=float32)",0.4,[8 2 4 5 3 5 0 0 0 0 1 0 0 0 0 4 0 0 0 0 0 30 30 0 13],False,"tf.Tensor(
[[ 1.6550124   1.4505955   1.3231661   0.8322552   1.1734349   1.0602536
   1.7144186   1.5548602   1.7714716   0.97945404 -0.17053431  0.26426023
   0.7942264   1.4443741   1.4595265   0.4910509   1.3696408   1.3258263 ]], shape=(1, 18), dtype=float32)"
1281,[8 2 4 5 3 5 0 0 0 0 1 0 0 0 0 4 0 0 0 0 0 30 30 0 13],"tf.Tensor([1.3766855 1.1558815 0.9650993 0.5438275 1.1556435 3.       ], shape=(6,), dtype=float32)",0.0,[8 3 4 5 3 5 0 0 0 0 3 0 0 0 0 4 0 0 0 0 0 30 30 0 13],False,"tf.Tensor(
[[1.3766855  1.1558815  0.9650993  0.5438275  1.1556435  0.857557
  0.9940791  1.1425431  1.7072843  1.0874928  0.32664868 0.37203056
  0.7416412  1.0857614  1.1616548  0.35526016 1.349964   0.8687628 ]], shape=(1, 18), dtype=float32)"
1282,[8 3 4 5 3 5 0 0 0 0 3 0 0 0 0 4 0 0 0 0 0 30 30 0 13],"tf.Tensor([1.4520254 1.4160672 1.0360824 0.5481808 1.2435864 3.       ], shape=(6,), dtype=float32)",0.0,[9 1 0 0 0 0 0 4 5 3 2 5 0 0 0 4 0 0 0 0 0 30 30 0 13],False,"tf.Tensor(
[[1.4520254  1.4160672  1.0360824  0.5481808  1.2435864  1.0687658
  1.0069488  1.3306943  2.0396824  1.2552651  0.40283653 0.56154776
  0.6831929  1.1935197  1.4101949  0.15946749 1.6846584  0.80423087]], shape=(1, 18), dtype=float32)"
1283,[9 1 0 0 0 0 0 4 5 3 2 5 0 0 0 4 0 0 0 0 0 30 30 0 13],"tf.Tensor([1.8720386  1.4939811  1.4317402  0.78453225 1.3423809  3.        ], shape=(6,), dtype=float32)",0.4,[9 2 6 1 4 2 0 0 0 0 4 0 0 0 0 4 0 0 0 0 0 30 30 0 13],False,"tf.Tensor(
[[1.8720386  1.4939811  1.4317402  0.78453225 1.3423809  1.1888798
  1.5945501  1.6068116  1.9220945  1.1388401  0.01377761 0.48111153
  0.7269859  1.4395034  1.4564576  0.50011045 1.5305067  1.2407238 ]], shape=(1, 18), dtype=float32)"
1284,[9 2 6 1 4 2 0 0 0 0 4 0 0 0 0 4 0 0 0 0 0 30 30 0 13],"tf.Tensor([1.2185119  1.4270394  0.9117414  0.41651458 1.0135804  3.        ], shape=(6,), dtype=float32)",0.0,[9 3 6 1 4 2 0 0 0 0 2 0 0 0 0 4 0 0 0 0 0 30 30 0 13],False,"tf.Tensor(
[[ 1.2185119   1.4270394   0.9117414   0.41651458  1.0135804   1.0714101
   0.9440234   1.1445191   1.931701    0.8773373   0.12287947  0.46461165
   0.4747188   1.1095469   1.2803044  -0.09316924  1.5628587   0.64958555]], shape=(1, 18), dtype=float32)"
1285,[9 3 6 1 4 2 0 0 0 0 2 0 0 0 0 4 0 0 0 0 0 30 30 0 13],"tf.Tensor([1.1758671  1.3561603  0.8575256  0.45225567 1.0216063  3.        ], shape=(6,), dtype=float32)",0.0,[10 1 0 0 0 0 0 6 1 4 2 2 0 0 0 4 0 0 0 0 0 30 30 0 13],False,"tf.Tensor(
[[1.1758671  1.3561603  0.8575256  0.45225567 1.0216063  1.0248497
  1.0490471  1.0076681  1.7023101  0.8627868  0.08685648 0.3585208
  0.689622   1.1561338  1.2883846  0.07896371 1.423394   0.75804293]], shape=(1, 18), dtype=float32)"
1286,[10 1 0 0 0 0 0 6 1 4 2 2 0 0 0 4 0 0 0 0 0 30 30 0 13],"tf.Tensor([1.6933134  1.6383466  1.2480273  0.77459913 1.3252712  3.        ], shape=(6,), dtype=float32)",0.4,[10 2 2 2 2 6 0 0 0 0 3 0 0 0 0 4 0 0 0 0 0 30 30 0 13],False,"tf.Tensor(
[[ 1.6933134   1.6383466   1.2480273   0.77459913  1.3252712   1.2388185
   1.7409499   1.5018611   2.0096657   1.0960518  -0.1143694   0.36740446
   0.9174304   1.5496229   1.6066995   0.483577    1.5745031   1.3419746 ]], shape=(1, 18), dtype=float32)"
1287,[10 2 2 2 2 6 0 0 0 0 3 0 0 0 0 4 0 0 0 0 0 30 30 0 13],"tf.Tensor([1.4066117 1.2187783 0.980413  0.6758986 1.1985008 3.       ], shape=(6,), dtype=float32)",0.0,[10 3 2 2 2 6 0 0 0 0 6 0 0 0 0 4 0 0 0 0 0 30 30 0 13],False,"tf.Tensor(
[[1.4066117  1.2187783  0.980413   0.6758986  1.1985008  0.9009557
  1.2427707  1.2726444  1.6019326  1.0215387  0.06729703 0.3148448
  0.95118463 1.3375142  1.3138117  0.32929522 1.3194226  1.1802524 ]], shape=(1, 18), dtype=float32)"
1288,[10 3 2 2 2 6 0 0 0 0 6 0 0 0 0 4 0 0 0 0 0 30 30 0 13],"tf.Tensor([1.4705955 1.4153907 1.0582788 0.6105038 1.2069503 3.       ], shape=(6,), dtype=float32)",-8.0,[11 1 0 0 0 0 0 2 2 2 1 6 0 0 0 0 0 0 0 0 0 30 30 0 13],False,"tf.Tensor(
[[1.4705955  1.4153907  1.0582788  0.6105038  1.2069503  1.0337231
  1.2107842  1.2717721  1.8740175  1.1438987  0.12638837 0.2808626
  0.9929013  1.4541253  1.5655916  0.23090042 1.459741   1.1631134 ]], shape=(1, 18), dtype=float32)"
1289,[11 1 0 0 0 0 0 2 2 2 1 6 0 0 0 0 0 0 0 0 0 30 30 0 13],"tf.Tensor([1.5944657 1.084926  1.1441075 0.7261021 1.1507609 3.       ], shape=(6,), dtype=float32)",0.4,[11 2 5 4 4 1 0 0 0 0 3 0 0 0 0 0 0 0 0 0 0 30 30 0 13],False,"tf.Tensor(
[[1.5944657  1.084926   1.1441075  0.7261021  1.1507609  1.0736862
  1.355729   1.3123877  1.5992916  0.842075   0.0563719  0.40728247
  0.53093475 1.0850507  0.9789408  0.54857033 1.3107749  1.0411781 ]], shape=(1, 18), dtype=float32)"
1290,[11 2 5 4 4 1 0 0 0 0 3 0 0 0 0 0 0 0 0 0 0 30 30 0 13],"tf.Tensor([1.1851773 1.288486  0.7060307 0.4315475 1.1869991 3.       ], shape=(6,), dtype=float32)",0.0,[11 3 5 4 4 1 0 0 0 0 2 0 0 0 0 0 0 0 0 0 0 30 30 0 13],False,"tf.Tensor(
[[1.1851773  1.288486   0.7060307  0.4315475  1.1869991  1.0367484
  0.9399724  1.0138052  1.82977    0.9787199  0.32021564 0.59958506
  0.614529   0.99952734 1.1430974  0.05923644 1.6975939  0.53686935]], shape=(1, 18), dtype=float32)"
1291,[11 3 5 4 4 1 0 0 0 0 2 0 0 0 0 0 0 0 0 0 0 30 30 0 13],"tf.Tensor([1.1184828  1.2070346  0.6754204  0.40176445 1.202834   3.        ], shape=(6,), dtype=float32)",16.0,[12 1 0 0 0 0 0 5 4 4 5 1 0 0 0 8 0 0 0 0 0 30 30 0 13],False,"tf.Tensor(
[[1.1184828  1.2070346  0.6754204  0.40176445 1.202834   1.0676843
  1.0593295  0.88833314 1.7236255  0.917018   0.31028304 0.5385992
  0.8211261  1.0339931  1.2034374  0.17691912 1.6209415  0.60909355]], shape=(1, 18), dtype=float32)"
1292,[12 1 0 0 0 0 0 5 4 4 5 1 0 0 0 8 0 0 0 0 0 30 30 0 13],"tf.Tensor([1.4646659 1.8068637 0.8834621 0.9016507 1.4463629 9.       ], shape=(6,), dtype=float32)",0.4,[12 2 4 3 3 6 0 0 0 5 0 0 0 0 0 8 0 0 0 0 0 30 30 0 13],False,"tf.Tensor(
[[ 1.4646659   1.8068637   0.8834621   0.9016507   1.4463629   1.4842029
   2.0880585   1.44494     1.7533623   1.1785083  -0.22114405  0.24553911
   1.446323    1.990427    2.1259003   0.47782117  1.7635994   1.5362709 ]], shape=(1, 18), dtype=float32)"
1293,[12 2 4 3 3 6 0 0 0 5 0 0 0 0 0 8 0 0 0 0 0 30 30 0 13],"tf.Tensor([ 1.0614289   1.3519709   0.45463693  0.86236614  1.318082   11.        ], shape=(6,), dtype=float32)",0.0,[12 3 4 3 3 6 0 0 0 1 0 0 0 0 0 8 0 0 0 0 0 30 30 0 13],False,"tf.Tensor(
[[1.0614289  1.3519709  0.45463693 0.86236614 1.318082   1.3671653
  1.3309911  1.4085748  1.3391759  1.2856908  0.46662173 0.93107206
  1.3999869  1.313939   1.864046   0.5099621  2.101145   1.2149991 ]], shape=(1, 18), dtype=float32)"
1294,[12 3 4 3 3 6 0 0 0 1 0 0 0 0 0 8 0 0 0 0 0 30 30 0 13],"tf.Tensor([ 1.2383113  1.4144975  0.6206562  0.9021629  1.3767906 11.       ], shape=(6,), dtype=float32)",0.0,[13 1 0 0 0 0 0 4 3 5 3 6 0 0 0 8 0 0 0 0 0 30 30 0 13],False,"tf.Tensor(
[[1.2383113  1.4144975  0.6206562  0.9021629  1.3767906  1.3213181
  1.5987958  1.3594908  1.465043   1.2484211  0.27846158 0.7618077
  1.521447   1.4915167  1.9806023  0.45892116 2.024989   1.3881016 ]], shape=(1, 18), dtype=float32)"
1295,[13 1 0 0 0 0 0 4 3 5 3 6 0 0 0 8 0 0 0 0 0 30 30 0 13],"tf.Tensor([1.6617055 1.8461239 1.1597543 0.8156494 1.5001985 3.       ], shape=(6,), dtype=float32)",0.4,[13 2 1 1 3 5 0 0 0 0 2 0 0 0 0 8 0 0 0 0 0 30 30 0 13],False,"tf.Tensor(
[[1.6617055  1.8461239  1.1597543  0.8156494  1.5001985  1.4141003
  1.780057   1.7563442  2.0656104  1.5062304  0.09681535 0.58550185
  1.2022785  1.8831123  2.0411735  0.47022846 1.9168346  1.3893042 ]], shape=(1, 18), dtype=float32)"
1296,[13 2 1 1 3 5 0 0 0 0 2 0 0 0 0 8 0 0 0 0 0 30 30 0 13],[0 1 1 1 0 4],0.1,[13 3 1 1 3 5 2 0 0 0 0 0 0 0 0 8 0 0 0 0 0 30 30 0 13],False,"tf.Tensor(
[[1.4124011  1.4328249  0.7613587  0.9986713  1.2559168  1.0359246
  1.4003636  1.6036148  1.4338305  1.2015947  0.27153078 0.5396812
  1.2397641  1.677919   1.8165964  0.2269012  1.7588714  1.4144526 ]], shape=(1, 18), dtype=float32)"
1297,[13 3 1 1 3 5 2 0 0 0 0 0 0 0 0 8 0 0 0 0 0 30 30 0 13],"tf.Tensor([1.3384379 1.3622057 0.6548292 1.0181249 1.1880715 9.       ], shape=(6,), dtype=float32)",-60.0,[14 1 0 0 0 0 0 1 1 3 4 5 0 0 0 8 0 0 0 0 0 0 30 0 13],True,"tf.Tensor(
[[1.3384379  1.3622057  0.6548292  1.0181249  1.1880715  0.9978622
  1.3507086  1.6018614  1.2943314  1.1755351  0.33631763 0.6062138
  1.1954595  1.5900688  1.7644231  0.25061816 1.7320864  1.360688  ]], shape=(1, 18), dtype=float32)"
1298,[1 1 0 0 0 0 0 1 1 5 6 6 0 0 0 0 0 0 0 0 0 0 0 0 0],"tf.Tensor([2.391837  3.3607166 1.8957417 1.502229  2.936453  8.       ], shape=(6,), dtype=float32)",0.5,[1 2 1 1 5 6 6 0 0 0 0 0 0 0 0 0 0 0 0 0 0 0 0 0 0],False,"tf.Tensor(
[[2.391837  3.3607166 1.8957417 1.502229  2.936453  2.1802464 2.4962802
  1.6663322 2.8637743 1.3421676 2.3925498 2.5412872 3.8245733 4.003321
  2.437833  3.150303  3.3506544 2.136674 ]], shape=(1, 18), dtype=float32)"
1299,[1 2 1 1 5 6 6 0 0 0 0 0 0 0 0 0 0 0 0 0 0 0 0 0 0],"tf.Tensor([ 2.6571822  2.7605941  1.9603949  2.8005495  2.4888918 10.       ], shape=(6,), dtype=float32)",0.0,[1 3 1 1 5 6 6 0 0 0 0 0 0 0 0 0 0 0 0 0 0 0 0 0 0],False,"tf.Tensor(
[[2.6571822 2.7605941 1.9603949 2.8005495 2.4888918 1.863162  2.072372
  2.6293254 3.0203137 1.711164  2.9329855 1.8754334 3.1907978 1.8002617
  3.0268881 3.3403008 2.9246826 3.1058297]], shape=(1, 18), dtype=float32)"
1300,[1 3 1 1 5 6 6 0 0 0 0 0 0 0 0 0 0 0 0 0 0 0 0 0 0],"tf.Tensor([ 2.7046258  2.72212    1.9699651  2.880124   2.55412   10.       ], shape=(6,), dtype=float32)",0.0,[2 1 0 0 0 0 0 1 1 5 6 6 0 0 0 0 0 0 0 0 0 0 0 0 0],False,"tf.Tensor(
[[2.7046258 2.72212   1.9699651 2.880124  2.55412   1.9271939 2.1449616
  2.6538756 3.038056  1.7298442 3.0097988 1.8541205 3.3195755 1.8143334
  3.1097217 3.4334953 2.9516292 3.2243717]], shape=(1, 18), dtype=float32)"
1301,[2 1 0 0 0 0 0 1 1 5 6 6 0 0 0 0 0 0 0 0 0 0 0 0 0],"tf.Tensor([2.5402098 3.3428433 1.9335324 1.5239424 2.944619  8.       ], shape=(6,), dtype=float32)",0.5,[2 2 2 5 2 1 3 0 0 0 0 0 0 0 0 0 0 0 0 0 0 0 0 0 0],False,"tf.Tensor(
[[2.5402098 3.3428433 1.9335324 1.5239424 2.944619  2.3033566 2.685224
  1.746499  3.0060546 1.3696669 2.4200847 2.5676718 3.892046  4.121855
  2.474264  3.2544842 3.4553547 2.182056 ]], shape=(1, 18), dtype=float32)"
1302,[2 2 2 5 2 1 3 0 0 0 0 0 0 0 0 0 0 0 0 0 0 0 0 0 0],"tf.Tensor([2.3614876 2.1426988 1.7308104 2.0887115 2.3635175 3.       ], shape=(6,), dtype=float32)",0.0,[2 3 2 5 2 1 3 0 0 0 0 0 0 0 0 0 0 0 0 0 0 0 0 0 0],False,"tf.Tensor(
[[2.3614876 2.1426988 1.7308104 2.0887115 2.3635175 1.8193231 1.967274
  2.141925  2.888552  1.7622894 2.2195137 1.2951295 2.805075  1.6957895
  2.7018452 2.6916575 2.530603  2.5848174]], shape=(1, 18), dtype=float32)"
1303,[2 3 2 5 2 1 3 0 0 0 0 0 0 0 0 0 0 0 0 0 0 0 0 0 0],"tf.Tensor([2.4062681 2.159091  1.8137902 2.0984492 2.4527295 3.       ], shape=(6,), dtype=float32)",0.0,[3 1 0 0 0 0 0 2 5 2 1 3 0 0 0 0 0 0 0 0 0 0 0 0 0],False,"tf.Tensor(
[[2.4062681 2.159091  1.8137902 2.0984492 2.4527295 1.9011073 2.1202054
  2.1873481 3.0649397 1.8420562 2.278613  1.2380997 2.9168682 1.7366127
  2.8059533 2.729129  2.5792806 2.6347933]], shape=(1, 18), dtype=float32)"
1304,[3 1 0 0 0 0 0 2 5 2 1 3 0 0 0 0 0 0 0 0 0 0 0 0 0],"tf.Tensor([2.1967375 1.9502828 1.227058  1.8130138 2.4933906 7.       ], shape=(6,), dtype=float32)",0.5,[3 2 5 1 5 6 4 0 0 0 0 0 0 0 0 0 0 0 0 0 0 0 0 0 0],False,"tf.Tensor(
[[2.1967375 1.9502828 1.227058  1.8130138 2.4933906 2.0470467 2.401927
  1.9373026 2.641649  1.3362252 2.281968  1.7026052 2.7573678 2.4272
  2.196036  2.491424  2.7558713 2.237105 ]], shape=(1, 18), dtype=float32)"
1305,[3 2 5 1 5 6 4 0 0 0 0 0 0 0 0 0 0 0 0 0 0 0 0 0 0],"tf.Tensor([ 3.106069   2.9930038  2.1235065  3.13753    3.402121  11.       ], shape=(6,), dtype=float32)",0.0,[3 3 5 1 5 6 4 0 0 0 0 0 0 0 0 0 0 0 0 0 0 0 0 0 0],False,"tf.Tensor(
[[3.106069  2.9930038 2.1235065 3.13753   3.402121  2.5329304 2.9761734
  3.1057196 3.7083817 2.0356882 3.3984787 2.866592  3.9217155 2.352998
  3.731452  3.9882948 4.0698414 3.7045429]], shape=(1, 18), dtype=float32)"
1306,[3 3 5 1 5 6 4 0 0 0 0 0 0 0 0 0 0 0 0 0 0 0 0 0 0],"tf.Tensor([ 3.2001328  2.9762652  2.197172   3.2526271  3.4621966 11.       ], shape=(6,), dtype=float32)",0.0,[4 1 0 0 0 0 0 5 1 5 6 4 0 0 0 0 0 0 0 0 0 0 0 0 0],False,"tf.Tensor(
[[3.2001328 2.9762652 2.197172  3.2526271 3.4621966 2.5411947 2.9856904
  3.1748052 3.7477703 2.0862682 3.5264003 2.8761349 3.996622  2.367679
  3.769912  4.055209  4.0989084 3.8360684]], shape=(1, 18), dtype=float32)"
1307,[4 1 0 0 0 0 0 5 1 5 6 4 0 0 0 0 0 0 0 0 0 0 0 0 0],"tf.Tensor([ 2.904771   3.3406448  1.8619913  2.0689292  3.8311415 11.       ], shape=(6,), dtype=float32)",0.5,[4 2 4 3 1 1 1 0 0 0 0 0 0 0 0 0 0 0 0 0 0 0 0 0 0],False,"tf.Tensor(
[[2.904771  3.3406448 1.8619913 2.0689292 3.8311415 3.6706953 3.96646
  2.3302777 4.4828    1.5559138 2.6968343 2.7001603 4.2508764 4.1924067
  3.446207  3.2037468 5.034245  2.471777 ]], shape=(1, 18), dtype=float32)"
1308,[4 2 4 3 1 1 1 0 0 0 0 0 0 0 0 0 0 0 0 0 0 0 0 0 0],"tf.Tensor([1.9145992 1.656942  1.5076153 1.7886798 2.4679272 7.       ], shape=(6,), dtype=float32)",0.0,[4 3 4 3 1 1 1 0 0 0 0 0 0 0 0 0 0 0 0 0 0 0 0 0 0],False,"tf.Tensor(
[[1.9145992 1.656942  1.5076153 1.7886798 2.4679272 1.8110051 2.4719934
  1.8811029 2.698745  1.6608982 2.0504017 1.5546181 2.7366817 1.6630459
  2.538974  2.642982  2.4878821 2.467541 ]], shape=(1, 18), dtype=float32)"
1309,[4 3 4 3 1 1 1 0 0 0 0 0 0 0 0 0 0 0 0 0 0 0 0 0 0],"tf.Tensor([2.019389  1.6978315 1.6048037 1.8177308 2.5884426 3.       ], shape=(6,), dtype=float32)",8.0,[5 1 0 0 0 0 0 4 3 1 1 1 0 0 0 4 0 0 0 0 0 0 0 0 0],False,"tf.Tensor(
[[2.019389  1.6978315 1.6048037 1.8177308 2.5884426 1.9141123 2.6671326
  1.9752368 2.9044483 1.7338026 2.129168  1.5978953 2.8716354 1.7256784
  2.6613677 2.7670689 2.5843623 2.5710785]], shape=(1, 18), dtype=float32)"
1310,[5 1 0 0 0 0 0 4 3 1 1 1 0 0 0 4 0 0 0 0 0 0 0 0 0],"tf.Tensor([ 2.1860301  2.014031   1.0570127  2.4860542  1.9549046 11.       ], shape=(6,), dtype=float32)",0.5,[5 2 2 6 5 4 1 0 0 0 0 0 0 0 0 4 0 0 0 0 0 0 0 0 0],False,"tf.Tensor(
[[2.1860301 2.014031  1.0570127 2.4860542 1.9549046 1.9533427 1.9275867
  2.4056346 2.0445962 1.5924541 2.345799  1.883336  2.6241844 1.8427918
  2.9740143 2.3390326 3.0785913 2.6268508]], shape=(1, 18), dtype=float32)"
1311,[5 2 2 6 5 4 1 0 0 0 0 0 0 0 0 4 0 0 0 0 0 0 0 0 0],"tf.Tensor([ 3.4937673  2.3527088  2.1796412  3.5317717  1.957451  12.       ], shape=(6,), dtype=float32)",0.0,[5 3 2 6 5 4 1 0 0 0 0 0 0 0 0 4 0 0 0 0 0 0 0 0 0],False,"tf.Tensor(
[[3.4937673 2.3527088 2.1796412 3.5317717 1.957451  2.4207008 2.2439454
  3.5997865 3.271245  2.0773196 3.2194989 2.5355759 3.0885825 1.0880728
  3.8623283 4.056396  3.3639998 4.180925 ]], shape=(1, 18), dtype=float32)"
1312,[5 3 2 6 5 4 1 0 0 0 0 0 0 0 0 4 0 0 0 0 0 0 0 0 0],"tf.Tensor([ 3.5084593  2.3408906  2.2670212  3.5660799  2.0062008 12.       ], shape=(6,), dtype=float32)",36.0,[6 1 0 0 0 0 0 2 6 5 4 1 0 0 0 4 0 0 0 0 0 0 0 0 18],False,"tf.Tensor(
[[3.5084593 2.3408906 2.2670212 3.5660799 2.0062008 2.4615777 2.3778486
  3.6327121 3.3648484 2.1635244 3.3089154 2.5530713 3.1944284 1.1110553
  3.9778075 4.158371  3.3786118 4.27114  ]], shape=(1, 18), dtype=float32)"
1313,[6 1 0 0 0 0 0 2 6 5 4 1 0 0 0 4 0 0 0 0 0 0 0 0 18],"tf.Tensor([2.995493  2.184623  2.8322403 3.611284  2.019831  9.       ], shape=(6,), dtype=float32)",0.5,[6 2 5 5 3 3 4 0 0 0 0 0 0 0 0 4 0 0 0 0 0 0 0 0 18],False,"tf.Tensor(
[[2.995493  2.184623  2.8322403 3.611284  2.019831  1.8577955 3.5088546
  3.9678488 2.9616737 3.0157847 3.6831133 3.229695  4.072531  1.8636792
  4.4556046 4.0037336 4.066204  3.9741678]], shape=(1, 18), dtype=float32)"
1314,[6 2 5 5 3 3 4 0 0 0 0 0 0 0 0 4 0 0 0 0 0 0 0 0 18],[1 0 1 1 0 5],0.0,[6 3 5 5 3 3 4 0 0 0 0 0 0 0 0 4 0 0 0 0 0 0 0 0 18],False,"tf.Tensor(
[[3.1933432 2.9484334 3.407523  3.7165933 2.6636178 2.1533206 4.5038404
  4.305453  4.5408587 4.149623  4.181866  3.1838176 4.801035  2.3165128
  5.923269  4.459977  4.4194207 4.5196247]], shape=(1, 18), dtype=float32)"
1315,[6 3 5 5 3 3 4 0 0 0 0 0 0 0 0 4 0 0 0 0 0 0 0 0 18],"tf.Tensor([3.2677407 2.972991  3.5566149 3.7331126 2.7473013 9.       ], shape=(6,), dtype=float32)",0.0,[7 1 0 0 0 0 0 5 5 3 3 4 0 0 0 4 0 0 0 0 0 0 0 0 18],False,"tf.Tensor(
[[3.2677407 2.972991  3.5566149 3.7331126 2.7473013 2.2000427 4.6098127
  4.395629  4.699932  4.239775  4.2626767 3.2330208 4.9332576 2.2780645
  6.0543237 4.532554  4.4922247 4.6211967]], shape=(1, 18), dtype=float32)"
1316,[7 1 0 0 0 0 0 5 5 3 3 4 0 0 0 4 0 0 0 0 0 0 0 0 18],"tf.Tensor([3.0932271 2.2936857 3.0504205 3.4088542 2.552256  9.       ], shape=(6,), dtype=float32)",0.5,[7 2 2 3 1 4 5 0 0 0 0 0 0 0 0 4 0 0 0 0 0 0 0 0 18],False,"tf.Tensor(
[[3.0932271 2.2936857 3.0504205 3.4088542 2.552256  2.4155133 4.080575
  3.8578575 3.5715175 3.0621576 3.6085749 3.1682746 4.6720552 2.2622483
  4.797641  3.771053  4.668798  3.999555 ]], shape=(1, 18), dtype=float32)"
1317,[7 2 2 3 1 4 5 0 0 0 0 0 0 0 0 4 0 0 0 0 0 0 0 0 18],"tf.Tensor([2.8403208 1.9203314 2.6074796 3.1551778 1.54194   9.       ], shape=(6,), dtype=float32)",0.0,[7 3 2 3 1 4 5 0 0 0 0 0 0 0 0 4 0 0 0 0 0 0 0 0 18],False,"tf.Tensor(
[[2.8403208 1.9203314 2.6074796 3.1551778 1.54194   1.7539775 3.6177025
  4.1084695 3.2680662 3.2630258 3.8952656 3.1488094 3.3922622 1.7226372
  4.694613  3.6073124 3.3772278 3.9237342]], shape=(1, 18), dtype=float32)"
1318,[7 3 2 3 1 4 5 0 0 0 0 0 0 0 0 4 0 0 0 0 0 0 0 0 18],"tf.Tensor([2.8683212 1.9402733 2.7520688 3.1726117 1.643194  9.       ], shape=(6,), dtype=float32)",60.0,[8 1 0 0 0 0 0 2 3 1 4 5 0 0 0 4 0 0 0 0 0 30 0 0 18],False,"tf.Tensor(
[[2.8683212 1.9402733 2.7520688 3.1726117 1.643194  1.7916098 3.763926
  4.1369195 3.414696  3.3339021 3.9608412 3.1497614 3.5725408 1.6997634
  4.83672   3.6868496 3.4446301 4.0117517]], shape=(1, 18), dtype=float32)"
1319,[8 1 0 0 0 0 0 2 3 1 4 5 0 0 0 4 0 0 0 0 0 30 0 0 18],"tf.Tensor([2.2902696 2.0712214 1.7314347 2.1520975 0.562007  1.       ], shape=(6,), dtype=float32)",0.4,[8 2 2 3 1 2 0 0 0 0 0 3 0 0 0 4 0 0 0 0 0 30 0 0 18],False,"tf.Tensor(
[[ 2.2902696  2.0712214  1.7314347  2.1520975  0.562007   1.7716107
   2.747835   1.7130404  1.7737385  1.4444816  1.0946283 -1.5768166
   0.5147273  1.5930723  1.0557778  1.1819081  1.1833167  2.2269866]], shape=(1, 18), dtype=float32)"
1320,[8 2 2 3 1 2 0 0 0 0 0 3 0 0 0 4 0 0 0 0 0 30 0 0 18],"tf.Tensor([2.0842378 1.5677744 1.8176327 1.7326108 0.471933  1.       ], shape=(6,), dtype=float32)",0.0,[8 3 2 3 1 2 0 0 0 0 0 1 0 0 0 4 0 0 0 0 0 30 0 0 18],False,"tf.Tensor(
[[ 2.0842378   1.5677744   1.8176327   1.7326108   0.471933    1.5450103
   2.8763864   2.3023095   2.0298736   1.8026284   1.0131238  -0.79623896
   0.5562277   2.0213184   1.5359809   0.7486675   1.4608996   1.9454179 ]], shape=(1, 18), dtype=float32)"
1321,[8 3 2 3 1 2 0 0 0 0 0 1 0 0 0 4 0 0 0 0 0 30 0 0 18],"tf.Tensor([ 1.8487835   1.4789253   1.7496513   1.5702329  -0.05277969  1.        ], shape=(6,), dtype=float32)",8.0,[9 1 0 0 0 0 0 2 3 1 2 5 0 4 0 4 0 0 0 0 0 30 0 0 18],False,"tf.Tensor(
[[ 1.8487835   1.4789253   1.7496513   1.5702329  -0.05277969  1.7150862
   3.399012    2.401251    1.7642866   2.0270333   0.8013035  -0.95697355
  -0.03657871  1.8420796   1.20377     0.74330556  1.39061     1.9798747 ]], shape=(1, 18), dtype=float32)"
1322,[9 1 0 0 0 0 0 2 3 1 2 5 0 4 0 4 0 0 0 0 0 30 0 0 18],[0 0 1 1 0 4],0.2,[9 2 5 2 0 0 0 4 1 0 0 1 0 4 0 4 0 0 0 0 0 30 0 0 18],False,"tf.Tensor(
[[ 2.3750186   2.1142735   1.8309301   2.2846007   0.87340117  1.2760508
   2.2757595   1.8614076   1.7836689   1.4980897   1.6023306  -1.1533939
   1.0278649   1.9667873   1.2746089   1.1191807   1.0923386   2.1625035 ]], shape=(1, 18), dtype=float32)"
1323,[9 2 5 2 0 0 0 4 1 0 0 1 0 4 0 4 0 0 0 0 0 30 0 0 18],"tf.Tensor([1.6109196  1.5671198  1.724555   2.147047   0.03165016 1.        ], shape=(6,), dtype=float32)",0.2,[9 3 5 2 4 1 0 0 0 0 0 1 0 4 0 4 0 0 0 0 0 30 0 0 18],False,"tf.Tensor(
[[ 1.6109196   1.5671198   1.724555    2.147047    0.03165016  1.9907429
   3.7844694   2.1952755   1.5051744   2.19603     1.7444849  -1.0591005
   0.7704047   1.4524946   1.466657    1.576507    1.7722077   2.1273725 ]], shape=(1, 18), dtype=float32)"
1324,[9 3 5 2 4 1 0 0 0 0 0 1 0 4 0 4 0 0 0 0 0 30 0 0 18],"tf.Tensor([2.0736332 1.6220516 1.9584683 1.9395382 0.3747716 1.       ], shape=(6,), dtype=float32)",-4.0,[10 1 0 0 0 0 0 5 2 5 2 1 0 2 0 4 0 0 0 0 0 30 0 0 18],False,"tf.Tensor(
[[ 2.0736332   1.6220516   1.9584683   1.9395382   0.3747716   1.3847518
   2.6181033   2.482453    1.8823605   1.9525073   1.7932203  -0.41889584
   0.8715394   2.0329087   1.5072511   1.0229529   1.3177058   1.9210871 ]], shape=(1, 18), dtype=float32)"
1325,[10 1 0 0 0 0 0 5 2 5 2 1 0 2 0 4 0 0 0 0 0 30 0 0 18],"tf.Tensor([ 1.7810066   1.5815849   1.654518    2.1026173  -0.04086536  1.        ], shape=(6,), dtype=float32)",0.4,[10 2 1 4 2 1 0 0 0 0 0 1 0 2 0 4 0 0 0 0 0 30 0 0 18],False,"tf.Tensor(
[[ 1.7810066   1.5815849   1.654518    2.1026173  -0.04086536  2.5025158
   3.5060532   1.9429516   1.9532027   1.9243432   1.5785722  -1.2930481
   0.23637658  1.2924495   1.0682513   1.7349664   1.3318957   2.4138806 ]], shape=(1, 18), dtype=float32)"
1326,[10 2 1 4 2 1 0 0 0 0 0 1 0 2 0 4 0 0 0 0 0 30 0 0 18],"tf.Tensor([2.1629686  1.351127   1.8871504  1.6405768  0.43174422 1.        ], shape=(6,), dtype=float32)",0.0,[10 3 1 4 2 1 0 0 0 0 0 6 0 2 0 4 0 0 0 0 0 30 0 0 18],False,"tf.Tensor(
[[ 2.1629686   1.351127    1.8871504   1.6405768   0.43174422  1.434562
   2.7409692   2.544705    2.256159    2.1834044   1.458675   -0.17370543
   0.3796241   2.293799    1.4893088   0.63407767  1.2048886   2.0210288 ]], shape=(1, 18), dtype=float32)"
1327,[10 3 1 4 2 1 0 0 0 0 0 6 0 2 0 4 0 0 0 0 0 30 0 0 18],"tf.Tensor([2.568538  1.5580721 2.2845366 2.3169854 1.2567614 2.       ], shape=(6,), dtype=float32)",0.0,[11 1 0 0 0 0 0 1 4 2 1 5 0 2 0 4 0 0 0 0 0 30 0 0 18],False,"tf.Tensor(
[[ 2.568538    1.5580721   2.2845366   2.3169854   1.2567614   1.0011897
   2.1353528   2.6759202   2.3739386   1.8422644   2.0340302  -0.18672931
   1.8033513   2.5013576   2.3857007   1.1437576   1.3727304   1.9455972 ]], shape=(1, 18), dtype=float32)"
1328,[11 1 0 0 0 0 0 1 4 2 1 5 0 2 0 4 0 0 0 0 0 30 0 0 18],"tf.Tensor([2.2685392  1.6450366  2.0526521  2.235454   0.50248253 1.        ], shape=(6,), dtype=float32)",0.4,[11 2 4 1 3 3 0 0 0 0 0 5 0 2 0 4 0 0 0 0 0 30 0 0 18],False,"tf.Tensor(
[[ 2.2685392   1.6450366   2.0526521   2.235454    0.50248253  1.7694535
   3.1440046   2.2313268   2.1479678   1.8057625   1.6582527  -0.91157985
   0.87300503  1.8232381   1.6248724   1.4620852   1.2183594   2.2354503 ]], shape=(1, 18), dtype=float32)"
1329,[11 2 4 1 3 3 0 0 0 0 0 5 0 2 0 4 0 0 0 0 0 30 0 0 18],"tf.Tensor([2.1147184  1.5811145  2.032223   2.2189167  0.66837084 1.        ], shape=(6,), dtype=float32)",0.0,[11 3 4 1 3 3 0 0 0 0 0 2 0 2 0 4 0 0 0 0 0 30 0 0 18],False,"tf.Tensor(
[[ 2.1147184   1.5811145   2.032223    2.2189167   0.66837084  1.2963688
   2.5855422   2.5273442   1.9440776   2.0234666   2.0385292  -0.39796114
   1.4745545   2.2040455   2.1204643   1.114309    1.5675025   1.8971771 ]], shape=(1, 18), dtype=float32)"
1330,[11 3 4 1 3 3 0 0 0 0 0 2 0 2 0 4 0 0 0 0 0 30 0 0 18],"tf.Tensor([1.7766274  1.4441575  1.8211017  1.9288311  0.02527459 1.        ], shape=(6,), dtype=float32)",-4.0,[12 1 0 0 0 0 0 4 1 3 3 4 0 0 0 4 0 0 0 0 0 30 0 0 18],False,"tf.Tensor(
[[ 1.7766274   1.4441575   1.8211017   1.9288311   0.02527459  1.6439047
   3.2809582   2.5844505   1.6646866   2.3185892   1.6814245  -0.5460417
   0.64718455  1.9851805   1.6268345   1.064792    1.5236925   1.9744124 ]], shape=(1, 18), dtype=float32)"
1331,[12 1 0 0 0 0 0 4 1 3 3 4 0 0 0 4 0 0 0 0 0 30 0 0 18],"tf.Tensor([1.8405677  1.6084483  1.6778198  2.167709   0.09837969 1.        ], shape=(6,), dtype=float32)",0.4,[12 2 3 5 2 5 0 0 0 0 0 1 0 0 0 4 0 0 0 0 0 30 0 0 18],False,"tf.Tensor(
[[ 1.8405677   1.6084483   1.6778198   2.167709    0.09837969  2.3568773
   3.6988938   2.0549834   2.0426223   2.1416862   1.5614233  -1.1959395
   0.45698506  1.5320574   1.4139521   1.5806926   1.5685182   2.3998697 ]], shape=(1, 18), dtype=float32)"
1332,[12 2 3 5 2 5 0 0 0 0 0 1 0 0 0 4 0 0 0 0 0 30 0 0 18],"tf.Tensor([1.6459569 1.046154  1.5464413 1.8768517 0.4371031 1.       ], shape=(6,), dtype=float32)",0.0,[12 3 3 5 2 5 0 0 0 0 0 5 0 0 0 4 0 0 0 0 0 30 0 0 18],False,"tf.Tensor(
[[1.6459569  1.046154   1.5464413  1.8768517  0.4371031  2.1166945
  3.6473873  2.819777   2.1488922  2.5011477  1.8780856  0.23504126
  1.136162   2.2913399  2.215137   1.2462089  2.066976   1.8662949 ]], shape=(1, 18), dtype=float32)"
1333,[12 3 3 5 2 5 0 0 0 0 0 5 0 0 0 4 0 0 0 0 0 30 0 0 18],"tf.Tensor([2.1225789 1.3479385 1.8782494 2.3888795 1.2921282 1.       ], shape=(6,), dtype=float32)",4.0,[13 1 0 0 0 0 0 3 5 2 5 4 0 2 0 4 0 0 0 0 0 30 0 0 18],False,"tf.Tensor(
[[2.1225789  1.3479385  1.8782494  2.3888795  1.2921282  1.8103328
  3.0800157  2.899933   2.597536   2.23093    2.201741   0.20787339
  2.2884529  2.618011   2.9854207  1.4948357  2.2881985  1.9009638 ]], shape=(1, 18), dtype=float32)"
1334,[13 1 0 0 0 0 0 3 5 2 5 4 0 2 0 4 0 0 0 0 0 30 0 0 18],"tf.Tensor([2.2937505 1.7488059 1.9708242 2.5778718 0.6555678 1.       ], shape=(6,), dtype=float32)",0.4,[13 2 4 1 5 3 0 0 0 0 0 2 0 2 0 4 0 0 0 0 0 30 0 0 18],False,"tf.Tensor(
[[ 2.2937505   1.7488059   1.9708242   2.5778718   0.6555678   2.1861145
   3.5410259   2.3327258   2.1768699   1.9963285   2.0998032  -0.69293284
   1.2104392   1.9493526   1.7506464   1.9688196   1.4799893   2.5311835 ]], shape=(1, 18), dtype=float32)"
1335,[13 2 4 1 5 3 0 0 0 0 0 2 0 2 0 4 0 0 0 0 0 30 0 0 18],"tf.Tensor([1.696183   1.2476403  1.7877104  2.0474749  0.23943786 1.        ], shape=(6,), dtype=float32)",0.0,[13 3 4 1 5 3 0 0 0 0 0 2 0 2 0 4 0 0 0 0 0 30 0 0 18],False,"tf.Tensor(
[[ 1.696183    1.2476403   1.7877104   2.0474749   0.23943786  1.7128212
   3.0882487   2.7130697   1.849984    2.539212    2.2515907  -0.02624496
   1.1059005   2.1234474   1.9604906   1.2950214   1.5715559   1.9716238 ]], shape=(1, 18), dtype=float32)"
1336,[13 3 4 1 5 3 0 0 0 0 0 2 0 2 0 4 0 0 0 0 0 30 0 0 18],"tf.Tensor([1.6446434 1.2175013 1.8010412 2.1035664 0.2505126 1.       ], shape=(6,), dtype=float32)",-4.0,[14 1 0 0 0 0 0 4 1 5 3 2 0 0 0 4 0 0 0 0 0 30 0 0 18],True,"tf.Tensor(
[[ 1.6446434   1.2175013   1.8010412   2.1035664   0.2505126   1.8110383
   3.2068846   2.7169058   1.9077132   2.6375933   2.3064787  -0.05977859
   1.209061    2.0713277   2.1006107   1.4360155   1.6444846   2.0101655 ]], shape=(1, 18), dtype=float32)"
1337,[1 1 0 0 0 0 0 3 6 1 4 2 0 0 0 0 0 0 0 0 0 0 0 0 0],"tf.Tensor([2.1982603 2.4275482 1.4974284 2.0099723 2.8826692 3.       ], shape=(6,), dtype=float32)",0.5,[1 2 3 6 1 4 2 0 0 0 0 0 0 0 0 0 0 0 0 0 0 0 0 0 0],False,"tf.Tensor(
[[2.1982603 2.4275482 1.4974284 2.0099723 2.8826692 2.1436415 2.4418256
  1.8759681 3.0840423 1.5457382 2.44011   1.7186323 3.0800679 2.416698
  2.57424   2.7953572 2.9558702 2.4729972]], shape=(1, 18), dtype=float32)"
1338,[1 2 3 6 1 4 2 0 0 0 0 0 0 0 0 0 0 0 0 0 0 0 0 0 0],"tf.Tensor([2.4774926 2.2641478 1.7893599 2.3244815 2.7503643 3.       ], shape=(6,), dtype=float32)",0.0,[1 3 3 6 1 4 2 0 0 0 0 0 0 0 0 0 0 0 0 0 0 0 0 0 0],False,"tf.Tensor(
[[2.4774926 2.2641478 1.7893599 2.3244815 2.7503643 2.1167047 2.490065
  2.326599  3.2170498 1.7982984 2.4496076 1.7837445 3.0917726 1.8375808
  2.9805818 3.1146061 3.0112243 2.9008708]], shape=(1, 18), dtype=float32)"
1339,[1 3 3 6 1 4 2 0 0 0 0 0 0 0 0 0 0 0 0 0 0 0 0 0 0],[ 0  0  1  1  1 12],32.0,[2 1 0 0 0 0 0 3 6 1 4 2 0 0 0 0 0 0 0 0 0 0 0 0 16],False,"tf.Tensor(
[[2.532905  2.274456  1.8817109 2.3303576 2.8010337 2.1570547 2.6086283
  2.3882844 3.3470526 1.8803546 2.5239835 1.751608  3.2009294 1.8742661
  3.0806227 3.152195  3.0362403 2.9536977]], shape=(1, 18), dtype=float32)"
1340,[2 1 0 0 0 0 0 3 6 1 4 2 0 0 0 0 0 0 0 0 0 0 0 0 16],"tf.Tensor([2.5775092 2.2142942 2.6646938 2.4689643 2.6843112 7.       ], shape=(6,), dtype=float32)",0.5,[2 2 5 6 2 3 3 0 0 0 0 0 0 0 0 0 0 0 0 0 0 0 0 0 16],False,"tf.Tensor(
[[2.5775092 2.2142942 2.6646938 2.4689643 2.6843112 2.2366188 3.6645982
  2.7892342 3.7827685 2.5658188 3.0424676 2.3070762 3.7904415 2.6331449
  3.503771  3.2421713 3.7340646 2.7634406]], shape=(1, 18), dtype=float32)"
1341,[2 2 5 6 2 3 3 0 0 0 0 0 0 0 0 0 0 0 0 0 0 0 0 0 16],"tf.Tensor([2.9511962 3.4893694 3.5353832 3.2757645 3.2890434 9.       ], shape=(6,), dtype=float32)",0.0,[2 3 5 6 2 3 3 0 0 0 0 0 0 0 0 0 0 0 0 0 0 0 0 0 16],False,"tf.Tensor(
[[2.9511962 3.4893694 3.5353832 3.2757645 3.2890434 2.339509  4.42607
  3.6524878 5.183017  4.2039223 4.0146747 2.8822901 4.810194  3.276261
  5.4802656 3.9841208 4.679935  3.596098 ]], shape=(1, 18), dtype=float32)"
1342,[2 3 5 6 2 3 3 0 0 0 0 0 0 0 0 0 0 0 0 0 0 0 0 0 16],"tf.Tensor([3.0268137 3.487211  3.7098396 3.270558  3.335975  9.       ], shape=(6,), dtype=float32)",0.0,[3 1 0 0 0 0 0 5 6 2 3 3 0 0 0 0 0 0 0 0 0 0 0 0 16],False,"tf.Tensor(
[[3.0268137 3.487211  3.7098396 3.270558  3.335975  2.351748  4.585064
  3.776755  5.3648963 4.3312163 4.133338  2.9302542 4.908238  3.2857773
  5.6093073 4.015487  4.7524023 3.629742 ]], shape=(1, 18), dtype=float32)"
1343,[3 1 0 0 0 0 0 5 6 2 3 3 0 0 0 0 0 0 0 0 0 0 0 0 16],"tf.Tensor([2.640665  2.4398446 2.8763304 2.4902508 3.1393027 7.       ], shape=(6,), dtype=float32)",0.5,[3 2 1 1 4 6 5 0 0 0 0 0 0 0 0 0 0 0 0 0 0 0 0 0 16],False,"tf.Tensor(
[[2.640665  2.4398446 2.8763304 2.4902508 3.1393027 2.778462  4.4252806
  2.7691796 4.2911263 2.7106886 3.1293983 2.4649878 4.548844  3.138249
  4.0607586 3.4901931 4.336923  3.0204647]], shape=(1, 18), dtype=float32)"
1344,[3 2 1 1 4 6 5 0 0 0 0 0 0 0 0 0 0 0 0 0 0 0 0 0 16],"tf.Tensor([2.4399438 2.4853854 2.627536  3.212909  2.0569701 9.       ], shape=(6,), dtype=float32)",0.0,[3 3 1 1 4 6 5 0 0 0 0 0 0 0 0 0 0 0 0 0 0 0 0 0 16],False,"tf.Tensor(
[[2.4399438 2.4853854 2.627536  3.212909  2.0569701 1.7179035 3.382448
  3.4772732 3.457992  2.8635564 4.031643  2.864855  3.416752  2.3295002
  4.309622  3.3016107 3.490355  3.490555 ]], shape=(1, 18), dtype=float32)"
1345,[3 3 1 1 4 6 5 0 0 0 0 0 0 0 0 0 0 0 0 0 0 0 0 0 16],"tf.Tensor([2.4994133 2.4649768 2.7128649 3.230606  2.1051552 9.       ], shape=(6,), dtype=float32)",0.0,[4 1 0 0 0 0 0 1 1 4 6 5 0 0 0 0 0 0 0 0 0 0 0 0 16],False,"tf.Tensor(
[[2.4994133 2.4649768 2.7128649 3.230606  2.1051552 1.7087501 3.4822462
  3.580928  3.4959059 2.974779  4.0957503 2.9219673 3.577759  2.3049934
  4.4432907 3.376291  3.5461872 3.542147 ]], shape=(1, 18), dtype=float32)"
1346,[4 1 0 0 0 0 0 1 1 4 6 5 0 0 0 0 0 0 0 0 0 0 0 0 16],[1 0 0 1 0 7],0.2,[4 2 6 6 0 0 0 0 3 5 0 1 0 0 0 0 0 0 0 0 0 0 0 0 16],False,"tf.Tensor(
[[2.7178812 2.9312503 3.4133763 2.983402  2.931618  2.581175  4.1380997
  3.0128698 4.4028935 2.6116939 3.6614006 2.9419637 4.5600986 3.2083986
  4.0736527 3.5949156 4.7533493 2.7551293]], shape=(1, 18), dtype=float32)"
1347,[4 2 6 6 0 0 0 0 3 5 0 1 0 0 0 0 0 0 0 0 0 0 0 0 16],"tf.Tensor([3.6769276 3.7776873 4.311312  3.5257719 3.7105079 9.       ], shape=(6,), dtype=float32)",0.30000000000000004,[4 3 6 6 3 5 1 0 0 0 0 0 0 0 0 0 0 0 0 0 0 0 0 0 16],False,"tf.Tensor(
[[3.6769276 3.7776873 4.311312  3.5257719 3.7105079 2.9476016 5.8596716
  4.0077796 5.9873185 4.4987106 4.8343062 3.7088614 5.5641084 4.454999
  6.0202036 5.399257  5.56245   3.9052656]], shape=(1, 18), dtype=float32)"
1348,[4 3 6 6 3 5 1 0 0 0 0 0 0 0 0 0 0 0 0 0 0 0 0 0 16],"tf.Tensor([3.2442925 3.493149  4.1543517 3.607767  3.3922465 9.       ], shape=(6,), dtype=float32)",0.0,[5 1 0 0 0 0 0 6 4 2 6 3 0 0 0 0 0 0 0 0 0 0 0 0 16],False,"tf.Tensor(
[[3.2442925 3.493149  4.1543517 3.607767  3.3922465 2.3488746 5.087455
  4.3503265 5.717989  4.7061014 4.481915  3.305714  5.2413645 2.9214358
  6.2840776 4.5258756 4.97471   4.2014894]], shape=(1, 18), dtype=float32)"
1349,[5 1 0 0 0 0 0 6 4 2 6 3 0 0 0 0 0 0 0 0 0 0 0 0 16],"tf.Tensor([ 3.071513   2.9098575  3.0954425  2.834081   3.4364522 11.       ], shape=(6,), dtype=float32)",0.5,[5 2 5 4 3 1 4 0 0 0 0 0 0 0 0 0 0 0 0 0 0 0 0 0 16],False,"tf.Tensor(
[[3.071513  2.9098575 3.0954425 2.834081  3.4364522 3.375927  4.8070955
  3.1994104 4.636099  2.6609368 3.4031742 2.899271  5.2384505 3.6711655
  4.610689  3.7366822 5.2395177 3.3337338]], shape=(1, 18), dtype=float32)"
1350,[5 2 5 4 3 1 4 0 0 0 0 0 0 0 0 0 0 0 0 0 0 0 0 0 16],"tf.Tensor([2.970934  3.1533086 3.305251  3.1888578 2.9923918 9.       ], shape=(6,), dtype=float32)",0.0,[5 3 5 4 3 1 4 0 0 0 0 0 0 0 0 0 0 0 0 0 0 0 0 0 16],False,"tf.Tensor(
[[2.970934  3.1533086 3.305251  3.1888578 2.9923918 2.280037  4.651019
  3.723824  4.9689107 3.8965385 4.00967   2.9229062 4.5752964 3.052125
  5.272127  4.2114167 4.338721  3.6871538]], shape=(1, 18), dtype=float32)"
1351,[5 3 5 4 3 1 4 0 0 0 0 0 0 0 0 0 0 0 0 0 0 0 0 0 16],"tf.Tensor([3.0207002 3.1583643 3.4293914 3.2058642 3.0697348 9.       ], shape=(6,), dtype=float32)",0.0,[6 1 0 0 0 0 0 5 4 3 1 4 0 0 0 0 0 0 0 0 0 0 0 0 16],False,"tf.Tensor(
[[3.0207002 3.1583643 3.4293914 3.2058642 3.0697348 2.2991538 4.777604
  3.8231082 5.0862885 4.0142994 4.094978  2.9511395 4.695874  3.0433173
  5.4098396 4.2778206 4.384936  3.7809532]], shape=(1, 18), dtype=float32)"
1352,[6 1 0 0 0 0 0 5 4 3 1 4 0 0 0 0 0 0 0 0 0 0 0 0 16],[0 0 0 0 0 6],0.0,[6 2 0 0 0 0 0 4 4 2 1 3 0 0 0 0 0 0 0 0 0 0 0 0 16],False,"tf.Tensor(
[[2.687117  2.323669  3.140021  2.5928462 2.7653685 2.6872191 4.6822166
  3.0399263 4.362112  2.7876446 3.2756705 2.7145538 4.530478  2.8690343
  4.3313055 3.491169  4.520163  3.0532312]], shape=(1, 18), dtype=float32)"
1353,[6 2 0 0 0 0 0 4 4 2 1 3 0 0 0 0 0 0 0 0 0 0 0 0 16],[0 1 1 1 0 0],0.30000000000000004,[6 3 4 2 1 0 0 1 0 0 0 2 0 0 0 0 0 0 0 0 0 0 0 0 16],False,"tf.Tensor(
[[2.6099489 2.0833805 3.0600264 2.5841594 2.3125036 2.1738024 4.253353
  3.1772237 4.00811   2.8003767 3.2951188 2.6816385 3.9707594 2.3236563
  4.1040707 3.3373547 4.0304146 2.9616213]], shape=(1, 18), dtype=float32)"
1354,[6 3 4 2 1 0 0 1 0 0 0 2 0 0 0 0 0 0 0 0 0 0 0 0 16],"tf.Tensor([2.328037  2.333731  3.501934  2.9043162 1.8355998 9.       ], shape=(6,), dtype=float32)",0.0,[7 1 0 0 0 0 0 1 3 5 4 1 0 0 0 0 0 0 0 0 0 0 0 0 16],False,"tf.Tensor(
[[2.328037  2.333731  3.501934  2.9043162 1.8355998 1.4985434 4.1076593
  3.5246897 4.0254745 3.355644  3.7527752 2.911929  3.709764  1.9253764
  4.673024  3.5255325 3.8043828 2.9226682]], shape=(1, 18), dtype=float32)"
1355,[7 1 0 0 0 0 0 1 3 5 4 1 0 0 0 0 0 0 0 0 0 0 0 0 16],"tf.Tensor([ 2.9247804  2.445561   3.1747513  3.227645   1.9992859 11.       ], shape=(6,), dtype=float32)",0.5,[7 2 2 2 5 5 2 0 0 0 0 0 0 0 0 0 0 0 0 0 0 0 0 0 16],False,"tf.Tensor(
[[2.9247804 2.445561  3.1747513 3.227645  1.9992859 1.9400184 3.6992183
  3.4221835 3.516934  2.68574   3.7443578 3.1241686 3.9943671 2.5154355
  4.0472527 3.9090557 4.098481  3.1675901]], shape=(1, 18), dtype=float32)"
1356,[7 2 2 2 5 5 2 0 0 0 0 0 0 0 0 0 0 0 0 0 0 0 0 0 16],"tf.Tensor([2.657094  2.1928725 2.8325436 3.2867193 1.868191  9.       ], shape=(6,), dtype=float32)",0.0,[7 3 2 2 5 5 2 0 0 0 0 0 0 0 0 0 0 0 0 0 0 0 0 0 16],False,"tf.Tensor(
[[2.657094  2.1928725 2.8325436 3.2867193 1.868191  1.8516556 4.06565
  3.9831    3.8897738 3.4497488 4.3130717 3.2951453 3.558097  1.9752108
  4.9779673 4.072482  3.2574255 4.144616 ]], shape=(1, 18), dtype=float32)"
1357,[7 3 2 2 5 5 2 0 0 0 0 0 0 0 0 0 0 0 0 0 0 0 0 0 16],"tf.Tensor([2.740186  2.199047  2.9700322 3.294933  1.9399667 9.       ], shape=(6,), dtype=float32)",0.0,[8 1 0 0 0 0 0 2 2 5 5 2 0 0 0 0 0 0 0 0 0 0 0 0 16],False,"tf.Tensor(
[[2.740186  2.199047  2.9700322 3.294933  1.9399667 1.901245  4.187911
  4.0750604 4.032236  3.5447814 4.386055  3.3643796 3.7144816 1.9445673
  5.108877  4.160704  3.3413038 4.2144995]], shape=(1, 18), dtype=float32)"
1358,[8 1 0 0 0 0 0 2 2 5 5 2 0 0 0 0 0 0 0 0 0 0 0 0 16],"tf.Tensor([ 3.0023775  2.5594735  3.3069828  3.480197   2.334771  11.       ], shape=(6,), dtype=float32)",0.5,[8 2 3 5 4 4 4 0 0 0 0 0 0 0 0 0 0 0 0 0 0 0 0 0 16],False,"tf.Tensor(
[[3.0023775 2.5594735 3.3069828 3.480197  2.334771  2.3377275 4.165264
  3.5360935 3.9819586 2.7180755 3.9128408 3.2520006 4.407344  2.5951982
  4.3657484 3.9292207 4.674706  3.352149 ]], shape=(1, 18), dtype=float32)"
1359,[8 2 3 5 4 4 4 0 0 0 0 0 0 0 0 0 0 0 0 0 0 0 0 0 16],"tf.Tensor([3.3876579 2.9440591 3.1900935 3.44773   2.913321  9.       ], shape=(6,), dtype=float32)",0.0,[8 3 3 5 4 4 4 0 0 0 0 0 0 0 0 0 0 0 0 0 0 0 0 0 16],False,"tf.Tensor(
[[3.3876579 2.9440591 3.1900935 3.44773   2.913321  2.6008554 5.116214
  4.3660913 5.127909  3.9240994 4.652136  3.4571052 4.601256  3.020615
  5.5819664 4.7521935 4.186348  4.50656  ]], shape=(1, 18), dtype=float32)"
1360,[8 3 3 5 4 4 4 0 0 0 0 0 0 0 0 0 0 0 0 0 0 0 0 0 16],"tf.Tensor([3.4501858 2.953957  3.3386328 3.4507742 2.9948783 9.       ], shape=(6,), dtype=float32)",0.0,[9 1 0 0 0 0 0 3 5 4 4 4 0 0 0 0 0 0 0 0 0 0 0 0 16],False,"tf.Tensor(
[[3.4501858 2.953957  3.3386328 3.4507742 2.9948783 2.6435537 5.250285
  4.4543214 5.285295  4.019774  4.730889  3.510619  4.733606  2.9935775
  5.7129145 4.8182206 4.2611356 4.59546  ]], shape=(1, 18), dtype=float32)"
1361,[9 1 0 0 0 0 0 3 5 4 4 4 0 0 0 0 0 0 0 0 0 0 0 0 16],"tf.Tensor([3.2949188 2.8414905 3.278837  3.2910292 3.0793047 1.       ], shape=(6,), dtype=float32)",0.5,[9 2 6 6 5 3 2 0 0 0 0 0 0 0 0 0 0 0 0 0 0 0 0 0 16],False,"tf.Tensor(
[[3.2949188 2.8414905 3.278837  3.2910292 3.0793047 2.9555717 5.0592985
  3.7131822 4.6493545 2.8969867 4.0698614 3.428744  5.056653  3.4732761
  4.6708975 4.3665347 5.039644  3.6450331]], shape=(1, 18), dtype=float32)"
1362,[9 2 6 6 5 3 2 0 0 0 0 0 0 0 0 0 0 0 0 0 0 0 0 0 16],[0 1 1 1 0 6],0.0,[9 3 6 6 5 3 2 0 0 0 0 0 0 0 0 0 0 0 0 0 0 0 0 0 16],False,"tf.Tensor(
[[3.6738932 3.316598  3.8897312 3.7504826 3.4690256 2.8607469 5.892909
  4.732925  6.1021256 4.679119  4.854538  3.7194068 5.386222  3.0334358
  6.5557184 5.442381  4.8001227 5.0648055]], shape=(1, 18), dtype=float32)"
1363,[9 3 6 6 5 3 2 0 0 0 0 0 0 0 0 0 0 0 0 0 0 0 0 0 16],"tf.Tensor([3.7458296 3.3277256 4.035044  3.7834628 3.5362875 9.       ], shape=(6,), dtype=float32)",0.0,[10 1 0 0 0 0 0 6 6 5 3 2 0 0 0 0 0 0 0 0 0 0 0 0 16],False,"tf.Tensor(
[[3.7458296 3.3277256 4.035044  3.7834628 3.5362875 2.906819  6.0176897
  4.8350825 6.2474194 4.769552  4.955154  3.7587326 5.505996  3.0137925
  6.6927633 5.516022  4.870971  5.1590924]], shape=(1, 18), dtype=float32)"
1364,[10 1 0 0 0 0 0 6 6 5 3 2 0 0 0 0 0 0 0 0 0 0 0 0 16],[1 1 1 0 1 8],0.4,[10 2 5 2 6 5 0 0 0 0 6 0 0 0 0 0 0 0 0 0 0 0 0 0 16],False,"tf.Tensor(
[[3.6831791 2.7224813 3.107049  3.6637173 3.1278296 3.5380015 5.648328
  3.9446998 4.6624103 2.9015162 4.168149  3.4405453 5.530115  3.856925
  5.142374  4.682679  5.547606  4.168012 ]], shape=(1, 18), dtype=float32)"
1365,[10 2 5 2 6 5 0 0 0 0 6 0 0 0 0 0 0 0 0 0 0 0 0 0 16],"tf.Tensor([3.3520386 2.9393423 3.5358536 4.545692  2.7500408 9.       ], shape=(6,), dtype=float32)",0.1,[10 3 5 2 6 5 6 0 0 0 0 0 0 0 0 0 0 0 0 0 0 0 0 0 16],False,"tf.Tensor(
[[3.3520386 2.9393423 3.5358536 4.545692  2.7500408 2.1873527 4.882885
  4.8963146 4.4631367 4.0710354 5.215298  4.2634177 4.9927754 2.2240918
  6.3274326 5.446875  4.597917  5.420043 ]], shape=(1, 18), dtype=float32)"
1366,[10 3 5 2 6 5 6 0 0 0 0 0 0 0 0 0 0 0 0 0 0 0 0 0 16],"tf.Tensor([3.729503  2.9752944 3.2157078 4.1385856 3.2118385 9.       ], shape=(6,), dtype=float32)",0.0,[11 1 0 0 0 0 0 5 2 6 1 5 0 0 0 0 0 0 0 0 0 0 0 0 16],False,"tf.Tensor(
[[3.729503  2.9752944 3.2157078 4.1385856 3.2118385 3.043934  5.6270723
  4.77438   5.2384048 3.977913  5.203708  3.8998113 5.1754932 3.0713387
  6.286378  5.43127   4.679934  5.420018 ]], shape=(1, 18), dtype=float32)"
1367,[11 1 0 0 0 0 0 5 2 6 1 5 0 0 0 0 0 0 0 0 0 0 0 0 16],"tf.Tensor([ 3.1439195  2.7919776  3.6428878  3.3916242  2.846988  11.       ], shape=(6,), dtype=float32)",0.5,[11 2 2 1 6 5 5 0 0 0 0 0 0 0 0 0 0 0 0 0 0 0 0 0 16],False,"tf.Tensor(
[[3.1439195 2.7919776 3.6428878 3.3916242 2.846988  3.0528297 5.535016
  3.8902466 4.748094  3.116571  4.107599  3.7695937 5.3655286 3.3322082
  5.3436317 4.223816  5.637329  3.704717 ]], shape=(1, 18), dtype=float32)"
1368,[11 2 2 1 6 5 5 0 0 0 0 0 0 0 0 0 0 0 0 0 0 0 0 0 16],"tf.Tensor([3.2453167 2.332412  2.5647101 3.7304065 2.211212  9.       ], shape=(6,), dtype=float32)",0.0,[11 3 2 1 6 5 5 0 0 0 0 0 0 0 0 0 0 0 0 0 0 0 0 0 16],False,"tf.Tensor(
[[3.2453167 2.332412  2.5647101 3.7304065 2.211212  2.5947728 4.782942
  4.3657327 4.2916594 3.3603618 4.9689684 3.6792164 3.971828  2.5725873
  5.3177137 4.9668045 3.4740558 4.949919 ]], shape=(1, 18), dtype=float32)"
1369,[11 3 2 1 6 5 5 0 0 0 0 0 0 0 0 0 0 0 0 0 0 0 0 0 16],"tf.Tensor([3.310764  2.3395588 2.737809  3.766268  2.2863486 9.       ], shape=(6,), dtype=float32)",0.0,[12 1 0 0 0 0 0 2 1 6 5 5 0 0 0 0 0 0 0 0 0 0 0 0 16],False,"tf.Tensor(
[[3.310764  2.3395588 2.737809  3.766268  2.2863486 2.603175  4.8966436
  4.4713383 4.417777  3.4524362 5.07909   3.7652965 4.120816  2.5524156
  5.4442034 5.0341034 3.5768826 5.016587 ]], shape=(1, 18), dtype=float32)"
1370,[12 1 0 0 0 0 0 2 1 6 5 5 0 0 0 0 0 0 0 0 0 0 0 0 16],"tf.Tensor([ 3.4941318  3.1754818  3.9206738  3.9294791  2.9196553 11.       ], shape=(6,), dtype=float32)",0.5,[12 2 6 4 6 1 1 0 0 0 0 0 0 0 0 0 0 0 0 0 0 0 0 0 16],False,"tf.Tensor(
[[3.4941318 3.1754818 3.9206738 3.9294791 2.9196553 3.0466087 5.5341425
  4.129876  5.1135144 3.0834284 4.654802  4.056967  5.4541607 3.3956416
  5.3799334 4.820592  5.788901  3.909138 ]], shape=(1, 18), dtype=float32)"
1371,[12 2 6 4 6 1 1 0 0 0 0 0 0 0 0 0 0 0 0 0 0 0 0 0 16],"tf.Tensor([3.377903  2.6119277 3.575789  3.5420406 2.830828  9.       ], shape=(6,), dtype=float32)",0.0,[12 3 6 4 6 1 1 0 0 0 0 0 0 0 0 0 0 0 0 0 0 0 0 0 16],False,"tf.Tensor(
[[3.377903  2.6119277 3.575789  3.5420406 2.830828  2.6625261 5.7096996
  4.5280523 5.5798755 4.3985553 4.727618  3.7801752 4.8033214 2.3104794
  6.340043  5.615207  3.9127326 5.3096285]], shape=(1, 18), dtype=float32)"
1372,[12 3 6 4 6 1 1 0 0 0 0 0 0 0 0 0 0 0 0 0 0 0 0 0 16],[1 1 1 1 1 8],0.0,[13 1 0 0 0 0 0 6 4 6 1 1 0 0 0 0 0 0 0 0 0 0 0 0 16],False,"tf.Tensor(
[[3.4252484 2.5889058 3.6790853 3.60333   2.9014993 2.7520032 5.8746605
  4.6510468 5.7653084 4.4846044 4.820981  3.77127   4.895679  2.2384644
  6.482685  5.646108  3.9993787 5.40217  ]], shape=(1, 18), dtype=float32)"
1373,[13 1 0 0 0 0 0 6 4 6 1 1 0 0 0 0 0 0 0 0 0 0 0 0 16],"tf.Tensor([3.417893  2.394365  3.1726367 3.9895608 2.4631567 1.       ], shape=(6,), dtype=float32)",0.5,[13 2 3 1 5 2 6 0 0 0 0 0 0 0 0 0 0 0 0 0 0 0 0 0 16],False,"tf.Tensor(
[[3.417893  2.394365  3.1726367 3.9895608 2.4631567 3.1161609 5.6866026
  4.1768913 4.172489  3.0311782 4.3122663 3.6946285 5.3416896 3.2209225
  5.565672  4.6713343 5.483426  4.3692145]], shape=(1, 18), dtype=float32)"
1374,[13 2 3 1 5 2 6 0 0 0 0 0 0 0 0 0 0 0 0 0 0 0 0 0 16],"tf.Tensor([3.4442236 2.3739593 2.5033355 3.5158687 2.4241183 9.       ], shape=(6,), dtype=float32)",0.0,[13 3 3 1 5 2 6 0 0 0 0 0 0 0 0 0 0 0 0 0 0 0 0 0 16],False,"tf.Tensor(
[[3.4442236 2.3739593 2.5033355 3.5158687 2.4241183 3.0635796 5.0115423
  4.045745  4.798786  3.2522476 4.681083  3.479696  4.1836605 2.8135905
  5.1680775 5.1189785 3.5256543 5.017321 ]], shape=(1, 18), dtype=float32)"
1375,[13 3 3 1 5 2 6 0 0 0 0 0 0 0 0 0 0 0 0 0 0 0 0 0 16],"tf.Tensor([3.4571505 2.4026628 2.647249  3.524349  2.5201614 9.       ], shape=(6,), dtype=float32)",0.0,[14 1 0 0 0 0 0 3 1 5 2 6 0 0 0 0 0 0 0 0 0 0 0 0 16],True,"tf.Tensor(
[[3.4571505 2.4026628 2.647249  3.524349  2.5201614 3.0470378 5.101157
  4.127515  4.910072  3.3677728 4.773245  3.5530088 4.296445  2.780854
  5.3095446 5.1630673 3.5867548 5.0730715]], shape=(1, 18), dtype=float32)"
1376,[1 1 0 0 0 0 0 1 3 6 4 4 0 0 0 0 0 0 0 0 0 0 0 0 0],"tf.Tensor([2.5074408 2.9852576 1.9052833 1.7479042 2.797023  8.       ], shape=(6,), dtype=float32)",0.5,[1 2 1 3 6 4 4 0 0 0 0 0 0 0 0 0 0 0 0 0 0 0 0 0 0],False,"tf.Tensor(
[[2.5074408 2.9852576 1.9052833 1.7479042 2.797023  1.8626493 2.2402782
  1.8960891 2.5196965 1.6183488 2.6095905 2.4454184 3.6614707 3.6958532
  2.3504035 3.255085  3.0368984 2.343877 ]], shape=(1, 18), dtype=float32)"
1377,[1 2 1 3 6 4 4 0 0 0 0 0 0 0 0 0 0 0 0 0 0 0 0 0 0],"tf.Tensor([ 2.8950894  2.6805553  2.189632   3.0035985  2.460185  10.       ], shape=(6,), dtype=float32)",0.0,[1 3 1 3 6 4 4 0 0 0 0 0 0 0 0 0 0 0 0 0 0 0 0 0 0],False,"tf.Tensor(
[[2.8950894 2.6805553 2.189632  3.0035985 2.460185  1.9169137 2.0813243
  3.0284064 3.180324  1.9645064 3.0342712 2.240547  3.1158216 1.5639888
  3.3832054 3.387633  3.3756502 3.1901708]], shape=(1, 18), dtype=float32)"
1378,[1 3 1 3 6 4 4 0 0 0 0 0 0 0 0 0 0 0 0 0 0 0 0 0 0],"tf.Tensor([2.9708354 2.7132385 2.2643878 3.0164342 2.5324814 9.       ], shape=(6,), dtype=float32)",0.0,[2 1 0 0 0 0 0 1 3 6 4 4 0 0 0 0 0 0 0 0 0 0 0 0 0],False,"tf.Tensor(
[[2.9708354 2.7132385 2.2643878 3.0164342 2.5324814 1.9630148 2.1599877
  3.0861223 3.2893581 2.0461028 3.1057417 2.2201703 3.2407238 1.6385185
  3.4693801 3.4218469 3.4144273 3.251463 ]], shape=(1, 18), dtype=float32)"
1379,[2 1 0 0 0 0 0 1 3 6 4 4 0 0 0 0 0 0 0 0 0 0 0 0 0],"tf.Tensor([2.6859434 2.9912024 1.9192194 1.7519394 2.804653  8.       ], shape=(6,), dtype=float32)",0.5,[2 2 6 3 4 4 1 0 0 0 0 0 0 0 0 0 0 0 0 0 0 0 0 0 0],False,"tf.Tensor(
[[2.6859434 2.9912024 1.9192194 1.7519394 2.804653  2.0453537 2.4594765
  1.9769813 2.7091744 1.6301608 2.6091762 2.4447777 3.7348392 3.8590972
  2.3972862 3.3453822 3.1752238 2.3778248]], shape=(1, 18), dtype=float32)"
1380,[2 2 6 3 4 4 1 0 0 0 0 0 0 0 0 0 0 0 0 0 0 0 0 0 0],"tf.Tensor([ 2.8062353  2.6149905  2.140547   2.8509321  3.1860821 11.       ], shape=(6,), dtype=float32)",0.0,[2 3 6 3 4 4 1 0 0 0 0 0 0 0 0 0 0 0 0 0 0 0 0 0 0],False,"tf.Tensor(
[[2.8062353 2.6149905 2.140547  2.8509321 3.1860821 2.333069  3.0304716
  2.920497  3.661718  2.0660312 3.1300027 2.7642486 3.542213  2.0247827
  3.6045208 3.7469206 3.8472338 3.388558 ]], shape=(1, 18), dtype=float32)"
1381,[2 3 6 3 4 4 1 0 0 0 0 0 0 0 0 0 0 0 0 0 0 0 0 0 0],"tf.Tensor([ 2.837852   2.6369443  2.2601285  2.882132   3.2694485 11.       ], shape=(6,), dtype=float32)",0.0,[3 1 0 0 0 0 0 6 3 4 4 1 0 0 0 0 0 0 0 0 0 0 0 0 0],False,"tf.Tensor(
[[2.837852  2.6369443 2.2601285 2.882132  3.2694485 2.3920636 3.210027
  2.9710765 3.8102784 2.156283  3.212774  2.7945604 3.67616   2.0592372
  3.7462192 3.8416092 3.9317355 3.4642313]], shape=(1, 18), dtype=float32)"
1382,[3 1 0 0 0 0 0 6 3 4 4 1 0 0 0 0 0 0 0 0 0 0 0 0 0],"tf.Tensor([ 2.4896855  2.7810981  1.4023654  2.1334934  3.5434444 11.       ], shape=(6,), dtype=float32)",0.5,[3 2 2 3 2 1 4 0 0 0 0 0 0 0 0 0 0 0 0 0 0 0 0 0 0],False,"tf.Tensor(
[[2.4896855 2.7810981 1.4023654 2.1334934 3.5434444 3.2057443 3.4140298
  2.1612146 3.6209393 1.4812124 2.6001027 2.313117  3.8114653 3.6334364
  3.1934547 2.8749025 4.281554  2.5089788]], shape=(1, 18), dtype=float32)"
1383,[3 2 2 3 2 1 4 0 0 0 0 0 0 0 0 0 0 0 0 0 0 0 0 0 0],[ 1  0  1  0  1 12],0.0,[3 3 2 3 2 1 4 0 0 0 0 0 0 0 0 0 0 0 0 0 0 0 0 0 0],False,"tf.Tensor(
[[2.1640775 1.9516151 1.5016228 2.0094619 2.1537359 1.6805063 1.7211943
  1.9771469 2.4781604 1.6320775 2.098338  1.1943256 2.6811512 1.6139076
  2.5037193 2.3848894 2.3701024 2.451425 ]], shape=(1, 18), dtype=float32)"
1384,[3 3 2 3 2 1 4 0 0 0 0 0 0 0 0 0 0 0 0 0 0 0 0 0 0],"tf.Tensor([2.207489  1.9910787 1.6179607 2.0521283 2.251809  7.       ], shape=(6,), dtype=float32)",0.0,[4 1 0 0 0 0 0 2 3 2 1 4 0 0 0 0 0 0 0 0 0 0 0 0 0],False,"tf.Tensor(
[[2.207489  1.9910787 1.6179607 2.0521283 2.251809  1.7404773 1.900253
  2.034997  2.6291347 1.7068303 2.2040093 1.2258159 2.822634  1.6617014
  2.6294706 2.509535  2.4386947 2.5405402]], shape=(1, 18), dtype=float32)"
1385,[4 1 0 0 0 0 0 2 3 2 1 4 0 0 0 0 0 0 0 0 0 0 0 0 0],"tf.Tensor([ 2.0621517  1.861259   1.0930032  1.5260932  2.3228312 11.       ], shape=(6,), dtype=float32)",0.5,[4 2 4 6 4 1 6 0 0 0 0 0 0 0 0 0 0 0 0 0 0 0 0 0 0],False,"tf.Tensor(
[[2.0621517 1.861259  1.0930032 1.5260932 2.3228312 2.126741  2.4531806
  1.8835562 2.4820106 1.1432712 2.0155325 1.6486516 2.6519122 2.5167115
  2.1000166 2.3289053 2.704021  1.9956971]], shape=(1, 18), dtype=float32)"
1386,[4 2 4 6 4 1 6 0 0 0 0 0 0 0 0 0 0 0 0 0 0 0 0 0 0],"tf.Tensor([3.4239123 3.1494746 2.3898203 3.20788   3.430176  7.       ], shape=(6,), dtype=float32)",0.0,[4 3 4 6 4 1 6 0 0 0 0 0 0 0 0 0 0 0 0 0 0 0 0 0 0],False,"tf.Tensor(
[[3.4239123 3.1494746 2.3898203 3.20788   3.430176  2.6141796 2.7410922
  3.152311  4.064249  2.5955405 3.3249748 1.9775534 4.1583815 2.476547
  4.0657864 3.9050932 3.8328984 3.8359766]], shape=(1, 18), dtype=float32)"
1387,[4 3 4 6 4 1 6 0 0 0 0 0 0 0 0 0 0 0 0 0 0 0 0 0 0],[0 0 0 0 0 9],0.0,[5 1 0 0 0 0 0 4 6 4 1 6 0 0 0 0 0 0 0 0 0 0 0 0 0],False,"tf.Tensor(
[[3.4625707 3.1695647 2.4847183 3.2204475 3.5180526 2.682673  2.9007363
  3.181707  4.205449  2.6707215 3.3881724 1.9626297 4.290207  2.5274062
  4.1799746 3.985177  3.888074  3.9057577]], shape=(1, 18), dtype=float32)"
1388,[5 1 0 0 0 0 0 4 6 4 1 6 0 0 0 0 0 0 0 0 0 0 0 0 0],"tf.Tensor([3.1470163 3.016224  1.7090547 2.304907  3.6668053 7.       ], shape=(6,), dtype=float32)",0.5,[5 2 2 2 3 4 2 0 0 0 0 0 0 0 0 0 0 0 0 0 0 0 0 0 0],False,"tf.Tensor(
[[3.1470163 3.016224  1.7090547 2.304907  3.6668053 3.1878636 3.7073514
  2.8707047 3.8812358 1.7957141 3.1666865 2.5060143 4.184439  3.8848987
  3.3131356 3.6608846 4.118569  3.084678 ]], shape=(1, 18), dtype=float32)"
1389,[5 2 2 2 3 4 2 0 0 0 0 0 0 0 0 0 0 0 0 0 0 0 0 0 0],"tf.Tensor([ 2.3978126  1.8593743  1.5856637  2.4063694  2.1817074 10.       ], shape=(6,), dtype=float32)",0.0,[5 3 2 2 3 4 2 0 0 0 0 0 0 0 0 0 0 0 0 0 0 0 0 0 0],False,"tf.Tensor(
[[2.3978126 1.8593743 1.5856637 2.4063694 2.1817074 1.7692119 2.4187822
  2.587218  2.46938   1.6303191 2.5842443 1.951483  2.9081779 1.6186942
  2.7686677 3.0541    2.6715672 2.989586 ]], shape=(1, 18), dtype=float32)"
1390,[5 3 2 2 3 4 2 0 0 0 0 0 0 0 0 0 0 0 0 0 0 0 0 0 0],"tf.Tensor([ 2.4233737  1.873808   1.6777065  2.4267547  2.2657633 10.       ], shape=(6,), dtype=float32)",0.0,[6 1 0 0 0 0 0 2 2 3 4 2 0 0 0 0 0 0 0 0 0 0 0 0 0],False,"tf.Tensor(
[[2.4233737 1.873808  1.6777065 2.4267547 2.2657633 1.8187115 2.5801117
  2.623207  2.5923429 1.6938877 2.6507308 1.9741268 3.0310328 1.6439977
  2.868178  3.1629987 2.7139204 3.071485 ]], shape=(1, 18), dtype=float32)"
1391,[6 1 0 0 0 0 0 2 2 3 4 2 0 0 0 0 0 0 0 0 0 0 0 0 0],"tf.Tensor([ 2.50423    1.9768727  1.1653754  1.8326762  2.454432  11.       ], shape=(6,), dtype=float32)",0.5,[6 2 6 6 2 1 4 0 0 0 0 0 0 0 0 0 0 0 0 0 0 0 0 0 0],False,"tf.Tensor(
[[2.50423   1.9768727 1.1653754 1.8326762 2.454432  2.8201625 3.396057
  2.0965016 3.012837  1.0279114 2.0842    1.9099895 3.0673232 3.2293208
  2.4805696 2.7320964 3.5319414 2.1617956]], shape=(1, 18), dtype=float32)"
1392,[6 2 6 6 2 1 4 0 0 0 0 0 0 0 0 0 0 0 0 0 0 0 0 0 0],[ 0  0  0  1  0 10],0.0,[6 3 6 6 2 1 4 0 0 0 0 0 0 0 0 0 0 0 0 0 0 0 0 0 0],False,"tf.Tensor(
[[3.1978512 2.9649608 2.2591593 2.869623  3.6618485 2.5571024 3.0634418
  2.903577  3.9632857 2.56508   3.2639768 2.1097221 4.199993  2.7454252
  3.8481975 4.053532  3.603478  3.7722697]], shape=(1, 18), dtype=float32)"
1393,[6 3 6 6 2 1 4 0 0 0 0 0 0 0 0 0 0 0 0 0 0 0 0 0 0],[1 0 1 1 1 2],0.0,[7 1 0 0 0 0 0 6 6 2 1 4 0 0 0 0 0 0 0 0 0 0 0 0 0],False,"tf.Tensor(
[[3.217699  2.9555426 2.340242  2.9050543 3.7607603 2.660379  3.3083684
  2.9670172 4.149005  2.6287012 3.338583  2.1189737 4.319     2.75489
  3.974695  4.140068  3.6930127 3.8545825]], shape=(1, 18), dtype=float32)"
1394,[7 1 0 0 0 0 0 6 6 2 1 4 0 0 0 0 0 0 0 0 0 0 0 0 0],"tf.Tensor([ 3.1027312  2.7213278  1.4164635  2.7680695  3.494926  11.       ], shape=(6,), dtype=float32)",0.5,[7 2 6 5 1 6 3 0 0 0 0 0 0 0 0 0 0 0 0 0 0 0 0 0 0],False,"tf.Tensor(
[[3.1027312 2.7213278 1.4164635 2.7680695 3.494926  3.196589  3.8577805
  3.0760202 3.5257752 1.7064021 3.3502278 2.4639008 4.040157  3.7392101
  3.587303  3.6302204 4.152371  3.3709369]], shape=(1, 18), dtype=float32)"
1395,[7 2 6 5 1 6 3 0 0 0 0 0 0 0 0 0 0 0 0 0 0 0 0 0 0],"tf.Tensor([3.2612228 2.6775696 2.2607172 3.087555  3.6667988 7.       ], shape=(6,), dtype=float32)",0.0,[7 3 6 5 1 6 3 0 0 0 0 0 0 0 0 0 0 0 0 0 0 0 0 0 0],False,"tf.Tensor(
[[3.2612228 2.6775696 2.2607172 3.087555  3.6667988 2.7960057 3.7677329
  3.3118985 3.9837291 2.543483  3.4186788 2.736745  4.4508724 2.7330008
  4.069762  4.0913973 4.174367  4.0538883]], shape=(1, 18), dtype=float32)"
1396,[7 3 6 5 1 6 3 0 0 0 0 0 0 0 0 0 0 0 0 0 0 0 0 0 0],"tf.Tensor([3.29905   2.7043943 2.3836026 3.1041121 3.7711687 7.       ], shape=(6,), dtype=float32)",0.0,[8 1 0 0 0 0 0 6 5 1 6 3 0 0 0 0 0 0 0 0 0 0 0 0 0],False,"tf.Tensor(
[[3.29905   2.7043943 2.3836026 3.1041121 3.7711687 2.8713238 3.960489
  3.3530416 4.164312  2.6225355 3.4832506 2.7685406 4.5895066 2.7550917
  4.20423   4.19974   4.2611585 4.135064 ]], shape=(1, 18), dtype=float32)"
1397,[8 1 0 0 0 0 0 6 5 1 6 3 0 0 0 0 0 0 0 0 0 0 0 0 0],"tf.Tensor([3.3958616 3.0053136 1.6510228 2.7097702 3.8203008 1.       ], shape=(6,), dtype=float32)",0.5,[8 2 2 2 6 6 4 0 0 0 0 0 0 0 0 0 0 0 0 0 0 0 0 0 0],False,"tf.Tensor(
[[3.3958616 3.0053136 1.6510228 2.7097702 3.8203008 4.029497  4.9283104
  3.168344  4.4003716 1.4827502 3.357759  2.7048132 4.5757685 4.5356297
  3.8476467 3.9941375 4.9187417 3.2955165]], shape=(1, 18), dtype=float32)"
1398,[8 2 2 2 6 6 4 0 0 0 0 0 0 0 0 0 0 0 0 0 0 0 0 0 0],"tf.Tensor([ 3.5371854  2.7190852  2.2120774  3.762411   2.8059435 10.       ], shape=(6,), dtype=float32)",0.0,[8 3 2 2 6 6 4 0 0 0 0 0 0 0 0 0 0 0 0 0 0 0 0 0 0],False,"tf.Tensor(
[[3.5371854 2.7190852 2.2120774 3.762411  2.8059435 2.3556225 3.1094186
  3.851072  3.250891  2.2085018 3.9096239 2.7938752 4.0567875 2.127903
  4.0106745 4.54529   3.6944065 4.4116364]], shape=(1, 18), dtype=float32)"
1399,[8 3 2 2 6 6 4 0 0 0 0 0 0 0 0 0 0 0 0 0 0 0 0 0 0],"tf.Tensor([ 3.5722158  2.7278817  2.3223124  3.7691119  2.8902934 10.       ], shape=(6,), dtype=float32)",0.0,[9 1 0 0 0 0 0 2 2 6 6 4 0 0 0 0 0 0 0 0 0 0 0 0 0],False,"tf.Tensor(
[[3.5722158 2.7278817 2.3223124 3.7691119 2.8902934 2.4233491 3.247567
  3.8789763 3.4082763 2.2986705 3.9709744 2.805034  4.1695614 2.1369255
  4.1200213 4.65178   3.7209866 4.5023336]], shape=(1, 18), dtype=float32)"
1400,[9 1 0 0 0 0 0 2 2 6 6 4 0 0 0 0 0 0 0 0 0 0 0 0 0],"tf.Tensor([ 3.6293886  3.0975182  1.8759634  2.3281443  3.6195004 11.       ], shape=(6,), dtype=float32)",0.5,[9 2 3 1 4 3 1 0 0 0 0 0 0 0 0 0 0 0 0 0 0 0 0 0 0],False,"tf.Tensor(
[[3.6293886 3.0975182 1.8759634 2.3281443 3.6195004 3.9069805 4.8182487
  2.6950088 4.452753  1.5201559 2.8264427 2.864368  4.52433   4.9373584
  3.5242763 4.0967016 5.0954494 2.9239497]], shape=(1, 18), dtype=float32)"
1401,[9 2 3 1 4 3 1 0 0 0 0 0 0 0 0 0 0 0 0 0 0 0 0 0 0],"tf.Tensor([ 2.5696747  1.3950609  1.6362054  2.6679437  2.2181711 10.       ], shape=(6,), dtype=float32)",0.0,[9 3 3 1 4 3 1 0 0 0 0 0 0 0 0 0 0 0 0 0 0 0 0 0 0],False,"tf.Tensor(
[[2.5696747 1.3950609 1.6362054 2.6679437 2.2181711 2.3744202 3.5076673
  2.8660598 2.8936687 1.7038646 2.9503386 2.4739132 3.1810462 1.7467693
  3.221297  3.6682456 2.893274  3.6590898]], shape=(1, 18), dtype=float32)"
1402,[9 3 3 1 4 3 1 0 0 0 0 0 0 0 0 0 0 0 0 0 0 0 0 0 0],"tf.Tensor([ 2.639466   1.4372494  1.7613459  2.6978817  2.3136182 10.       ], shape=(6,), dtype=float32)",0.0,[10 1 0 0 0 0 0 3 1 4 3 1 0 0 0 0 0 0 0 0 0 0 0 0 0],False,"tf.Tensor(
[[2.639466  1.4372494 1.7613459 2.6978817 2.3136182 2.4492657 3.6240973
  2.9317398 3.091525  1.813935  3.024058  2.5148637 3.2859476 1.7722498
  3.345928  3.7655773 2.9602785 3.7445285]], shape=(1, 18), dtype=float32)"
1403,[10 1 0 0 0 0 0 3 1 4 3 1 0 0 0 0 0 0 0 0 0 0 0 0 0],"tf.Tensor([ 3.0808754  2.0001864  1.3177751  2.6761234  2.7007704 11.       ], shape=(6,), dtype=float32)",0.5,[10 2 5 4 3 2 4 0 0 0 0 0 0 0 0 0 0 0 0 0 0 0 0 0 0],False,"tf.Tensor(
[[3.0808754 2.0001864 1.3177751 2.6761234 2.7007704 3.245885  3.8369012
  2.6085858 3.264102  1.2606275 2.6449182 2.1849482 3.7612855 3.3771238
  2.9917305 3.3516374 4.0377784 3.0392396]], shape=(1, 18), dtype=float32)"
1404,[10 2 5 4 3 2 4 0 0 0 0 0 0 0 0 0 0 0 0 0 0 0 0 0 0],"tf.Tensor([3.174984  2.5002732 2.1096313 3.0956216 3.4959865 7.       ], shape=(6,), dtype=float32)",0.0,[10 3 5 4 3 2 4 0 0 0 0 0 0 0 0 0 0 0 0 0 0 0 0 0 0],False,"tf.Tensor(
[[3.174984  2.5002732 2.1096313 3.0956216 3.4959865 2.9214635 3.9346263
  3.1602592 3.9355786 2.3460536 3.378311  2.6881306 4.4109225 2.5778522
  4.0132804 4.3174205 3.8892143 4.2842746]], shape=(1, 18), dtype=float32)"
1405,[10 3 5 4 3 2 4 0 0 0 0 0 0 0 0 0 0 0 0 0 0 0 0 0 0],[ 0  1  0  1  0 10],0.0,[11 1 0 0 0 0 0 5 4 3 2 4 0 0 0 0 0 0 0 0 0 0 0 0 0],False,"tf.Tensor(
[[3.2498713 2.572689  2.2418087 3.1156592 3.6165679 2.986358  4.04197
  3.2266212 4.134942  2.4430788 3.4440417 2.74495   4.541434  2.5973485
  4.1217046 4.417389  3.9698682 4.3719387]], shape=(1, 18), dtype=float32)"
1406,[11 1 0 0 0 0 0 5 4 3 2 4 0 0 0 0 0 0 0 0 0 0 0 0 0],[ 1  0  1  0  0 12],0.2,[11 2 1 4 0 0 0 0 3 0 6 5 0 0 0 0 0 0 0 0 0 0 0 0 0],False,"tf.Tensor(
[[3.5559657 2.5380042 1.5160755 3.0572765 3.39362   3.8922193 4.919834
  3.4379742 3.8745222 1.5465131 3.405099  2.768336  4.5330944 4.465235
  3.767216  3.8802252 4.915583  3.523706 ]], shape=(1, 18), dtype=float32)"
1407,[11 2 1 4 0 0 0 0 3 0 6 5 0 0 0 0 0 0 0 0 0 0 0 0 0],"tf.Tensor([ 4.156066   2.913417   2.318851   3.0089474  3.4864216 10.       ], shape=(6,), dtype=float32)",0.30000000000000004,[11 3 1 4 3 6 5 0 0 0 0 0 0 0 0 0 0 0 0 0 0 0 0 0 0],False,"tf.Tensor(
[[4.156066  2.913417  2.318851  3.0089474 3.4864216 3.1704745 4.161544
  3.7365189 4.431146  2.2591674 3.7613177 3.2559962 4.4035697 3.7707353
  3.6681225 4.497449  4.493355  3.8444233]], shape=(1, 18), dtype=float32)"
1408,[11 3 1 4 3 6 5 0 0 0 0 0 0 0 0 0 0 0 0 0 0 0 0 0 0],"tf.Tensor([ 3.417456   2.398735   2.0548077  3.306235   2.8488307 12.       ], shape=(6,), dtype=float32)",38.0,[12 1 0 0 0 0 0 1 3 4 4 1 0 0 0 0 0 0 0 0 0 0 0 0 19],False,"tf.Tensor(
[[3.417456  2.398735  2.0548077 3.306235  2.8488307 2.9208663 3.6235292
  3.4807162 3.7873445 2.1495917 3.7775662 2.7923324 4.034795  2.5106707
  3.821859  4.2647686 3.5301323 4.411454 ]], shape=(1, 18), dtype=float32)"
1409,[12 1 0 0 0 0 0 1 3 4 4 1 0 0 0 0 0 0 0 0 0 0 0 0 19],"tf.Tensor([3.2757878 2.4241025 3.6047082 3.810603  1.729191  9.       ], shape=(6,), dtype=float32)",0.5,[12 2 5 2 4 5 3 0 0 0 0 0 0 0 0 0 0 0 0 0 0 0 0 0 19],False,"tf.Tensor(
[[3.2757878 2.4241025 3.6047082 3.810603  1.729191  1.9952263 4.3440356
  4.4968257 4.03408   3.2392526 4.6366673 4.0308914 4.1245003 2.086593
  4.961984  4.4947815 4.403119  3.9535074]], shape=(1, 18), dtype=float32)"
1410,[12 2 5 2 4 5 3 0 0 0 0 0 0 0 0 0 0 0 0 0 0 0 0 0 19],"tf.Tensor([3.2646205 2.5036392 3.4553328 3.8289587 2.5579774 9.       ], shape=(6,), dtype=float32)",0.0,[12 3 5 2 4 5 3 0 0 0 0 0 0 0 0 0 0 0 0 0 0 0 0 0 19],False,"tf.Tensor(
[[3.2646205 2.5036392 3.4553328 3.8289587 2.5579774 2.4940932 5.540562
  4.7016115 5.047623  4.151887  4.9694076 3.9498265 4.717718  2.2186677
  6.286592  5.309017  4.1002474 5.2264695]], shape=(1, 18), dtype=float32)"
1411,[12 3 5 2 4 5 3 0 0 0 0 0 0 0 0 0 0 0 0 0 0 0 0 0 19],"tf.Tensor([3.3330271 2.508257  3.6013644 3.833375  2.6361413 9.       ], shape=(6,), dtype=float32)",60.0,[13 1 0 0 0 0 0 5 2 4 5 3 0 0 0 0 0 0 0 0 0 30 0 0 19],False,"tf.Tensor(
[[3.3330271 2.508257  3.6013644 3.833375  2.6361413 2.5422935 5.6812043
  4.792225  5.202467  4.244114  5.048815  4.003273  4.849512  2.2002823
  6.413078  5.37784   4.1792154 5.312902 ]], shape=(1, 18), dtype=float32)"
1412,[13 1 0 0 0 0 0 5 2 4 5 3 0 0 0 0 0 0 0 0 0 30 0 0 19],"tf.Tensor([2.0688252  1.4961746  2.0454564  2.7068996  0.45195514 1.        ], shape=(6,), dtype=float32)",0.4,[13 2 1 1 4 2 0 0 0 0 0 4 0 0 0 0 0 0 0 0 0 30 0 0 19],False,"tf.Tensor(
[[ 2.0688252   1.4961746   2.0454564   2.7068996   0.45195514  2.8682
   3.9171588   2.2915885   2.6230087   2.105473    2.4450703  -0.8032027
   1.3747412   1.6113281   2.054879    2.476393    1.8177525   2.6868    ]], shape=(1, 18), dtype=float32)"
1413,[13 2 1 1 4 2 0 0 0 0 0 4 0 0 0 0 0 0 0 0 0 30 0 0 19],"tf.Tensor([2.1934566 1.2755332 2.1108904 2.2563362 0.6122958 1.       ], shape=(6,), dtype=float32)",0.0,[13 3 1 1 4 2 0 0 0 0 0 5 0 0 0 0 0 0 0 0 0 30 0 0 19],False,"tf.Tensor(
[[ 2.1934566   1.2755332   2.1108904   2.2563362   0.6122958   1.8173811
   3.360195    2.6569455   2.4673843   2.3358488   2.2393608  -0.01226018
   1.3540466   2.2948513   2.2729514   1.4895084   1.5655066   2.2099986 ]], shape=(1, 18), dtype=float32)"
1414,[13 3 1 1 4 2 0 0 0 0 0 5 0 0 0 0 0 0 0 0 0 30 0 0 19],"tf.Tensor([2.2635584  1.3242774  2.1982672  2.4224987  0.84367806 1.        ], shape=(6,), dtype=float32)",4.0,[14 1 0 0 0 0 0 1 1 4 2 1 0 2 0 0 0 0 0 0 0 30 0 0 19],True,"tf.Tensor(
[[ 2.2635584   1.3242774   2.1982672   2.4224987   0.84367806  1.8133814
   3.3015344   2.6630707   2.6213868   2.3408508   2.3839765  -0.03851923
   1.738594    2.3272312   2.5746357   1.6648508   1.6769841   2.2326307 ]], shape=(1, 18), dtype=float32)"
1415,[1 1 0 0 0 0 0 4 6 2 1 1 0 0 0 0 0 0 0 0 0 0 0 0 0],"tf.Tensor([2.3342452 2.2414715 1.4601927 2.102532  2.6526606 7.       ], shape=(6,), dtype=float32)",0.5,[1 2 4 6 2 1 1 0 0 0 0 0 0 0 0 0 0 0 0 0 0 0 0 0 0],False,"tf.Tensor(
[[2.3342452 2.2414715 1.4601927 2.102532  2.6526606 2.0013638 2.2657082
  2.064763  2.8335757 1.6094056 2.5229561 1.6493428 2.9667764 2.2618496
  2.5676405 2.8402493 2.7641413 2.5768352]], shape=(1, 18), dtype=float32)"
1416,[1 2 4 6 2 1 1 0 0 0 0 0 0 0 0 0 0 0 0 0 0 0 0 0 0],"tf.Tensor([ 2.3713243  2.3518522  1.9583908  2.2337167  2.7735271 10.       ], shape=(6,), dtype=float32)",0.0,[1 3 4 6 2 1 1 0 0 0 0 0 0 0 0 0 0 0 0 0 0 0 0 0 0],False,"tf.Tensor(
[[2.3713243 2.3518522 1.9583908 2.2337167 2.7735271 1.9260209 2.4303684
  2.1702218 3.160083  1.8622621 2.4855201 1.9361336 3.0945585 1.9217612
  3.011374  3.2726574 2.9374344 2.8143098]], shape=(1, 18), dtype=float32)"
1417,[1 3 4 6 2 1 1 0 0 0 0 0 0 0 0 0 0 0 0 0 0 0 0 0 0],"tf.Tensor([2.429929  2.3608449 2.0547538 2.2390933 2.8464763 3.       ], shape=(6,), dtype=float32)",8.0,[2 1 0 0 0 0 0 4 6 2 1 1 0 0 0 4 0 0 0 0 0 0 0 0 0],False,"tf.Tensor(
[[2.429929  2.3608449 2.0547538 2.2390933 2.8464763 1.9957652 2.5622747
  2.234492  3.3349452 1.9499482 2.5535746 1.8671143 3.2071252 1.9555781
  3.1125875 3.2812908 2.9784207 2.8550663]], shape=(1, 18), dtype=float32)"
1418,[2 1 0 0 0 0 0 4 6 2 1 1 0 0 0 4 0 0 0 0 0 0 0 0 0],"tf.Tensor([ 2.325899   2.3403902  1.1959128  2.5822628  2.4319592 11.       ], shape=(6,), dtype=float32)",0.5,[2 2 4 1 1 3 5 0 0 0 0 0 0 0 0 4 0 0 0 0 0 0 0 0 0],False,"tf.Tensor(
[[2.325899  2.3403902 1.1959128 2.5822628 2.4319592 2.0604024 1.8860327
  2.3594916 2.4045079 1.538262  2.615995  1.7630103 2.8163474 1.7943733
  2.97001   2.8263025 3.0897799 2.7973428]], shape=(1, 18), dtype=float32)"
1419,[2 2 4 1 1 3 5 0 0 0 0 0 0 0 0 4 0 0 0 0 0 0 0 0 0],"tf.Tensor([ 2.2443488  2.3242273  1.3605239  2.6298862  2.2725005 11.       ], shape=(6,), dtype=float32)",0.0,[2 3 4 1 1 3 5 0 0 0 0 0 0 0 0 4 0 0 0 0 0 0 0 0 0],False,"tf.Tensor(
[[2.2443488 2.3242273 1.3605239 2.6298862 2.2725005 1.7425656 1.2457298
  2.0048337 2.1835785 1.6434349 2.2582812 1.5380673 2.7774062 1.6681839
  2.738239  2.6511536 2.8219514 2.7333114]], shape=(1, 18), dtype=float32)"
1420,[2 3 4 1 1 3 5 0 0 0 0 0 0 0 0 4 0 0 0 0 0 0 0 0 0],"tf.Tensor([ 2.2770379  2.3451679  1.4432198  2.6532462  2.3294659 11.       ], shape=(6,), dtype=float32)",0.0,[3 1 0 0 0 0 0 4 1 1 3 5 0 0 0 4 0 0 0 0 0 0 0 0 0],False,"tf.Tensor(
[[2.2770379 2.3451679 1.4432198 2.6532462 2.3294659 1.7882392 1.3284868
  2.025992  2.2917619 1.6960056 2.3046973 1.529989  2.859558  1.6840638
  2.8302736 2.6992097 2.879339  2.7711568]], shape=(1, 18), dtype=float32)"
1421,[3 1 0 0 0 0 0 4 1 1 3 5 0 0 0 4 0 0 0 0 0 0 0 0 0],"tf.Tensor([ 2.2812142  2.4705544  1.5927474  1.9398532  2.535749  11.       ], shape=(6,), dtype=float32)",0.5,[3 2 5 3 2 4 6 0 0 0 0 0 0 0 0 4 0 0 0 0 0 0 0 0 0],False,"tf.Tensor(
[[2.2812142 2.4705544 1.5927474 1.9398532 2.535749  2.1078417 2.0026755
  2.1285553 3.0202305 1.5894624 2.2039096 1.7807314 2.6769128 1.9434824
  2.8755612 2.478391  3.2227936 2.272984 ]], shape=(1, 18), dtype=float32)"
1422,[3 2 5 3 2 4 6 0 0 0 0 0 0 0 0 4 0 0 0 0 0 0 0 0 0],"tf.Tensor([ 2.9800653  2.9416783  1.8549192  3.2689943  2.8594923 11.       ], shape=(6,), dtype=float32)",0.0,[3 3 5 3 2 4 6 0 0 0 0 0 0 0 0 4 0 0 0 0 0 0 0 0 0],False,"tf.Tensor(
[[2.9800653 2.9416783 1.8549192 3.2689943 2.8594923 2.3180933 1.9482598
  2.815338  2.9976907 2.1308222 2.8813314 2.1245105 3.654817  2.1193686
  3.6778536 3.5043623 3.732793  3.5607   ]], shape=(1, 18), dtype=float32)"
1423,[3 3 5 3 2 4 6 0 0 0 0 0 0 0 0 4 0 0 0 0 0 0 0 0 0],[0 1 1 0 0 7],0.0,[4 1 0 0 0 0 0 5 3 2 4 6 0 0 0 4 0 0 0 0 0 0 0 0 0],False,"tf.Tensor(
[[2.9842074 2.9357765 1.9252492 3.2934215 2.894221  2.3352044 2.0326815
  2.823541  3.0491765 2.1958404 2.927612  2.1024344 3.7631266 2.1408842
  3.7607653 3.5408902 3.7510753 3.6149027]], shape=(1, 18), dtype=float32)"
1424,[4 1 0 0 0 0 0 5 3 2 4 6 0 0 0 4 0 0 0 0 0 0 0 0 0],"tf.Tensor([ 2.8008246  3.1680052  1.9051553  2.201156   3.4193566 11.       ], shape=(6,), dtype=float32)",0.5,[4 2 2 5 6 1 6 0 0 0 0 0 0 0 0 4 0 0 0 0 0 0 0 0 0],False,"tf.Tensor(
[[2.8008246 3.1680052 1.9051553 2.201156  3.4193566 2.8883266 2.9876258
  2.655774  3.9339292 1.8309795 2.7279253 2.4449272 3.6711676 2.7962348
  3.665745  3.2541554 4.1950593 2.870137 ]], shape=(1, 18), dtype=float32)"
1425,[4 2 2 5 6 1 6 0 0 0 0 0 0 0 0 4 0 0 0 0 0 0 0 0 0],"tf.Tensor([ 3.6161683  2.836723   2.2008498  3.758589   2.2732086 12.       ], shape=(6,), dtype=float32)",0.0,[4 3 2 5 6 1 6 0 0 0 0 0 0 0 0 4 0 0 0 0 0 0 0 0 0],False,"tf.Tensor(
[[3.6161683 2.836723  2.2008498 3.758589  2.2732086 2.5978541 1.7638556
  3.2995782 3.3674877 2.3234618 3.1793299 1.936658  3.5544922 1.5265895
  4.124879  3.8576188 3.5607574 4.227971 ]], shape=(1, 18), dtype=float32)"
1426,[4 3 2 5 6 1 6 0 0 0 0 0 0 0 0 4 0 0 0 0 0 0 0 0 0],"tf.Tensor([ 3.6329663  2.8203304  2.2902508  3.7901216  2.3199878 12.       ], shape=(6,), dtype=float32)",40.0,[5 1 0 0 0 0 0 2 5 6 1 6 0 0 0 4 0 0 0 0 0 0 0 0 20],False,"tf.Tensor(
[[3.6329663 2.8203304 2.2902508 3.7901216 2.3199878 2.640738  1.8958986
  3.3281424 3.4591491 2.3859084 3.268928  1.9522097 3.6637661 1.5427897
  4.2220535 3.955845  3.5700653 4.3154945]], shape=(1, 18), dtype=float32)"
1427,[5 1 0 0 0 0 0 2 5 6 1 6 0 0 0 4 0 0 0 0 0 0 0 0 20],[0 0 1 0 1 4],0.2,[5 2 6 3 0 0 0 6 6 0 4 0 0 0 0 4 0 0 0 0 0 0 0 0 20],False,"tf.Tensor(
[[2.8800502 2.694437  3.4330897 3.3894837 2.8270772 2.3209493 4.4116235
  3.6769202 4.1196184 3.4637797 3.909657  3.165545  4.85295   2.8409402
  4.859055  4.0224023 4.639585  3.698663 ]], shape=(1, 18), dtype=float32)"
1428,[5 2 6 3 0 0 0 6 6 0 4 0 0 0 0 4 0 0 0 0 0 0 0 0 20],"tf.Tensor([3.3488016 3.3259602 3.4787533 3.9955666 3.7052457 9.       ], shape=(6,), dtype=float32)",0.30000000000000004,[5 3 6 3 6 6 4 0 0 0 0 0 0 0 0 4 0 0 0 0 0 0 0 0 20],False,"tf.Tensor(
[[3.3488016 3.3259602 3.4787533 3.9955666 3.7052457 2.9945881 5.043994
  4.0806794 4.8087835 4.142119  4.265983  3.4399233 5.8423114 3.1405895
  6.2616596 4.8796163 5.530286  4.854665 ]], shape=(1, 18), dtype=float32)"
1429,[5 3 6 3 6 6 4 0 0 0 0 0 0 0 0 4 0 0 0 0 0 0 0 0 20],"tf.Tensor([3.523717  3.2895954 3.8895972 4.639537  2.7684307 9.       ], shape=(6,), dtype=float32)",0.0,[6 1 0 0 0 0 0 4 1 6 5 3 0 0 0 4 0 0 0 0 0 0 0 0 20],False,"tf.Tensor(
[[3.523717  3.2895954 3.8895972 4.639537  2.7684307 2.2534099 4.6970587
  4.998644  4.7052903 4.6546874 4.9707713 3.8576975 5.380608  2.333899
  6.880262  4.994397  5.1240892 5.267695 ]], shape=(1, 18), dtype=float32)"
1430,[6 1 0 0 0 0 0 4 1 6 5 3 0 0 0 4 0 0 0 0 0 0 0 0 20],"tf.Tensor([ 3.2540903  2.6854742  3.6189742  3.904478   2.414023  11.       ], shape=(6,), dtype=float32)",0.5,[6 2 5 6 1 5 5 0 0 0 0 0 0 0 0 4 0 0 0 0 0 0 0 0 20],False,"tf.Tensor(
[[3.2540903 2.6854742 3.6189742 3.904478  2.414023  2.4167004 3.9206336
  4.122462  3.8032598 3.2428846 3.8948517 3.610578  4.883874  2.1401825
  5.17348   3.8511353 5.327615  4.024421 ]], shape=(1, 18), dtype=float32)"
1431,[6 2 5 6 1 5 5 0 0 0 0 0 0 0 0 4 0 0 0 0 0 0 0 0 20],"tf.Tensor([3.4656143 3.2222202 3.7493052 3.8005562 2.9567294 9.       ], shape=(6,), dtype=float32)",0.0,[6 3 5 6 1 5 5 0 0 0 0 0 0 0 0 4 0 0 0 0 0 0 0 0 20],False,"tf.Tensor(
[[3.4656143 3.2222202 3.7493052 3.8005562 2.9567294 2.416199  4.9842157
  4.5515985 5.062695  4.420841  4.464613  3.452786  5.233775  2.8086364
  6.2403564 4.536792  5.026941  4.5304255]], shape=(1, 18), dtype=float32)"
1432,[6 3 5 6 1 5 5 0 0 0 0 0 0 0 0 4 0 0 0 0 0 0 0 0 20],"tf.Tensor([3.5399008 3.2514453 3.8998735 3.8213603 3.0435507 9.       ], shape=(6,), dtype=float32)",0.0,[7 1 0 0 0 0 0 5 6 1 5 5 0 0 0 4 0 0 0 0 0 0 0 0 20],False,"tf.Tensor(
[[3.5399008 3.2514453 3.8998735 3.8213603 3.0435507 2.4543624 5.0937815
  4.646656  5.2142525 4.510325  4.542321  3.4973485 5.3723264 2.7698224
  6.371605  4.612939  5.1034155 4.6303234]], shape=(1, 18), dtype=float32)"
1433,[7 1 0 0 0 0 0 5 6 1 5 5 0 0 0 4 0 0 0 0 0 0 0 0 20],"tf.Tensor([3.5494285 2.7489903 3.3135865 3.6603737 2.9545803 9.       ], shape=(6,), dtype=float32)",0.5,[7 2 3 3 5 1 5 0 0 0 0 0 0 0 0 4 0 0 0 0 0 0 0 0 20],False,"tf.Tensor(
[[3.5494285 2.7489903 3.3135865 3.6603737 2.9545803 2.666776  4.2410846
  4.302014  4.058815  3.272775  4.0058126 3.4134393 5.033348  2.657832
  5.0724926 4.109389  5.055549  4.252991 ]], shape=(1, 18), dtype=float32)"
1434,[7 2 3 3 5 1 5 0 0 0 0 0 0 0 0 4 0 0 0 0 0 0 0 0 20],"tf.Tensor([3.2250724 2.5047061 2.8896644 3.7749128 1.7687157 9.       ], shape=(6,), dtype=float32)",0.0,[7 3 3 3 5 1 5 0 0 0 0 0 0 0 0 4 0 0 0 0 0 0 0 0 20],False,"tf.Tensor(
[[3.2250724 2.5047061 2.8896644 3.7749128 1.7687157 2.016471  3.845434
  4.6096807 3.8726525 3.8628788 4.4925733 3.5049918 3.7007482 1.9518995
  5.4417644 4.421013  3.6052423 4.655049 ]], shape=(1, 18), dtype=float32)"
1435,[7 3 3 3 5 1 5 0 0 0 0 0 0 0 0 4 0 0 0 0 0 0 0 0 20],"tf.Tensor([3.2401843 2.479787  3.018871  3.7799227 1.8695297 9.       ], shape=(6,), dtype=float32)",0.0,[8 1 0 0 0 0 0 3 3 5 1 5 0 0 0 4 0 0 0 0 0 0 0 0 20],False,"tf.Tensor(
[[3.2401843 2.479787  3.018871  3.7799227 1.8695297 2.040985  4.006387
  4.6261983 3.989553  3.9486194 4.5544934 3.511168  3.894237  1.9596825
  5.5753937 4.489416  3.6648479 4.7281513]], shape=(1, 18), dtype=float32)"
1436,[8 1 0 0 0 0 0 3 3 5 1 5 0 0 0 4 0 0 0 0 0 0 0 0 20],"tf.Tensor([3.054116  2.4773672 3.546074  3.5889673 2.305161  9.       ], shape=(6,), dtype=float32)",0.5,[8 2 4 1 1 2 6 0 0 0 0 0 0 0 0 4 0 0 0 0 0 0 0 0 20],False,"tf.Tensor(
[[3.054116  2.4773672 3.546074  3.5889673 2.305161  2.0651495 4.1617327
  4.1435146 3.8367093 3.4679792 3.9567645 3.5181596 4.6297293 2.1146631
  5.0735    3.8370023 4.7851877 3.9043853]], shape=(1, 18), dtype=float32)"
1437,[8 2 4 1 1 2 6 0 0 0 0 0 0 0 0 4 0 0 0 0 0 0 0 0 20],"tf.Tensor([2.9105191 1.9516846 2.8666234 3.3771503 1.5443767 9.       ], shape=(6,), dtype=float32)",0.0,[8 3 4 1 1 2 6 0 0 0 0 0 0 0 0 4 0 0 0 0 0 0 0 0 20],False,"tf.Tensor(
[[2.9105191 1.9516846 2.8666234 3.3771503 1.5443767 1.847779  3.8758376
  4.1812425 3.4433472 3.2870545 3.9826288 3.370457  3.5969098 1.6357741
  4.947376  3.8609655 3.7493708 4.004521 ]], shape=(1, 18), dtype=float32)"
1438,[8 3 4 1 1 2 6 0 0 0 0 0 0 0 0 4 0 0 0 0 0 0 0 0 20],"tf.Tensor([2.9254751 1.9877883 2.9916706 3.385417  1.6574796 9.       ], shape=(6,), dtype=float32)",0.0,[9 1 0 0 0 0 0 4 1 1 2 6 0 0 0 4 0 0 0 0 0 0 0 0 20],False,"tf.Tensor(
[[2.9254751 1.9877883 2.9916706 3.385417  1.6574796 1.8740153 4.0144672
  4.2068963 3.5811093 3.388623  4.0332704 3.3568556 3.773835  1.6213208
  5.098301  3.9428344 3.7945461 4.10514  ]], shape=(1, 18), dtype=float32)"
1439,[9 1 0 0 0 0 0 4 1 1 2 6 0 0 0 4 0 0 0 0 0 0 0 0 20],"tf.Tensor([3.1889899 2.252331  3.6280167 3.5604348 1.8425441 9.       ], shape=(6,), dtype=float32)",0.5,[9 2 1 5 3 3 5 0 0 0 0 0 0 0 0 4 0 0 0 0 0 0 0 0 20],False,"tf.Tensor(
[[3.1889899 2.252331  3.6280167 3.5604348 1.8425441 2.0254314 3.7001653
  4.42039   3.8036222 3.3363295 4.1572924 3.7886527 4.123697  1.640426
  5.0479946 3.425143  4.71275   3.8493662]], shape=(1, 18), dtype=float32)"
1440,[9 2 1 5 3 3 5 0 0 0 0 0 0 0 0 4 0 0 0 0 0 0 0 0 20],"tf.Tensor([3.499878  2.3770373 2.8906677 3.5818846 1.7448238 9.       ], shape=(6,), dtype=float32)",0.0,[9 3 1 5 3 3 5 0 0 0 0 0 0 0 0 4 0 0 0 0 0 0 0 0 20],False,"tf.Tensor(
[[3.499878  2.3770373 2.8906677 3.5818846 1.7448238 2.2037516 4.260145
  5.002957  4.1336727 3.9198294 4.745339  3.7916238 3.5848618 2.1080725
  5.3700356 4.578759  3.5046773 4.8212457]], shape=(1, 18), dtype=float32)"
1441,[9 3 1 5 3 3 5 0 0 0 0 0 0 0 0 4 0 0 0 0 0 0 0 0 20],"tf.Tensor([3.5420861 2.3534114 3.025687  3.5903673 1.813051  9.       ], shape=(6,), dtype=float32)",0.0,[10 1 0 0 0 0 0 1 5 3 3 5 0 0 0 4 0 0 0 0 0 0 0 0 20],False,"tf.Tensor(
[[3.5420861 2.3534114 3.025687  3.5903673 1.813051  2.267294  4.4091473
  5.022901  4.28315   3.9718268 4.8048587 3.7838717 3.744778  2.0991385
  5.499738  4.624131  3.5806434 4.884041 ]], shape=(1, 18), dtype=float32)"
1442,[10 1 0 0 0 0 0 1 5 3 3 5 0 0 0 4 0 0 0 0 0 0 0 0 20],"tf.Tensor([3.221647  2.5180357 3.463271  3.7990117 2.2092752 9.       ], shape=(6,), dtype=float32)",0.5,[10 2 4 3 2 6 5 0 0 0 0 0 0 0 0 4 0 0 0 0 0 0 0 0 20],False,"tf.Tensor(
[[3.221647  2.5180357 3.463271  3.7990117 2.2092752 1.7988348 4.1177373
  4.6001506 3.6376925 3.4665706 4.4004545 3.7917128 4.4525995 2.1212466
  4.9954677 4.226663  4.4752674 4.105304 ]], shape=(1, 18), dtype=float32)"
1443,[10 2 4 3 2 6 5 0 0 0 0 0 0 0 0 4 0 0 0 0 0 0 0 0 20],"tf.Tensor([3.2552125 2.2486567 3.196076  3.91877   2.1074207 9.       ], shape=(6,), dtype=float32)",0.0,[10 3 4 3 2 6 5 0 0 0 0 0 0 0 0 4 0 0 0 0 0 0 0 0 20],False,"tf.Tensor(
[[3.2552125 2.2486567 3.196076  3.91877   2.1074207 2.2998261 4.997687
  4.692286  4.1743593 3.854899  4.6663437 3.6716874 4.548066  2.0436242
  6.033049  4.7317653 4.2144036 4.985089 ]], shape=(1, 18), dtype=float32)"
1444,[10 3 4 3 2 6 5 0 0 0 0 0 0 0 0 4 0 0 0 0 0 0 0 0 20],[0 0 0 1 0 7],0.0,[11 1 0 0 0 0 0 4 3 2 6 5 0 0 0 4 0 0 0 0 0 0 0 0 20],False,"tf.Tensor(
[[3.338209  2.2676356 3.3464775 3.9408138 2.1876924 2.365933  5.138329
  4.777782  4.3407903 3.939969  4.746931  3.715871  4.693092  2.0356467
  6.164182  4.816762  4.3084774 5.0780563]], shape=(1, 18), dtype=float32)"
1445,[11 1 0 0 0 0 0 4 3 2 6 5 0 0 0 4 0 0 0 0 0 0 0 0 20],[ 0  0  0  0  1 11],0.1,[11 2 5 0 0 0 0 5 2 6 5 0 0 0 0 4 0 0 0 0 0 0 0 0 20],False,"tf.Tensor(
[[3.7458656 2.6073391 3.8824675 4.1452265 2.4778552 2.6406045 4.8196735
  4.871538  4.4357615 3.4125192 4.6969113 4.2271256 5.0293536 2.243664
  5.6238456 4.5216165 5.4717617 4.5599294]], shape=(1, 18), dtype=float32)"
1446,[11 2 5 0 0 0 0 5 2 6 5 0 0 0 0 4 0 0 0 0 0 0 0 0 20],"tf.Tensor([3.3925407 3.086217  3.9477258 4.7932854 3.1983469 9.       ], shape=(6,), dtype=float32)",0.4,[11 3 5 5 2 6 5 0 0 0 0 0 0 0 0 4 0 0 0 0 0 0 0 0 20],False,"tf.Tensor(
[[3.3925407 3.086217  3.9477258 4.7932854 3.1983469 3.0347233 5.4125094
  4.4264674 4.5783496 4.0162582 4.5939426 4.2082176 6.2261734 2.447652
  6.9545984 5.3350596 6.2091928 5.431566 ]], shape=(1, 18), dtype=float32)"
1447,[11 3 5 5 2 6 5 0 0 0 0 0 0 0 0 4 0 0 0 0 0 0 0 0 20],"tf.Tensor([3.819942  2.7071617 3.771643  4.1572895 2.8083317 9.       ], shape=(6,), dtype=float32)",0.0,[12 1 0 0 0 0 0 4 5 1 5 5 0 0 0 4 0 0 0 0 0 0 0 0 20],False,"tf.Tensor(
[[3.819942  2.7071617 3.771643  4.1572895 2.8083317 2.8233974 5.8983693
  5.180743  5.271052  4.407847  5.0873327 3.961061  5.388093  2.480246
  6.8026323 5.381302  4.9125185 5.5425367]], shape=(1, 18), dtype=float32)"
1448,[12 1 0 0 0 0 0 4 5 1 5 5 0 0 0 4 0 0 0 0 0 0 0 0 20],"tf.Tensor([3.7771606 2.518526  3.6296241 4.121297  2.4254184 9.       ], shape=(6,), dtype=float32)",0.5,[12 2 3 3 1 6 4 0 0 0 0 0 0 0 0 4 0 0 0 0 0 0 0 0 20],False,"tf.Tensor(
[[3.7771606 2.518526  3.6296241 4.121297  2.4254184 2.5314295 4.92661
  5.0732765 4.2051024 3.460034  4.781613  4.17945   4.9168587 2.4599056
  5.5737104 4.574035  5.247844  4.5942197]], shape=(1, 18), dtype=float32)"
1449,[12 2 3 3 1 6 4 0 0 0 0 0 0 0 0 4 0 0 0 0 0 0 0 0 20],"tf.Tensor([3.2910953 1.7805784 3.2008889 3.6512125 1.5933468 9.       ], shape=(6,), dtype=float32)",0.0,[12 3 3 3 1 6 4 0 0 0 0 0 0 0 0 4 0 0 0 0 0 0 0 0 20],False,"tf.Tensor(
[[3.2910953 1.7805784 3.2008889 3.6512125 1.5933468 2.3001778 4.929303
  4.859045  4.203828  3.7845957 4.6598887 3.9421892 3.9821095 1.5739279
  5.8376374 4.6346884 3.8377094 4.980749 ]], shape=(1, 18), dtype=float32)"
1450,[12 3 3 3 1 6 4 0 0 0 0 0 0 0 0 4 0 0 0 0 0 0 0 0 20],[ 1  0  0  1  1 11],0.0,[13 1 0 0 0 0 0 3 3 1 6 4 0 0 0 4 0 0 0 0 0 0 0 0 20],False,"tf.Tensor(
[[3.3388085 1.8144146 3.3513012 3.6759758 1.6915262 2.3623354 5.0986633
  4.8982635 4.37304   3.861554  4.7266583 3.9463131 4.1637635 1.574199
  5.9859242 4.729563  3.9292238 5.0700173]], shape=(1, 18), dtype=float32)"
1451,[13 1 0 0 0 0 0 3 3 1 6 4 0 0 0 4 0 0 0 0 0 0 0 0 20],"tf.Tensor([3.8174152 2.3561766 3.8498213 4.2946825 1.8356788 9.       ], shape=(6,), dtype=float32)",0.5,[13 2 2 6 6 4 4 0 0 0 0 0 0 0 0 4 0 0 0 0 0 0 0 0 20],False,"tf.Tensor(
[[3.8174152 2.3561766 3.8498213 4.2946825 1.8356788 2.366847  4.673681
  5.2836285 4.2202754 3.4481175 5.032395  4.5118046 4.4884605 1.8262403
  5.7027035 4.645612  5.1046095 4.6869164]], shape=(1, 18), dtype=float32)"
1452,[13 2 2 6 6 4 4 0 0 0 0 0 0 0 0 4 0 0 0 0 0 0 0 0 20],"tf.Tensor([4.2059317 2.4566011 3.2752821 4.34886   2.0619428 9.       ], shape=(6,), dtype=float32)",0.0,[13 3 2 6 6 4 4 0 0 0 0 0 0 0 0 4 0 0 0 0 0 0 0 0 20],False,"tf.Tensor(
[[4.2059317 2.4566011 3.2752821 4.34886   2.0619428 3.13026   5.751375
  5.747815  5.229563  4.404046  5.674818  4.3708534 4.397021  2.454662
  6.6253576 5.9421787 4.054509  6.1558223]], shape=(1, 18), dtype=float32)"
1453,[13 3 2 6 6 4 4 0 0 0 0 0 0 0 0 4 0 0 0 0 0 0 0 0 20],"tf.Tensor([4.247772  2.434697  3.4134765 4.3572865 2.129794  9.       ], shape=(6,), dtype=float32)",0.0,[14 1 0 0 0 0 0 2 6 6 4 4 0 0 0 4 0 0 0 0 0 0 0 0 20],True,"tf.Tensor(
[[4.247772  2.434697  3.4134765 4.3572865 2.129794  3.1957526 5.9001603
  5.76607   5.385299  4.457915  5.7340937 4.3636684 4.5577216 2.4445617
  6.758914  5.98522   4.133098  6.2180705]], shape=(1, 18), dtype=float32)"
1454,[1 1 0 0 0 0 0 1 2 5 3 4 0 0 0 0 0 0 0 0 0 0 0 0 0],[0 0 0 1 0 5],0.1,[1 2 3 0 0 0 0 2 3 1 0 6 0 0 0 0 0 0 0 0 0 0 0 0 0],False,"tf.Tensor(
[[2.112634  2.583368  1.6098453 1.4655623 2.39067   1.5987078 1.9057801
  1.6616153 2.1954432 1.3896027 2.198983  2.087761  3.077428  3.1262424
  2.0043983 2.7020957 2.5790558 1.9757321]], shape=(1, 18), dtype=float32)"
1455,[1 2 3 0 0 0 0 2 3 1 0 6 0 0 0 0 0 0 0 0 0 0 0 0 0],"tf.Tensor([2.1623511 2.2990658 1.2908221 1.78849   2.625757  7.       ], shape=(6,), dtype=float32)",0.4,[1 3 3 2 3 1 6 0 0 0 0 0 0 0 0 0 0 0 0 0 0 0 0 0 0],False,"tf.Tensor(
[[2.1623511 2.2990658 1.2908221 1.78849   2.625757  1.9458014 2.3635292
  2.0700543 2.6978457 1.5148603 2.4732435 1.990189  2.9211838 2.6022696
  2.3659601 2.5748274 2.8345475 2.2954447]], shape=(1, 18), dtype=float32)"
1456,[1 3 3 2 3 1 6 0 0 0 0 0 0 0 0 0 0 0 0 0 0 0 0 0 0],"tf.Tensor([2.3987033 2.4350317 1.6320353 2.2235703 2.8990095 7.       ], shape=(6,), dtype=float32)",0.0,[2 1 0 0 0 0 0 1 2 5 3 4 0 0 0 0 0 0 0 0 0 0 0 0 0],False,"tf.Tensor(
[[2.3987033 2.4350317 1.6320353 2.2235703 2.8990095 2.0944982 1.9022684
  1.9521748 3.0253925 1.703024  2.4126332 1.4395025 3.1301708 2.1258314
  2.741695  2.688772  2.949616  2.619905 ]], shape=(1, 18), dtype=float32)"
1457,[2 1 0 0 0 0 0 1 2 5 3 4 0 0 0 0 0 0 0 0 0 0 0 0 0],"tf.Tensor([2.2745538 2.59706   1.6129235 1.4630842 2.4302824 8.       ], shape=(6,), dtype=float32)",0.5,[2 2 1 2 6 6 1 0 0 0 0 0 0 0 0 0 0 0 0 0 0 0 0 0 0],False,"tf.Tensor(
[[2.2745538 2.59706   1.6129235 1.4630842 2.4302824 1.7990409 2.1314216
  1.7340119 2.3941326 1.3975768 2.1972468 2.0889738 3.162081  3.294883
  2.0663495 2.7878869 2.7267613 2.0107806]], shape=(1, 18), dtype=float32)"
1458,[2 2 1 2 6 6 1 0 0 0 0 0 0 0 0 0 0 0 0 0 0 0 0 0 0],"tf.Tensor([ 2.716454   2.4978995  2.0725834  2.8381426  2.0453203 10.       ], shape=(6,), dtype=float32)",0.0,[2 3 1 2 6 6 1 0 0 0 0 0 0 0 0 0 0 0 0 0 0 0 0 0 0],False,"tf.Tensor(
[[2.716454  2.4978995 2.0725834 2.8381426 2.0453203 1.5352193 2.0751927
  3.1284032 2.8803418 1.9100817 2.9705315 2.391001  2.695423  1.3335469
  3.1741798 3.4369042 2.936954  3.0731378]], shape=(1, 18), dtype=float32)"
1459,[2 3 1 2 6 6 1 0 0 0 0 0 0 0 0 0 0 0 0 0 0 0 0 0 0],[1 1 1 0 1 8],0.0,[3 1 0 0 0 0 0 1 2 6 6 1 0 0 0 0 0 0 0 0 0 0 0 0 0],False,"tf.Tensor(
[[2.7912245 2.509294  2.1439943 2.8698268 2.1462965 1.6053373 2.1748343
  3.1912727 3.0054243 1.9564575 3.0645466 2.3864331 2.802858  1.3770349
  3.2487597 3.5014246 2.9941018 3.1355016]], shape=(1, 18), dtype=float32)"
1460,[3 1 0 0 0 0 0 1 2 6 6 1 0 0 0 0 0 0 0 0 0 0 0 0 0],"tf.Tensor([2.647377  2.6648061 1.6585904 1.8441468 2.7888405 8.       ], shape=(6,), dtype=float32)",0.5,[3 2 2 1 5 4 2 0 0 0 0 0 0 0 0 0 0 0 0 0 0 0 0 0 0],False,"tf.Tensor(
[[2.647377  2.6648061 1.6585904 1.8441468 2.7888405 2.4415545 2.795953
  1.6790061 2.854766  1.3879461 2.1500442 2.2490516 3.5724912 3.7911336
  2.5139744 3.138269  3.649428  2.2564368]], shape=(1, 18), dtype=float32)"
1461,[3 2 2 1 5 4 2 0 0 0 0 0 0 0 0 0 0 0 0 0 0 0 0 0 0],"tf.Tensor([ 2.5048304  2.1846707  1.7810193  2.6629977  2.1468832 10.       ], shape=(6,), dtype=float32)",0.0,[3 3 2 1 5 4 2 0 0 0 0 0 0 0 0 0 0 0 0 0 0 0 0 0 0],False,"tf.Tensor(
[[2.5048304 2.1846707 1.7810193 2.6629977 2.1468832 1.6577632 2.0512493
  2.7367182 2.5736675 1.6371522 2.7710955 2.1915627 2.7856727 1.3863482
  2.903842  3.1830182 2.8656125 2.9871478]], shape=(1, 18), dtype=float32)"
1462,[3 3 2 1 5 4 2 0 0 0 0 0 0 0 0 0 0 0 0 0 0 0 0 0 0],[1 0 0 0 1 8],0.0,[4 1 0 0 0 0 0 2 1 5 4 2 0 0 0 0 0 0 0 0 0 0 0 0 0],False,"tf.Tensor(
[[2.517997  2.1866689 1.8676134 2.7039514 2.1984956 1.6804155 2.1872904
  2.7793365 2.6418872 1.7122515 2.8571112 2.2128916 2.9095638 1.4145701
  3.012054  3.276615  2.8981085 3.0703444]], shape=(1, 18), dtype=float32)"
1463,[4 1 0 0 0 0 0 2 1 5 4 2 0 0 0 0 0 0 0 0 0 0 0 0 0],"tf.Tensor([ 2.4004333  2.3009534  1.3873485  1.6369352  2.6328697 11.       ], shape=(6,), dtype=float32)",0.5,[4 2 2 1 5 5 6 0 0 0 0 0 0 0 0 0 0 0 0 0 0 0 0 0 0],False,"tf.Tensor(
[[2.4004333 2.3009534 1.3873485 1.6369352 2.6328697 2.535616  2.8364577
  1.668233  2.9436564 1.1642615 1.9123766 1.9834036 3.1644688 3.2845013
  2.3456566 2.663941  3.483212  2.0101612]], shape=(1, 18), dtype=float32)"
1464,[4 2 2 1 5 5 6 0 0 0 0 0 0 0 0 0 0 0 0 0 0 0 0 0 0],"tf.Tensor([ 2.973731   2.7857852  2.0329657  3.2478204  2.611477  10.       ], shape=(6,), dtype=float32)",0.0,[4 3 2 1 5 5 6 0 0 0 0 0 0 0 0 0 0 0 0 0 0 0 0 0 0],False,"tf.Tensor(
[[2.973731  2.7857852 2.0329657 3.2478204 2.611477  1.9620463 2.0798213
  2.9800751 2.9378178 1.9241346 3.2977536 2.1201725 3.5715194 1.8653522
  3.4116502 3.6901188 3.1979816 3.5863793]], shape=(1, 18), dtype=float32)"
1465,[4 3 2 1 5 5 6 0 0 0 0 0 0 0 0 0 0 0 0 0 0 0 0 0 0],"tf.Tensor([ 3.0508087  2.8054059  2.094949   3.304294   2.6967723 10.       ], shape=(6,), dtype=float32)",0.0,[5 1 0 0 0 0 0 2 1 5 5 6 0 0 0 0 0 0 0 0 0 0 0 0 0],False,"tf.Tensor(
[[3.0508087 2.8054059 2.094949  3.304294  2.6967723 2.009626  2.1310256
  3.0358322 3.0013595 1.9772112 3.3862684 2.1241922 3.6848197 1.914521
  3.485821  3.7800713 3.241252  3.6719084]], shape=(1, 18), dtype=float32)"
1466,[5 1 0 0 0 0 0 2 1 5 5 6 0 0 0 0 0 0 0 0 0 0 0 0 0],"tf.Tensor([2.9026175 3.2186422 1.8702692 1.6497835 3.2472703 8.       ], shape=(6,), dtype=float32)",0.5,[5 2 5 6 1 4 1 0 0 0 0 0 0 0 0 0 0 0 0 0 0 0 0 0 0],False,"tf.Tensor(
[[2.9026175 3.2186422 1.8702692 1.6497835 3.2472703 2.9900508 3.4065373
  2.0739124 3.7181113 1.438506  2.4879632 2.5795124 4.050784  4.2875314
  2.7792132 3.364769  4.026816  2.3384786]], shape=(1, 18), dtype=float32)"
1467,[5 2 5 6 1 4 1 0 0 0 0 0 0 0 0 0 0 0 0 0 0 0 0 0 0],"tf.Tensor([2.8862033 2.385976  2.077047  2.5575464 3.2318645 7.       ], shape=(6,), dtype=float32)",0.0,[5 3 5 6 1 4 1 0 0 0 0 0 0 0 0 0 0 0 0 0 0 0 0 0 0],False,"tf.Tensor(
[[2.8862033 2.385976  2.077047  2.5575464 3.2318645 2.4328442 3.2828722
  2.8768117 3.715755  2.2127352 2.9097433 2.2335033 3.7523606 2.2210605
  3.4762075 3.6735752 3.4420218 3.4899983]], shape=(1, 18), dtype=float32)"
1468,[5 3 5 6 1 4 1 0 0 0 0 0 0 0 0 0 0 0 0 0 0 0 0 0 0],"tf.Tensor([2.9311192 2.404495  2.199778  2.5642815 3.3284826 3.       ], shape=(6,), dtype=float32)",8.0,[6 1 0 0 0 0 0 5 6 1 4 1 0 0 0 4 0 0 0 0 0 0 0 0 0],False,"tf.Tensor(
[[2.9311192 2.404495  2.199778  2.5642815 3.3284826 2.5100384 3.4886255
  2.929817  3.9058342 2.3011994 2.9777906 2.2444038 3.8713377 2.2559884
  3.6105807 3.775535  3.5179362 3.5569303]], shape=(1, 18), dtype=float32)"
1469,[6 1 0 0 0 0 0 5 6 1 4 1 0 0 0 4 0 0 0 0 0 0 0 0 0],[1 1 0 0 0 7],0.2,[6 2 3 5 0 0 0 0 0 2 2 2 0 0 0 4 0 0 0 0 0 0 0 0 0],False,"tf.Tensor(
[[2.9005775 2.7265742 1.343835  3.1571145 2.9147391 2.840423  3.0982988
  3.0259254 3.0721383 1.8233818 3.2222795 2.3047047 3.6453536 2.8222463
  3.8359456 3.4658093 3.953526  3.470365 ]], shape=(1, 18), dtype=float32)"
1470,[6 2 3 5 0 0 0 0 0 2 2 2 0 0 0 4 0 0 0 0 0 0 0 0 0],"tf.Tensor([ 2.621009   1.9663717  1.4362369  2.393429   2.0537112 12.       ], shape=(6,), dtype=float32)",0.30000000000000004,[6 3 3 5 2 2 2 0 0 0 0 0 0 0 0 4 0 0 0 0 0 0 0 0 0],False,"tf.Tensor(
[[2.621009  1.9663717 1.4362369 2.393429  2.0537112 1.8455347 1.9025731
  2.5258546 2.4182012 1.6888968 2.294316  1.6100714 2.7929034 1.6184888
  2.7294896 2.8030393 2.7185102 2.8964827]], shape=(1, 18), dtype=float32)"
1471,[6 3 3 5 2 2 2 0 0 0 0 0 0 0 0 4 0 0 0 0 0 0 0 0 0],"tf.Tensor([ 2.8723717  1.8419656  1.7104827  2.8100188  2.0084314 12.       ], shape=(6,), dtype=float32)",28.0,[7 1 0 0 0 0 0 3 5 3 1 5 0 0 0 4 0 0 0 0 0 0 0 0 14],False,"tf.Tensor(
[[2.8723717 1.8419656 1.7104827 2.8100188 2.0084314 2.2712173 2.2000265
  2.7457561 2.849603  1.9394749 2.608969  1.7719152 2.9584463 1.2883484
  3.3055131 3.4782555 2.6857893 3.6718533]], shape=(1, 18), dtype=float32)"
1472,[7 1 0 0 0 0 0 3 5 3 1 5 0 0 0 4 0 0 0 0 0 0 0 0 14],"tf.Tensor([2.5003622 2.0494204 2.4652743 2.7968626 2.3448517 7.       ], shape=(6,), dtype=float32)",0.5,[7 2 5 6 6 6 6 0 0 0 0 0 0 0 0 4 0 0 0 0 0 0 0 0 14],False,"tf.Tensor(
[[2.5003622 2.0494204 2.4652743 2.7968626 2.3448517 2.0957575 3.6184707
  3.1829302 3.0251026 2.657512  3.103299  2.6297495 4.1173496 2.2448735
  4.104145  3.2882774 3.8257911 3.4274356]], shape=(1, 18), dtype=float32)"
1473,[7 2 5 6 6 6 6 0 0 0 0 0 0 0 0 4 0 0 0 0 0 0 0 0 14],"tf.Tensor([4.1557927 3.2586153 3.4224725 4.4948797 3.2805126 9.       ], shape=(6,), dtype=float32)",0.0,[7 3 5 6 6 6 6 0 0 0 0 0 0 0 0 4 0 0 0 0 0 0 0 0 14],False,"tf.Tensor(
[[4.1557927 3.2586153 3.4224725 4.4948797 3.2805126 3.2251081 5.282133
  4.998142  5.26845   4.1588387 4.982801  3.631658  5.5087867 2.9971929
  6.630108  5.283259  5.2759624 5.5750527]], shape=(1, 18), dtype=float32)"
1474,[7 3 5 6 6 6 6 0 0 0 0 0 0 0 0 4 0 0 0 0 0 0 0 0 14],"tf.Tensor([4.2665725 3.3132312 3.572686  4.5443683 3.404798  9.       ], shape=(6,), dtype=float32)",0.0,[8 1 0 0 0 0 0 5 6 6 6 6 0 0 0 4 0 0 0 0 0 0 0 0 14],False,"tf.Tensor(
[[4.2665725 3.3132312 3.572686  4.5443683 3.404798  3.28189   5.4141574
  5.111113  5.4093513 4.2191367 5.090687  3.7006254 5.6828523 2.989131
  6.740324  5.4336486 5.3803964 5.7004294]], shape=(1, 18), dtype=float32)"
1475,[8 1 0 0 0 0 0 5 6 6 6 6 0 0 0 4 0 0 0 0 0 0 0 0 14],"tf.Tensor([3.7600615 3.3796594 3.2303982 3.7675598 3.8521483 7.       ], shape=(6,), dtype=float32)",0.5,[8 2 3 2 4 2 5 0 0 0 0 0 0 0 0 4 0 0 0 0 0 0 0 0 14],False,"tf.Tensor(
[[3.7600615 3.3796594 3.2303982 3.7675598 3.8521483 3.634684  5.1709886
  4.186602  4.632207  3.0365562 4.220141  3.824161  6.0946646 3.918818
  5.4126654 4.8467913 5.8760242 4.577188 ]], shape=(1, 18), dtype=float32)"
1476,[8 2 3 2 4 2 5 0 0 0 0 0 0 0 0 4 0 0 0 0 0 0 0 0 14],"tf.Tensor([2.8533044 1.693658  2.1887271 3.2924387 1.6385183 9.       ], shape=(6,), dtype=float32)",0.0,[8 3 3 2 4 2 5 0 0 0 0 0 0 0 0 4 0 0 0 0 0 0 0 0 14],False,"tf.Tensor(
[[2.8533044 1.693658  2.1887271 3.2924387 1.6385183 2.178512  3.880062
  3.7845972 3.2017603 2.8988748 3.7898345 2.8810658 3.4661674 1.7967873
  4.6766596 3.9850583 3.222464  4.270612 ]], shape=(1, 18), dtype=float32)"
1477,[8 3 3 2 4 2 5 0 0 0 0 0 0 0 0 4 0 0 0 0 0 0 0 0 14],"tf.Tensor([2.9004788 1.7319815 2.343311  3.3180876 1.7384136 9.       ], shape=(6,), dtype=float32)",60.0,[9 1 0 0 0 0 0 3 2 4 2 5 0 0 0 4 0 0 0 0 0 30 0 0 14],False,"tf.Tensor(
[[2.9004788 1.7319815 2.343311  3.3180876 1.7384136 2.2417288 4.050454
  3.8231268 3.3775675 2.97908   3.8570666 2.886887  3.6504407 1.7962885
  4.82965   4.080639  3.3172574 4.3607955]], shape=(1, 18), dtype=float32)"
1478,[9 1 0 0 0 0 0 3 2 4 2 5 0 0 0 4 0 0 0 0 0 30 0 0 14],[1 1 1 0 1 7],0.4,[9 2 2 6 1 4 0 0 0 0 5 0 0 0 0 4 0 0 0 0 0 30 0 0 14],False,"tf.Tensor(
[[ 1.8904266  1.5107391  1.6452051  2.102339   0.3487694  2.5428267
   3.4721203  1.7095542  1.921386   1.4168946  1.3091028 -1.2534105
   0.6807472  1.1849482  1.4015911  1.773315   1.7027185  2.090303 ]], shape=(1, 18), dtype=float32)"
1479,[9 2 2 6 1 4 0 0 0 0 5 0 0 0 0 4 0 0 0 0 0 30 0 0 14],"tf.Tensor([2.0379972 1.7267733 1.35177   1.6573757 0.7082749 1.       ], shape=(6,), dtype=float32)",0.1,[9 3 2 6 1 4 5 0 0 0 0 0 0 0 0 4 0 0 0 0 0 30 0 0 14],False,"tf.Tensor(
[[ 2.0379972   1.7267733   1.35177     1.6573757   0.7082749   1.7654364
   3.0909216   2.775448    1.685809    1.3511798   0.70997965 -0.57584065
   0.5184993   2.340216    0.87177455  0.9264955   1.625385    1.7474695 ]], shape=(1, 18), dtype=float32)"
1480,[9 3 2 6 1 4 5 0 0 0 0 0 0 0 0 4 0 0 0 0 0 30 0 0 14],"tf.Tensor([1.9954684 1.6675345 1.3267322 1.7373054 1.03193   1.       ], shape=(6,), dtype=float32)",4.0,[10 1 0 0 0 0 0 2 6 1 3 4 0 2 0 4 0 0 0 0 0 30 0 0 14],False,"tf.Tensor(
[[ 1.9954684   1.6675345   1.3267322   1.7373054   1.03193     1.6622882
   2.9652576   2.8121948   1.8089775   1.2795516   1.0674828  -0.28693536
   1.0250975   2.4247434   1.122005    1.0733688   1.7513646   1.5297781 ]], shape=(1, 18), dtype=float32)"
1481,[10 1 0 0 0 0 0 2 6 1 3 4 0 2 0 4 0 0 0 0 0 30 0 0 14],"tf.Tensor([1.8069516  1.8908949  1.6207027  2.3151858  0.40307912 1.        ], shape=(6,), dtype=float32)",0.4,[10 2 1 4 3 4 0 0 0 0 0 1 0 2 0 4 0 0 0 0 0 30 0 0 14],False,"tf.Tensor(
[[ 1.8069516   1.8908949   1.6207027   2.3151858   0.40307912  2.1346455
   3.982122    2.2079158   1.2617183   1.5997565   1.3015459  -1.3918804
   0.77665716  1.4401073   1.1116599   1.9203479   1.7183441   2.0233371 ]], shape=(1, 18), dtype=float32)"
1482,[10 2 1 4 3 4 0 0 0 0 0 1 0 2 0 4 0 0 0 0 0 30 0 0 14],[0 1 0 0 0 2],0.0,[10 3 1 4 3 4 0 0 0 0 0 2 0 2 0 4 0 0 0 0 0 30 0 0 14],False,"tf.Tensor(
[[ 1.8215181   1.6917344   1.369205    1.6470476   0.61268216  1.2695074
   2.6842172   2.863932    1.3060778   1.4746888   1.0666125  -0.45954278
   0.7277008   2.4392064   1.0777118   0.5546789   1.6337286   1.3790047 ]], shape=(1, 18), dtype=float32)"
1483,[10 3 1 4 3 4 0 0 0 0 0 2 0 2 0 4 0 0 0 0 0 30 0 0 14],"tf.Tensor([1.8870535  1.7177544  1.4537473  1.7925371  0.82190543 2.        ], shape=(6,), dtype=float32)",6.0,[11 1 0 0 0 0 0 1 4 3 4 6 0 2 3 4 0 0 0 0 0 30 0 0 14],False,"tf.Tensor(
[[ 1.8870535   1.7177544   1.4537473   1.7925371   0.82190543  1.2946414
   2.6234255   2.8574631   1.4745607   1.4931824   1.2228564  -0.45591566
   1.0822214   2.4468107   1.3920403   0.71003574  1.7655858   1.3952968 ]], shape=(1, 18), dtype=float32)"
1484,[11 1 0 0 0 0 0 1 4 3 4 6 0 2 3 4 0 0 0 0 0 30 0 0 14],"tf.Tensor([2.4106426 1.6410793 1.9308648 2.3634977 1.2922026 1.       ], shape=(6,), dtype=float32)",0.5,[11 2 3 6 5 1 1 0 0 0 0 0 0 2 3 4 0 0 0 0 0 30 0 0 14],False,"tf.Tensor(
[[ 2.4106426   1.6410793   1.9308648   2.3634977   1.2922026   1.8437772
   2.8221886   2.1324973   2.495341    1.3419296   2.0258965  -0.24087915
   1.6654155   2.244731    1.9446551   1.7423491   1.5366406   2.0889068 ]], shape=(1, 18), dtype=float32)"
1485,[11 2 3 6 5 1 1 0 0 0 0 0 0 2 3 4 0 0 0 0 0 30 0 0 14],"tf.Tensor([1.8987564 1.3248304 1.3042958 1.647673  1.3789557 2.       ], shape=(6,), dtype=float32)",0.0,[11 3 3 6 5 1 1 0 0 0 0 0 0 2 3 4 0 0 0 0 0 30 0 0 14],False,"tf.Tensor(
[[1.8987564 1.3248304 1.3042958 1.647673  1.3789557 1.7932062 2.3931253
  3.024807  2.5064957 1.8257364 2.0948815 0.9929703 1.7045217 2.6749744
  1.9889574 1.1589191 2.0381393 1.4251875]], shape=(1, 18), dtype=float32)"
1486,[11 3 3 6 5 1 1 0 0 0 0 0 0 2 3 4 0 0 0 0 0 30 0 0 14],"tf.Tensor([1.8815495 1.3173552 1.2973195 1.702263  1.3944864 2.       ], shape=(6,), dtype=float32)",0.0,[12 1 0 0 0 0 0 3 6 5 1 1 0 2 3 4 0 0 0 0 0 30 0 0 14],False,"tf.Tensor(
[[1.8815495  1.3173552  1.2973195  1.702263   1.3944864  1.8894002
  2.4450781  3.0204573  2.5416028  1.8807805  2.0725546  0.96976286
  1.7890239  2.6633477  2.0927153  1.228503   2.110178   1.502698  ]], shape=(1, 18), dtype=float32)"
1487,[12 1 0 0 0 0 0 3 6 5 1 1 0 2 3 4 0 0 0 0 0 30 0 0 14],"tf.Tensor([1.5448126  0.99362344 1.5186144  2.0983996  0.1512563  1.        ], shape=(6,), dtype=float32)",0.4,[12 2 3 1 2 5 0 0 0 0 0 5 0 2 3 4 0 0 0 0 0 30 0 0 14],False,"tf.Tensor(
[[ 1.5448126   0.99362344  1.5186144   2.0983996   0.1512563   2.8071332
   4.380018    2.1835988   2.2001178   1.9123625   1.7381891  -0.4514133
   0.8425054   1.6194932   1.638988    2.0171144   1.8228844   2.2095163 ]], shape=(1, 18), dtype=float32)"
1488,[12 2 3 1 2 5 0 0 0 0 0 5 0 2 3 4 0 0 0 0 0 30 0 0 14],"tf.Tensor([1.6892723 1.5080851 1.4273022 2.1036212 0.9464235 2.       ], shape=(6,), dtype=float32)",0.1,[12 3 3 1 2 5 5 0 0 0 0 0 0 2 3 4 0 0 0 0 0 30 0 0 14],False,"tf.Tensor(
[[ 1.6892723   1.5080851   1.4273022   2.1036212   0.9464235   1.3066862
   2.855916    2.8894074   1.4936124   1.6589066   1.8634748  -0.14681345
   1.7662696   2.5273807   2.0054493   0.98050493  2.1315994   1.2695769 ]], shape=(1, 18), dtype=float32)"
1489,[12 3 3 1 2 5 5 0 0 0 0 0 0 2 3 4 0 0 0 0 0 30 0 0 14],"tf.Tensor([1.6039821  1.6262479  1.1968728  1.7644949  0.46455207 1.        ], shape=(6,), dtype=float32)",0.0,[13 1 0 0 0 0 0 3 1 2 5 6 0 2 3 4 0 0 0 0 0 30 0 0 14],False,"tf.Tensor(
[[ 1.6039821   1.6262479   1.1968728   1.7644949   0.46455207  1.6850235
   3.3563523   3.0028512   1.292587    1.7390566   1.5055048  -0.19170365
   0.7805149   2.2973819   0.94904435  1.0803133   1.8643652   1.428782  ]], shape=(1, 18), dtype=float32)"
1490,[13 1 0 0 0 0 0 3 1 2 5 6 0 2 3 4 0 0 0 0 0 30 0 0 14],"tf.Tensor([2.2253861 1.5186343 1.9254441 2.2512364 0.7032976 1.       ], shape=(6,), dtype=float32)",0.4,[13 2 1 2 2 2 0 0 0 0 0 1 0 2 3 4 0 0 0 0 0 30 0 0 14],False,"tf.Tensor(
[[ 2.2253861  1.5186343  1.9254441  2.2512364  0.7032976  1.7524226
   2.9616053  2.2664752  2.1348119  1.7480966  1.9175581 -0.3840917
   1.2407115  1.9256525  1.7441232  1.5007565  1.4307386  2.1733236]], shape=(1, 18), dtype=float32)"
1491,[13 2 1 2 2 2 0 0 0 0 0 1 0 2 3 4 0 0 0 0 0 30 0 0 14],"tf.Tensor([1.5395318 1.1244477 1.290103  1.4900217 0.228609  1.       ], shape=(6,), dtype=float32)",0.0,[13 3 1 2 2 2 0 0 0 0 0 3 0 2 3 4 0 0 0 0 0 30 0 0 14],False,"tf.Tensor(
[[1.5395318  1.1244477  1.290103   1.4900217  0.228609   1.8951489
  3.352277   2.8857641  1.6610931  2.1170723  1.4567991  0.18213072
  0.45102757 2.2861784  1.3259284  0.8073989  1.7504227  1.5904859 ]], shape=(1, 18), dtype=float32)"
1492,[13 3 1 2 2 2 0 0 0 0 0 3 0 2 3 4 0 0 0 0 0 30 0 0 14],"tf.Tensor([1.7526213  1.2738618  1.435319   1.755825   0.68286604 1.        ], shape=(6,), dtype=float32)",8.0,[14 1 0 0 0 0 0 1 2 2 2 2 0 6 3 4 0 0 0 0 0 30 0 0 14],True,"tf.Tensor(
[[1.7526213  1.2738618  1.435319   1.755825   0.68286604 1.7885418
  3.1139944  2.9033692  1.9001685  2.0185513  1.6461865  0.16050762
  1.0897468  2.4274404  1.7666092  0.9804021  1.914897   1.6011419 ]], shape=(1, 18), dtype=float32)"
1493,[1 1 0 0 0 0 0 2 3 4 5 2 0 0 0 0 0 0 0 0 0 0 0 0 0],"tf.Tensor([2.2530205 2.4976327 1.6514864 1.6383445 2.8464136 7.       ], shape=(6,), dtype=float32)",0.5,[1 2 2 3 4 5 2 0 0 0 0 0 0 0 0 0 0 0 0 0 0 0 0 0 0],False,"tf.Tensor(
[[2.2530205 2.4976327 1.6514864 1.6383445 2.8464136 2.3187683 2.5254545
  1.6307583 2.8691106 1.3502759 2.2458525 1.9869725 3.3719559 3.1851609
  2.384781  2.784744  3.2504618 2.088504 ]], shape=(1, 18), dtype=float32)"
1494,[1 2 2 3 4 5 2 0 0 0 0 0 0 0 0 0 0 0 0 0 0 0 0 0 0],"tf.Tensor([ 2.6410449  2.3348994  1.8445686  2.5414834  2.4815257 10.       ], shape=(6,), dtype=float32)",0.0,[1 3 2 3 4 5 2 0 0 0 0 0 0 0 0 0 0 0 0 0 0 0 0 0 0],False,"tf.Tensor(
[[2.6410449 2.3348994 1.8445686 2.5414834 2.4815257 1.9671755 2.2723856
  2.6847413 3.0617244 1.6906352 2.656777  2.145981  2.8805437 1.5854298
  2.983228  3.1633556 3.1410644 2.9393203]], shape=(1, 18), dtype=float32)"
1495,[1 3 2 3 4 5 2 0 0 0 0 0 0 0 0 0 0 0 0 0 0 0 0 0 0],"tf.Tensor([ 2.6955726  2.3554595  1.9427555  2.5509937  2.5455616 10.       ], shape=(6,), dtype=float32)",0.0,[2 1 0 0 0 0 0 2 3 4 5 2 0 0 0 0 0 0 0 0 0 0 0 0 0],False,"tf.Tensor(
[[2.6955726 2.3554595 1.9427555 2.5509937 2.5455616 2.0005784 2.3937545
  2.7476213 3.1873224 1.7701488 2.7449322 2.147824  2.9919102 1.632801
  3.0809786 3.2247384 3.1739597 2.9952807]], shape=(1, 18), dtype=float32)"
1496,[2 1 0 0 0 0 0 2 3 4 5 2 0 0 0 0 0 0 0 0 0 0 0 0 0],"tf.Tensor([2.403915  2.4782484 1.6381549 1.7163659 2.7871609 7.       ], shape=(6,), dtype=float32)",0.5,[2 2 2 4 2 2 2 0 0 0 0 0 0 0 0 0 0 0 0 0 0 0 0 0 0],False,"tf.Tensor(
[[2.403915  2.4782484 1.6381549 1.7163659 2.7871609 2.4058394 2.6345134
  1.7067369 2.8881238 1.3153185 2.2869785 2.0608242 3.4373238 3.252092
  2.4211624 2.9068482 3.3347936 2.193687 ]], shape=(1, 18), dtype=float32)"
1497,[2 2 2 4 2 2 2 0 0 0 0 0 0 0 0 0 0 0 0 0 0 0 0 0 0],"tf.Tensor([2.194704  1.9111876 1.5912982 1.9955826 2.1382763 3.       ], shape=(6,), dtype=float32)",0.0,[2 3 2 4 2 2 2 0 0 0 0 0 0 0 0 0 0 0 0 0 0 0 0 0 0],False,"tf.Tensor(
[[2.194704  1.9111876 1.5912982 1.9955826 2.1382763 1.7011985 1.9624753
  2.126007  2.6514564 1.5919722 2.1310995 1.4118768 2.5730493 1.4765072
  2.5341215 2.5286276 2.4497416 2.4592612]], shape=(1, 18), dtype=float32)"
1498,[2 3 2 4 2 2 2 0 0 0 0 0 0 0 0 0 0 0 0 0 0 0 0 0 0],"tf.Tensor([2.2438476 1.9315598 1.6918304 2.0149384 2.2204506 3.       ], shape=(6,), dtype=float32)",8.0,[3 1 0 0 0 0 0 2 4 2 2 2 0 0 0 4 0 0 0 0 0 0 0 0 0],False,"tf.Tensor(
[[2.2438476 1.9315598 1.6918304 2.0149384 2.2204506 1.7598627 2.1359553
  2.181585  2.7963526 1.6672695 2.2168157 1.4101231 2.6944141 1.5191588
  2.6476996 2.6407695 2.487895  2.5408096]], shape=(1, 18), dtype=float32)"
1499,[3 1 0 0 0 0 0 2 4 2 2 2 0 0 0 4 0 0 0 0 0 0 0 0 0],"tf.Tensor([ 2.213915   2.0523906  1.2497375  2.2083068  2.123013  11.       ], shape=(6,), dtype=float32)",0.5,[3 2 1 6 6 4 1 0 0 0 0 0 0 0 0 4 0 0 0 0 0 0 0 0 0],False,"tf.Tensor(
[[2.213915  2.0523906 1.2497375 2.2083068 2.123013  1.8313249 1.7103071
  2.059532  2.2448792 1.3097615 2.1688662 1.6675506 2.5552735 1.5488199
  2.547049  2.6314414 2.719079  2.5888813]], shape=(1, 18), dtype=float32)"
1500,[3 2 1 6 6 4 1 0 0 0 0 0 0 0 0 4 0 0 0 0 0 0 0 0 0],"tf.Tensor([ 3.4131615  2.4217315  2.1927905  3.4935741  1.7940689 12.       ], shape=(6,), dtype=float32)",0.0,[3 3 1 6 6 4 1 0 0 0 0 0 0 0 0 4 0 0 0 0 0 0 0 0 0],False,"tf.Tensor(
[[3.4131615  2.4217315  2.1927905  3.4935741  1.7940689  2.3005354
  1.9126941  3.5139723  3.2435527  2.045305   3.1007802  2.4271398
  2.8145878  0.94965696 3.76268    3.8392525  3.2955303  3.94117   ]], shape=(1, 18), dtype=float32)"
1501,[3 3 1 6 6 4 1 0 0 0 0 0 0 0 0 4 0 0 0 0 0 0 0 0 0],"tf.Tensor([ 3.452036   2.4204075  2.291475   3.5142188  1.8336332 12.       ], shape=(6,), dtype=float32)",36.0,[4 1 0 0 0 0 0 1 6 6 4 1 0 0 0 4 0 0 0 0 0 0 0 0 18],False,"tf.Tensor(
[[3.452036   2.4204075  2.291475   3.5142188  1.8336332  2.3261046
  2.0387282  3.5730197  3.347572   2.116277   3.2012417  2.4464781
  2.9223008  0.97264636 3.8666756  3.9133508  3.3162293  4.0108843 ]], shape=(1, 18), dtype=float32)"
1502,[4 1 0 0 0 0 0 1 6 6 4 1 0 0 0 4 0 0 0 0 0 0 0 0 18],[1 0 1 1 1 3],0.4,[4 2 4 1 5 2 0 0 1 0 0 0 0 0 0 4 0 0 0 0 0 0 0 0 18],False,"tf.Tensor(
[[2.86361   2.239459  2.8820941 3.5528953 2.0148294 1.7609127 3.413556
  3.7652397 2.9242916 2.99191   3.6521914 3.144096  3.9775674 1.9825326
  4.3042593 4.043265  3.9316483 3.7725246]], shape=(1, 18), dtype=float32)"
1503,[4 2 4 1 5 2 0 0 1 0 0 0 0 0 0 4 0 0 0 0 0 0 0 0 18],"tf.Tensor([2.4098167 1.8699219 2.9473758 3.447367  1.0683001 9.       ], shape=(6,), dtype=float32)",0.1,[4 3 4 1 5 2 1 0 0 0 0 0 0 0 0 4 0 0 0 0 0 0 0 0 18],False,"tf.Tensor(
[[2.4098167 1.8699219 2.9473758 3.447367  1.0683001 1.0922105 2.7761025
  3.9391098 2.8371093 3.598862  3.652075  3.0281198 3.1543257 0.7576405
  4.909222  3.6651962 2.9868474 3.92773  ]], shape=(1, 18), dtype=float32)"
1504,[4 3 4 1 5 2 1 0 0 0 0 0 0 0 0 4 0 0 0 0 0 0 0 0 18],"tf.Tensor([2.40789   1.9816028 3.0368817 3.450271  1.2288693 9.       ], shape=(6,), dtype=float32)",0.0,[5 1 0 0 0 0 0 4 6 1 5 2 0 0 0 4 0 0 0 0 0 0 0 0 18],False,"tf.Tensor(
[[2.40789   1.9816028 3.0368817 3.450271  1.2288693 1.1932901 2.9491234
  3.8922777 3.0323632 3.7016451 3.6720774 3.0211356 3.3737037 0.9025049
  5.0874443 3.643383  3.1835    3.9500003]], shape=(1, 18), dtype=float32)"
1505,[5 1 0 0 0 0 0 4 6 1 5 2 0 0 0 4 0 0 0 0 0 0 0 0 18],"tf.Tensor([3.111276  2.036849  2.6889267 3.2635329 2.1378088 9.       ], shape=(6,), dtype=float32)",0.5,[5 2 6 1 3 1 2 0 0 0 0 0 0 0 0 4 0 0 0 0 0 0 0 0 18],False,"tf.Tensor(
[[3.111276  2.036849  2.6889267 3.2635329 2.1378088 2.0561318 3.217836
  3.8474863 3.0757477 2.8195562 3.4414003 2.9503584 3.861884  1.7977248
  4.1771326 3.524905  3.9576905 3.8117304]], shape=(1, 18), dtype=float32)"
1506,[5 2 6 1 3 1 2 0 0 0 0 0 0 0 0 4 0 0 0 0 0 0 0 0 18],[1 0 0 0 0 5],0.0,[5 3 6 1 3 1 2 0 0 0 0 0 0 0 0 4 0 0 0 0 0 0 0 0 18],False,"tf.Tensor(
[[2.3066046 2.1389737 3.0999446 3.402676  1.6077168 1.2346977 3.3129425
  3.6995614 3.2003531 3.673376  3.4902883 2.767297  3.7198098 1.0689653
  5.2134814 3.6811645 3.4526274 3.8304453]], shape=(1, 18), dtype=float32)"
1507,[5 3 6 1 3 1 2 0 0 0 0 0 0 0 0 4 0 0 0 0 0 0 0 0 18],"tf.Tensor([2.3049006 2.1457968 3.1882958 3.4077022 1.695833  9.       ], shape=(6,), dtype=float32)",0.0,[6 1 0 0 0 0 0 6 1 3 1 2 0 0 0 4 0 0 0 0 0 0 0 0 18],False,"tf.Tensor(
[[2.3049006 2.1457968 3.1882958 3.4077022 1.695833  1.2717174 3.4928598
  3.711741  3.3135614 3.7746418 3.5181432 2.7378042 3.8634627 1.1206708
  5.3401213 3.7462788 3.5069015 3.8841157]], shape=(1, 18), dtype=float32)"
1508,[6 1 0 0 0 0 0 6 1 3 1 2 0 0 0 4 0 0 0 0 0 0 0 0 18],"tf.Tensor([2.7934563 1.7946885 2.9936657 3.227967  1.524169  9.       ], shape=(6,), dtype=float32)",0.5,[6 2 2 4 2 2 5 0 0 0 0 0 0 0 0 4 0 0 0 0 0 0 0 0 18],False,"tf.Tensor(
[[2.7934563 1.7946885 2.9936657 3.227967  1.524169  1.8665135 3.0939803
  3.7949543 2.94458   2.9738874 3.2475584 3.1065612 3.7162168 1.1656053
  4.5939283 2.927537  4.247083  3.6316066]], shape=(1, 18), dtype=float32)"
1509,[6 2 2 4 2 2 5 0 0 0 0 0 0 0 0 4 0 0 0 0 0 0 0 0 18],"tf.Tensor([3.0027802 2.2559304 2.6515062 3.167373  1.7083051 9.       ], shape=(6,), dtype=float32)",0.0,[6 3 2 4 2 2 5 0 0 0 0 0 0 0 0 4 0 0 0 0 0 0 0 0 18],False,"tf.Tensor(
[[3.0027802 2.2559304 2.6515062 3.167373  1.7083051 1.8535717 3.5615559
  4.1627836 3.5483465 3.455928  3.902659  3.0729313 3.412104  1.9890952
  4.71022   3.7254345 3.429437  3.9163804]], shape=(1, 18), dtype=float32)"
1510,[6 3 2 4 2 2 5 0 0 0 0 0 0 0 0 4 0 0 0 0 0 0 0 0 18],"tf.Tensor([3.002315  2.240777  2.7801507 3.1694634 1.8148324 9.       ], shape=(6,), dtype=float32)",0.0,[7 1 0 0 0 0 0 2 4 2 2 5 0 0 0 4 0 0 0 0 0 0 0 0 18],False,"tf.Tensor(
[[3.002315  2.240777  2.7801507 3.1694634 1.8148324 1.8589491 3.6933866
  4.173142  3.6574373 3.5357695 3.9627683 3.0722537 3.599417  1.9632639
  4.8446436 3.7844293 3.4671755 3.9967933]], shape=(1, 18), dtype=float32)"
1511,[7 1 0 0 0 0 0 2 4 2 2 5 0 0 0 4 0 0 0 0 0 0 0 0 18],"tf.Tensor([2.8516152 2.2216575 3.035208  3.1653588 2.0993607 9.       ], shape=(6,), dtype=float32)",0.5,[7 2 6 2 6 2 6 0 0 0 0 0 0 0 0 4 0 0 0 0 0 0 0 0 18],False,"tf.Tensor(
[[2.8516152 2.2216575 3.035208  3.1653588 2.0993607 1.7224317 3.438449
  3.8737054 3.2862332 3.0561757 3.603857  3.1025586 3.9416504 1.8666085
  4.3055058 3.4224925 3.99319   3.5154035]], shape=(1, 18), dtype=float32)"
1512,[7 2 6 2 6 2 6 0 0 0 0 0 0 0 0 4 0 0 0 0 0 0 0 0 18],[ 0  0  1  0  1 12],0.0,[7 3 6 2 6 2 6 0 0 0 0 0 0 0 0 4 0 0 0 0 0 0 0 0 18],False,"tf.Tensor(
[[3.2615664 2.8447363 3.0392742 4.2123976 2.6175034 2.3716    4.582042
  4.4071426 4.201246  4.007768  4.514016  3.3946438 4.843026  2.4248185
  6.137424  4.8674593 4.432382  5.052761 ]], shape=(1, 18), dtype=float32)"
1513,[7 3 6 2 6 2 6 0 0 0 0 0 0 0 0 4 0 0 0 0 0 0 0 0 18],"tf.Tensor([3.3540616 2.863973  3.1938405 4.234551  2.6943927 9.       ], shape=(6,), dtype=float32)",0.0,[8 1 0 0 0 0 0 6 2 6 2 6 0 0 0 4 0 0 0 0 0 0 0 0 18],False,"tf.Tensor(
[[3.3540616 2.863973  3.1938405 4.234551  2.6943927 2.4398875 4.715544
  4.5051174 4.3734784 4.098396  4.598995  3.451921  4.9802456 2.4137237
  6.268379  4.95035   4.5304604 5.1476955]], shape=(1, 18), dtype=float32)"
1514,[8 1 0 0 0 0 0 6 2 6 2 6 0 0 0 4 0 0 0 0 0 0 0 0 18],"tf.Tensor([3.0205545 2.735461  3.5780292 3.565372  2.9447918 7.       ], shape=(6,), dtype=float32)",0.5,[8 2 4 1 6 1 3 0 0 0 0 0 0 0 0 4 0 0 0 0 0 0 0 0 18],False,"tf.Tensor(
[[3.0205545 2.735461  3.5780292 3.565372  2.9447918 2.9653168 4.7879148
  3.7526028 4.1583877 3.2178745 3.7360792 3.4770834 5.613083  2.7327986
  5.54509   3.958144  5.6119437 4.125375 ]], shape=(1, 18), dtype=float32)"
1515,[8 2 4 1 6 1 3 0 0 0 0 0 0 0 0 4 0 0 0 0 0 0 0 0 18],"tf.Tensor([2.9026177 1.7879772 2.6828692 3.6914892 1.3043232 9.       ], shape=(6,), dtype=float32)",0.0,[8 3 4 1 6 1 3 0 0 0 0 0 0 0 0 4 0 0 0 0 0 0 0 0 18],False,"tf.Tensor(
[[2.9026177 1.7879772 2.6828692 3.6914892 1.3043232 1.867628  3.7302656
  4.3157415 3.3377585 3.6157322 4.181014  3.4184263 3.4073315 1.3595296
  5.2906036 4.3560653 3.2101977 4.6565194]], shape=(1, 18), dtype=float32)"
1516,[8 3 4 1 6 1 3 0 0 0 0 0 0 0 0 4 0 0 0 0 0 0 0 0 18],"tf.Tensor([2.9401946 1.8006126 2.8347504 3.712424  1.4015595 9.       ], shape=(6,), dtype=float32)",0.0,[9 1 0 0 0 0 0 4 1 6 1 3 0 0 0 4 0 0 0 0 0 0 0 0 18],False,"tf.Tensor(
[[2.9401946 1.8006126 2.8347504 3.712424  1.4015595 1.9179089 3.8959732
  4.3468447 3.4946418 3.6876292 4.250877  3.428107  3.5948412 1.3541521
  5.4345403 4.4402328 3.2965357 4.737946 ]], shape=(1, 18), dtype=float32)"
1517,[9 1 0 0 0 0 0 4 1 6 1 3 0 0 0 4 0 0 0 0 0 0 0 0 18],[1 0 0 0 1 8],0.2,[9 2 4 3 0 0 0 0 6 3 1 0 0 0 0 4 0 0 0 0 0 0 0 0 18],False,"tf.Tensor(
[[2.8825877 2.169499  3.3475919 3.7106636 1.7432535 1.8896482 3.8621516
  4.1203732 3.2333212 3.2180376 3.7512822 3.553102  4.344917  1.5613365
  5.1157165 3.5991666 4.757221  3.9288492]], shape=(1, 18), dtype=float32)"
1518,[9 2 4 3 0 0 0 0 6 3 1 0 0 0 0 4 0 0 0 0 0 0 0 0 18],"tf.Tensor([3.4663618 2.3014944 3.5919254 3.7635806 2.316498  9.       ], shape=(6,), dtype=float32)",0.30000000000000004,[9 3 4 3 6 3 1 0 0 0 0 0 0 0 0 4 0 0 0 0 0 0 0 0 18],False,"tf.Tensor(
[[3.4663618 2.3014944 3.5919254 3.7635806 2.316498  2.2634945 5.09539
  4.505839  4.3378334 3.749262  4.2569327 3.2021122 4.7258925 2.1242366
  5.565572  5.1351523 4.239696  4.5816307]], shape=(1, 18), dtype=float32)"
1519,[9 3 4 3 6 3 1 0 0 0 0 0 0 0 0 4 0 0 0 0 0 0 0 0 18],"tf.Tensor([3.1897767 1.9752924 3.3256578 3.9083467 1.605727  9.       ], shape=(6,), dtype=float32)",0.0,[10 1 0 0 0 0 0 4 5 4 3 3 0 0 0 4 0 0 0 0 0 0 0 0 18],False,"tf.Tensor(
[[3.1897767 1.9752924 3.3256578 3.9083467 1.605727  2.154063  4.5061035
  4.6818113 4.190184  4.060369  4.56594   3.648226  4.049658  1.3428895
  6.0478764 4.8794174 3.613622  5.150027 ]], shape=(1, 18), dtype=float32)"
1520,[10 1 0 0 0 0 0 4 5 4 3 3 0 0 0 4 0 0 0 0 0 0 0 0 18],"tf.Tensor([3.207346  2.2479124 3.096737  3.8304882 2.18776   9.       ], shape=(6,), dtype=float32)",0.5,[10 2 1 1 2 2 3 0 0 0 0 0 0 0 0 4 0 0 0 0 0 0 0 0 18],False,"tf.Tensor(
[[3.207346  2.2479124 3.096737  3.8304882 2.18776   2.2110522 4.2811637
  4.3592997 3.3640118 3.2129622 4.0380383 3.599904  4.6150365 2.133925
  5.1330028 4.115693  4.735387  4.3074136]], shape=(1, 18), dtype=float32)"
1521,[10 2 1 1 2 2 3 0 0 0 0 0 0 0 0 4 0 0 0 0 0 0 0 0 18],"tf.Tensor([2.7562394 1.1840835 2.3521092 3.0055108 0.6909865 9.       ], shape=(6,), dtype=float32)",0.0,[10 3 1 1 2 2 3 0 0 0 0 0 0 0 0 4 0 0 0 0 0 0 0 0 18],False,"tf.Tensor(
[[2.7562394 1.1840835 2.3521092 3.0055108 0.6909865 1.7470487 3.2957792
  4.260903  2.9101262 3.2296371 3.8801358 3.578862  2.455555  1.0881094
  4.4436636 3.5642362 2.7523508 4.083062 ]], shape=(1, 18), dtype=float32)"
1522,[10 3 1 1 2 2 3 0 0 0 0 0 0 0 0 4 0 0 0 0 0 0 0 0 18],"tf.Tensor([2.768255  1.1554377 2.4912708 3.016221  0.7537358 9.       ], shape=(6,), dtype=float32)",0.0,[11 1 0 0 0 0 0 1 1 2 2 3 0 0 0 4 0 0 0 0 0 0 0 0 18],False,"tf.Tensor(
[[2.768255  1.1554377 2.4912708 3.016221  0.7537358 1.7659727 3.4244165
  4.275119  3.018984  3.305983  3.9376829 3.5537891 2.625877  1.0907539
  4.5557575 3.5962815 2.7902656 4.134139 ]], shape=(1, 18), dtype=float32)"
1523,[11 1 0 0 0 0 0 1 1 2 2 3 0 0 0 4 0 0 0 0 0 0 0 0 18],"tf.Tensor([2.8286479 1.7180079 3.2950935 3.4618676 0.8734449 9.       ], shape=(6,), dtype=float32)",0.4,[11 2 6 2 4 2 0 0 0 0 0 2 0 0 0 4 0 0 0 0 0 0 0 0 18],False,"tf.Tensor(
[[2.8286479  1.7180079  3.2950935  3.4618676  0.8734449  1.3465532
  3.18606    4.479355   3.0464704  3.1903017  4.0888085  3.7378335
  3.174912   0.79403174 4.745689   3.4901695  3.6157029  3.802129  ]], shape=(1, 18), dtype=float32)"
1524,[11 2 6 2 4 2 0 0 0 0 0 2 0 0 0 4 0 0 0 0 0 0 0 0 18],"tf.Tensor([2.8876104 2.0945976 3.4672222 3.7921846 1.7878016 9.       ], shape=(6,), dtype=float32)",0.1,[11 3 6 2 4 2 2 0 0 0 0 0 0 0 0 4 0 0 0 0 0 0 0 0 18],False,"tf.Tensor(
[[2.8876104 2.0945976 3.4672222 3.7921846 1.7878016 1.8475083 4.524221
  4.4814377 4.072903  4.0088034 4.3028636 3.666844  4.2550855 1.1592804
  5.9865713 4.759455  3.7697055 4.914638 ]], shape=(1, 18), dtype=float32)"
1525,[11 3 6 2 4 2 2 0 0 0 0 0 0 0 0 4 0 0 0 0 0 0 0 0 18],"tf.Tensor([3.071226  1.8838444 3.3432388 3.7408845 1.8974321 9.       ], shape=(6,), dtype=float32)",0.0,[12 1 0 0 0 0 0 6 2 4 2 5 0 0 0 4 0 0 0 0 0 0 0 0 18],False,"tf.Tensor(
[[3.071226  1.8838444 3.3432388 3.7408845 1.8974321 2.2325327 4.930695
  4.4612594 4.306546  3.996938  4.2896285 3.5085986 4.3689494 1.2850928
  6.1435475 4.9718137 3.765927  5.165892 ]], shape=(1, 18), dtype=float32)"
1526,[12 1 0 0 0 0 0 6 2 4 2 5 0 0 0 4 0 0 0 0 0 0 0 0 18],"tf.Tensor([3.348968  2.4418263 3.6253562 3.9586267 2.2887673 9.       ], shape=(6,), dtype=float32)",0.5,[12 2 3 2 4 6 6 0 0 0 0 0 0 0 0 4 0 0 0 0 0 0 0 0 18],False,"tf.Tensor(
[[3.348968  2.4418263 3.6253562 3.9586267 2.2887673 2.6717107 5.074038
  4.5989585 3.9892893 3.3187358 4.25277   3.914738  5.2069035 2.334918
  5.8529234 4.2295566 5.5594687 4.4178433]], shape=(1, 18), dtype=float32)"
1527,[12 2 3 2 4 6 6 0 0 0 0 0 0 0 0 4 0 0 0 0 0 0 0 0 18],"tf.Tensor([3.526053  2.1034849 2.8583171 4.1889505 1.9716833 9.       ], shape=(6,), dtype=float32)",0.0,[12 3 3 2 4 6 6 0 0 0 0 0 0 0 0 4 0 0 0 0 0 0 0 0 18],False,"tf.Tensor(
[[3.526053  2.1034849 2.8583171 4.1889505 1.9716833 2.6914194 5.151777
  4.843556  4.1409984 3.5360444 5.049544  3.8778436 4.3619504 2.2113855
  5.9536443 5.182927  4.0475936 5.3997912]], shape=(1, 18), dtype=float32)"
1528,[12 3 3 2 4 6 6 0 0 0 0 0 0 0 0 4 0 0 0 0 0 0 0 0 18],"tf.Tensor([3.6147997 2.1594942 3.0238547 4.228847  2.0581234 9.       ], shape=(6,), dtype=float32)",0.0,[13 1 0 0 0 0 0 3 2 4 6 6 0 0 0 4 0 0 0 0 0 0 0 0 18],False,"tf.Tensor(
[[3.6147997 2.1594942 3.0238547 4.228847  2.0581234 2.727366  5.2438207
  4.948583  4.2942166 3.6332276 5.147896  3.9420855 4.506595  2.2060122
  6.0782356 5.2616854 4.15252   5.4819736]], shape=(1, 18), dtype=float32)"
1529,[13 1 0 0 0 0 0 3 2 4 6 6 0 0 0 4 0 0 0 0 0 0 0 0 18],"tf.Tensor([3.6900072 2.9836347 3.9838328 4.367651  2.6855533 9.       ], shape=(6,), dtype=float32)",0.5,[13 2 4 5 6 6 1 0 0 0 0 0 0 0 0 4 0 0 0 0 0 0 0 0 18],False,"tf.Tensor(
[[3.6900072 2.9836347 3.9838328 4.367651  2.6855533 2.9029832 5.528562
  4.8942876 4.637942  3.3538558 4.8625717 4.369811  5.6078196 2.73699
  6.077496  5.060671  5.8956256 4.694451 ]], shape=(1, 18), dtype=float32)"
1530,[13 2 4 5 6 6 1 0 0 0 0 0 0 0 0 4 0 0 0 0 0 0 0 0 18],"tf.Tensor([3.9224787 2.035318  3.5738568 4.371954  1.9294778 9.       ], shape=(6,), dtype=float32)",0.0,[13 3 4 5 6 6 1 0 0 0 0 0 0 0 0 4 0 0 0 0 0 0 0 0 18],False,"tf.Tensor(
[[3.9224787 2.035318  3.5738568 4.371954  1.9294778 2.9735496 5.803114
  5.466601  5.109415  4.3230834 5.3564367 4.2786226 4.6284657 1.8072399
  6.8489866 5.8128123 4.2005787 6.0943065]], shape=(1, 18), dtype=float32)"
1531,[13 3 4 5 6 6 1 0 0 0 0 0 0 0 0 4 0 0 0 0 0 0 0 0 18],"tf.Tensor([3.999365  2.0497613 3.7381432 4.3998957 2.014961  9.       ], shape=(6,), dtype=float32)",0.0,[14 1 0 0 0 0 0 4 5 6 6 1 0 0 0 4 0 0 0 0 0 0 0 0 18],True,"tf.Tensor(
[[3.999365  2.0497613 3.7381432 4.3998957 2.014961  3.0031118 5.9039826
  5.557529  5.2538104 4.410629  5.4556193 4.3472376 4.7800326 1.7914518
  6.968557  5.882531  4.2926254 6.1712193]], shape=(1, 18), dtype=float32)"
1532,[1 1 0 0 0 0 0 3 5 6 1 5 0 0 0 0 0 0 0 0 0 0 0 0 0],"tf.Tensor([2.9188893 2.925854  1.9062246 2.2669702 2.9007308 7.       ], shape=(6,), dtype=float32)",0.5,[1 2 3 5 6 1 5 0 0 0 0 0 0 0 0 0 0 0 0 0 0 0 0 0 0],False,"tf.Tensor(
[[2.9188893 2.925854  1.9062246 2.2669702 2.9007308 2.199377  2.4911623
  2.4896178 2.9308875 1.7997915 3.072336  2.2673788 3.715825  3.3052886
  2.8572822 3.5091708 3.264693  2.8475523]], shape=(1, 18), dtype=float32)"
1533,[1 2 3 5 6 1 5 0 0 0 0 0 0 0 0 0 0 0 0 0 0 0 0 0 0],[1 0 0 1 0 7],0.0,[1 3 3 5 6 1 5 0 0 0 0 0 0 0 0 0 0 0 0 0 0 0 0 0 0],False,"tf.Tensor(
[[3.1823738 3.0508707 2.3762274 3.1379833 3.082621  2.414494  2.4614947
  3.049853  3.8577552 2.422618  3.0969634 2.1296766 3.723421  2.0985394
  3.922333  3.5718317 3.9002774 3.4927042]], shape=(1, 18), dtype=float32)"
1534,[1 3 3 5 6 1 5 0 0 0 0 0 0 0 0 0 0 0 0 0 0 0 0 0 0],"tf.Tensor([3.2363608 3.061137  2.4738045 3.1584895 3.1538668 9.       ], shape=(6,), dtype=float32)",0.0,[2 1 0 0 0 0 0 3 5 6 1 5 0 0 0 0 0 0 0 0 0 0 0 0 0],False,"tf.Tensor(
[[3.2363608 3.061137  2.4738045 3.1584895 3.1538668 2.4747396 2.6324553
  3.0935228 4.0007153 2.485112  3.1882641 2.1126075 3.8738818 2.1410048
  4.045935  3.6693876 3.931095  3.5840883]], shape=(1, 18), dtype=float32)"
1535,[2 1 0 0 0 0 0 3 5 6 1 5 0 0 0 0 0 0 0 0 0 0 0 0 0],"tf.Tensor([3.008275  2.9255886 1.9217541 2.286637  2.9954772 7.       ], shape=(6,), dtype=float32)",0.5,[2 2 6 3 6 1 2 0 0 0 0 0 0 0 0 0 0 0 0 0 0 0 0 0 0],False,"tf.Tensor(
[[3.008275  2.9255886 1.9217541 2.286637  2.9954772 2.3569698 2.6653874
  2.5440722 3.0912032 1.8020595 3.0889585 2.30184   3.8019145 3.393638
  2.9072402 3.559383  3.4101942 2.886116 ]], shape=(1, 18), dtype=float32)"
1536,[2 2 6 3 6 1 2 0 0 0 0 0 0 0 0 0 0 0 0 0 0 0 0 0 0],"tf.Tensor([ 2.8648224  2.8568318  2.2699604  3.0820622  3.1964302 11.       ], shape=(6,), dtype=float32)",0.0,[2 3 6 3 6 1 2 0 0 0 0 0 0 0 0 0 0 0 0 0 0 0 0 0 0],False,"tf.Tensor(
[[2.8648224 2.8568318 2.2699604 3.0820622 3.1964302 2.2962122 2.8887737
  3.0181437 3.7257671 2.3073018 3.293435  2.7580688 3.6126015 2.0718088
  3.8884869 3.8485715 3.973116  3.4763877]], shape=(1, 18), dtype=float32)"
1537,[2 3 6 3 6 1 2 0 0 0 0 0 0 0 0 0 0 0 0 0 0 0 0 0 0],"tf.Tensor([ 2.9079196  2.8771734  2.3966794  3.1117423  3.2781463 11.       ], shape=(6,), dtype=float32)",0.0,[3 1 0 0 0 0 0 6 3 6 1 2 0 0 0 0 0 0 0 0 0 0 0 0 0],False,"tf.Tensor(
[[2.9079196 2.8771734 2.3966794 3.1117423 3.2781463 2.3506556 3.083562
  3.0870407 3.8810349 2.3904667 3.399251  2.7905307 3.7418227 2.1020412
  4.024664  3.968324  4.038868  3.559306 ]], shape=(1, 18), dtype=float32)"
1538,[3 1 0 0 0 0 0 6 3 6 1 2 0 0 0 0 0 0 0 0 0 0 0 0 0],"tf.Tensor([ 2.5928419  2.6617732  1.6383698  2.3264203  3.1452267 11.       ], shape=(6,), dtype=float32)",0.5,[3 2 6 3 3 1 1 0 0 0 0 0 0 0 0 0 0 0 0 0 0 0 0 0 0],False,"tf.Tensor(
[[2.5928419 2.6617732 1.6383698 2.3264203 3.1452267 2.871957  3.1348464
  2.4383569 3.330608  1.7406129 2.7032428 2.3625124 3.8036425 3.240562
  3.3270714 2.8473368 4.1892285 2.6954746]], shape=(1, 18), dtype=float32)"
1539,[3 2 6 3 3 1 1 0 0 0 0 0 0 0 0 0 0 0 0 0 0 0 0 0 0],"tf.Tensor([2.3318436 2.3259275 1.9567738 2.4185896 2.9622939 3.       ], shape=(6,), dtype=float32)",0.0,[3 3 6 3 3 1 1 0 0 0 0 0 0 0 0 0 0 0 0 0 0 0 0 0 0],False,"tf.Tensor(
[[2.3318436 2.3259275 1.9567738 2.4185896 2.9622939 2.0571904 2.758144
  2.4245343 3.3432612 2.0519    2.7393131 2.2593367 3.1843822 1.9389153
  3.2710845 3.275018  3.3241506 2.9097998]], shape=(1, 18), dtype=float32)"
1540,[3 3 6 3 3 1 1 0 0 0 0 0 0 0 0 0 0 0 0 0 0 0 0 0 0],"tf.Tensor([2.378636  2.3441372 2.0870323 2.4414227 3.0560434 3.       ], shape=(6,), dtype=float32)",0.0,[4 1 0 0 0 0 0 6 3 3 1 1 0 0 0 0 0 0 0 0 0 0 0 0 0],False,"tf.Tensor(
[[2.378636  2.3441372 2.0870323 2.4414227 3.0560434 2.1314702 2.9611726
  2.4818823 3.518828  2.1358922 2.8225424 2.277681  3.3238034 1.9718074
  3.410145  3.382704  3.4049861 2.990508 ]], shape=(1, 18), dtype=float32)"
1541,[4 1 0 0 0 0 0 6 3 3 1 1 0 0 0 0 0 0 0 0 0 0 0 0 0],[1 1 0 0 1 1],0.30000000000000004,[4 2 1 2 5 0 0 0 0 3 3 0 0 0 0 0 0 0 0 0 0 0 0 0 0],False,"tf.Tensor(
[[2.242547  2.2984161 1.051685  2.2402737 2.7920368 2.6933358 2.9014091
  2.231882  2.8703568 1.401277  2.5461645 2.0222328 3.1468296 2.923228
  2.9928143 2.3832622 3.6611583 2.4071422]], shape=(1, 18), dtype=float32)"
1542,[4 2 1 2 5 0 0 0 0 3 3 0 0 0 0 0 0 0 0 0 0 0 0 0 0],"tf.Tensor([ 2.5383286  2.2199454  1.4857829  2.2397609  2.3296776 10.       ], shape=(6,), dtype=float32)",0.2,[4 3 1 2 5 3 3 0 0 0 0 0 0 0 0 0 0 0 0 0 0 0 0 0 0],False,"tf.Tensor(
[[2.5383286 2.2199454 1.4857829 2.2397609 2.3296776 1.9501693 2.2222445
  2.183828  2.6792274 1.4096177 2.4130573 1.8748146 2.955843  1.9745452
  2.631608  3.1728485 2.693177  2.8891215]], shape=(1, 18), dtype=float32)"
1543,[4 3 1 2 5 3 3 0 0 0 0 0 0 0 0 0 0 0 0 0 0 0 0 0 0],"tf.Tensor([ 2.686044   2.2350936  1.9331157  2.779927   2.1274967 10.       ], shape=(6,), dtype=float32)",0.0,[5 1 0 0 0 0 0 1 2 4 6 5 0 0 0 0 0 0 0 0 0 0 0 0 0],False,"tf.Tensor(
[[2.686044  2.2350936 1.9331157 2.779927  2.1274967 1.7647474 2.0745351
  2.8299177 2.7261915 1.7947929 2.9108458 1.9616754 2.99071   1.418768
  3.1047223 3.3149564 2.778487  3.2109032]], shape=(1, 18), dtype=float32)"
1544,[5 1 0 0 0 0 0 1 2 4 6 5 0 0 0 0 0 0 0 0 0 0 0 0 0],"tf.Tensor([2.9115245 3.01532   1.9291866 1.6676476 3.2003322 8.       ], shape=(6,), dtype=float32)",0.5,[5 2 2 2 1 4 3 0 0 0 0 0 0 0 0 0 0 0 0 0 0 0 0 0 0],False,"tf.Tensor(
[[2.9115245 3.01532   1.9291866 1.6676476 3.2003322 2.9074733 3.5333118
  2.0144606 3.7060332 1.4462914 2.4857535 2.5049126 3.9322572 4.1933937
  2.7707188 3.4498436 3.9806192 2.312875 ]], shape=(1, 18), dtype=float32)"
1545,[5 2 2 2 1 4 3 0 0 0 0 0 0 0 0 0 0 0 0 0 0 0 0 0 0],"tf.Tensor([2.0869994 1.7136447 1.3534081 1.9974943 2.174022  7.       ], shape=(6,), dtype=float32)",0.0,[5 3 2 2 1 4 3 0 0 0 0 0 0 0 0 0 0 0 0 0 0 0 0 0 0],False,"tf.Tensor(
[[2.0869994 1.7136447 1.3534081 1.9974943 2.174022  1.7445753 2.26493
  2.115211  2.3602614 1.4914464 2.1714728 1.6349063 2.752694  1.7434705
  2.4233198 2.5128965 2.4898317 2.5749738]], shape=(1, 18), dtype=float32)"
1546,[5 3 2 2 1 4 3 0 0 0 0 0 0 0 0 0 0 0 0 0 0 0 0 0 0],"tf.Tensor([2.1151593 1.7389272 1.4988989 2.0331001 2.2412658 7.       ], shape=(6,), dtype=float32)",0.0,[6 1 0 0 0 0 0 2 2 1 4 3 0 0 0 0 0 0 0 0 0 0 0 0 0],False,"tf.Tensor(
[[2.1151593 1.7389272 1.4988989 2.0331001 2.2412658 1.7813593 2.39367
  2.1603851 2.5041554 1.5883803 2.2227445 1.6460174 2.8777184 1.7159889
  2.5555477 2.612668  2.548852  2.655273 ]], shape=(1, 18), dtype=float32)"
1547,[6 1 0 0 0 0 0 2 2 1 4 3 0 0 0 0 0 0 0 0 0 0 0 0 0],"tf.Tensor([ 2.4300444  1.8953408  1.2396252  1.7851228  2.3035603 11.       ], shape=(6,), dtype=float32)",0.5,[6 2 2 1 3 5 5 0 0 0 0 0 0 0 0 0 0 0 0 0 0 0 0 0 0],False,"tf.Tensor(
[[2.4300444 1.8953408 1.2396252 1.7851228 2.3035603 2.5583353 3.1660087
  2.2329228 2.9126644 1.075986  2.2613912 1.9457203 2.9230716 2.8340905
  2.4270236 2.6707065 3.2286618 2.1870997]], shape=(1, 18), dtype=float32)"
1548,[6 2 2 1 3 5 5 0 0 0 0 0 0 0 0 0 0 0 0 0 0 0 0 0 0],[1 0 0 1 1 5],0.0,[6 3 2 1 3 5 5 0 0 0 0 0 0 0 0 0 0 0 0 0 0 0 0 0 0],False,"tf.Tensor(
[[2.6446674 2.2511148 1.6701361 2.787988  2.4746246 1.9151858 2.3340197
  2.6917245 2.6185036 1.7209929 2.9151597 1.9997693 3.3391583 1.9077505
  3.0028322 3.3551803 2.8778732 3.3222547]], shape=(1, 18), dtype=float32)"
1549,[6 3 2 1 3 5 5 0 0 0 0 0 0 0 0 0 0 0 0 0 0 0 0 0 0],"tf.Tensor([2.68782   2.2742705 1.7727004 2.7931776 2.5774636 7.       ], shape=(6,), dtype=float32)",0.0,[7 1 0 0 0 0 0 2 1 3 5 5 0 0 0 0 0 0 0 0 0 0 0 0 0],False,"tf.Tensor(
[[2.68782   2.2742705 1.7727004 2.7931776 2.5774636 1.9820373 2.4856758
  2.7305284 2.7706308 1.828203  2.9565282 1.994592  3.4698381 1.9493772
  3.1224964 3.4398274 2.938669  3.3991966]], shape=(1, 18), dtype=float32)"
1550,[7 1 0 0 0 0 0 2 1 3 5 5 0 0 0 0 0 0 0 0 0 0 0 0 0],"tf.Tensor([ 2.9275906  2.5680854  1.682773   1.8649307  3.031752  11.       ], shape=(6,), dtype=float32)",0.5,[7 2 2 5 6 5 1 0 0 0 0 0 0 0 0 0 0 0 0 0 0 0 0 0 0],False,"tf.Tensor(
[[2.9275906 2.5680854 1.682773  1.8649307 3.031752  3.2365022 3.8836598
  2.4094021 3.9706662 1.3551297 2.5092692 2.3744066 3.6489599 3.6607728
  2.9123309 3.1534832 4.1734185 2.3596797]], shape=(1, 18), dtype=float32)"
1551,[7 2 2 5 6 5 1 0 0 0 0 0 0 0 0 0 0 0 0 0 0 0 0 0 0],[ 1  1  1  1  0 12],0.0,[7 3 2 5 6 5 1 0 0 0 0 0 0 0 0 0 0 0 0 0 0 0 0 0 0],False,"tf.Tensor(
[[3.6105118 2.6978457 2.4524114 3.4705615 2.7544682 2.4178433 3.2171474
  3.9573534 3.7566328 2.3473127 3.7384744 2.9263797 3.81085   1.7871531
  4.0659065 4.5159955 3.6902676 4.332658 ]], shape=(1, 18), dtype=float32)"
1552,[7 3 2 5 6 5 1 0 0 0 0 0 0 0 0 0 0 0 0 0 0 0 0 0 0],"tf.Tensor([ 3.6474304  2.6814513  2.5356767  3.5010648  2.8316073 10.       ], shape=(6,), dtype=float32)",0.0,[8 1 0 0 0 0 0 2 5 6 5 1 0 0 0 0 0 0 0 0 0 0 0 0 0],False,"tf.Tensor(
[[3.6474304 2.6814513 2.5356767 3.5010648 2.8316073 2.4927554 3.385632
  3.994713  3.8621879 2.395602  3.836291  2.9598885 3.9394524 1.8203518
  4.162645  4.6388516 3.7256737 4.4405923]], shape=(1, 18), dtype=float32)"
1553,[8 1 0 0 0 0 0 2 5 6 5 1 0 0 0 0 0 0 0 0 0 0 0 0 0],"tf.Tensor([ 3.3685188  2.5392487  1.5449332  2.8192248  3.3158665 11.       ], shape=(6,), dtype=float32)",0.5,[8 2 5 2 2 3 1 0 0 0 0 0 0 0 0 0 0 0 0 0 0 0 0 0 0],False,"tf.Tensor(
[[3.3685188 2.5392487 1.5449332 2.8192248 3.3158665 3.560933  4.5939264
  2.5815072 3.7155862 1.3314022 2.9531362 2.7609937 4.236862  4.4882436
  3.2351465 3.988255  4.774849  3.1154218]], shape=(1, 18), dtype=float32)"
1554,[8 2 5 2 2 3 1 0 0 0 0 0 0 0 0 0 0 0 0 0 0 0 0 0 0],"tf.Tensor([2.5668862 1.7629161 1.8600208 2.6004903 2.9858224 1.       ], shape=(6,), dtype=float32)",0.0,[8 3 5 2 2 3 1 0 0 0 0 0 0 0 0 0 0 0 0 0 0 0 0 0 0],False,"tf.Tensor(
[[2.5668862 1.7629161 1.8600208 2.6004903 2.9858224 2.4984388 3.822
  2.7690086 3.3187432 2.021762  2.8382113 2.4404933 3.6706557 2.1536336
  3.4870884 3.6815686 3.4888148 3.5239465]], shape=(1, 18), dtype=float32)"
1555,[8 3 5 2 2 3 1 0 0 0 0 0 0 0 0 0 0 0 0 0 0 0 0 0 0],"tf.Tensor([2.6547043 1.790299  1.9629154 2.621579  3.0807042 1.       ], shape=(6,), dtype=float32)",8.0,[9 1 0 0 0 0 0 5 2 2 3 1 0 4 0 0 0 0 0 0 0 0 0 0 0],False,"tf.Tensor(
[[2.6547043 1.790299  1.9629154 2.621579  3.0807042 2.5851293 3.9498448
  2.8383121 3.5077665 2.1141577 2.9121234 2.4663393 3.7817569 2.188108
  3.599884  3.7875051 3.5381672 3.6243079]], shape=(1, 18), dtype=float32)"
1556,[9 1 0 0 0 0 0 5 2 2 3 1 0 4 0 0 0 0 0 0 0 0 0 0 0],"tf.Tensor([ 3.4298203  2.6562855  1.5376219  3.1231828  2.466622  11.       ], shape=(6,), dtype=float32)",0.5,[9 2 2 6 2 5 6 0 0 0 0 0 0 4 0 0 0 0 0 0 0 0 0 0 0],False,"tf.Tensor(
[[3.4298203 2.6562855 1.5376219 3.1231828 2.466622  3.079178  3.5469556
  3.4571416 3.0696015 1.4134349 3.3428829 2.7867362 3.9189212 3.625474
  3.4500813 3.5785208 4.382555  3.2433732]], shape=(1, 18), dtype=float32)"
1557,[9 2 2 6 2 5 6 0 0 0 0 0 0 4 0 0 0 0 0 0 0 0 0 0 0],"tf.Tensor([ 4.044532   3.247597   2.3840344  3.6519527  3.1728258 10.       ], shape=(6,), dtype=float32)",0.0,[9 3 2 6 2 5 6 0 0 0 0 0 0 4 0 0 0 0 0 0 0 0 0 0 0],False,"tf.Tensor(
[[4.044532  3.247597  2.3840344 3.6519527 3.1728258 2.7361212 3.1197553
  4.0085163 3.9918876 2.4526641 4.2730017 2.943936  4.4012594 2.8294673
  4.1112947 4.511869  4.003571  4.4478297]], shape=(1, 18), dtype=float32)"
1558,[9 3 2 6 2 5 6 0 0 0 0 0 0 4 0 0 0 0 0 0 0 0 0 0 0],"tf.Tensor([ 4.0698066  3.2870808  2.4829526  3.6587348  3.2747471 10.       ], shape=(6,), dtype=float32)",0.0,[10 1 0 0 0 0 0 2 6 2 5 6 0 4 0 0 0 0 0 0 0 0 0 0 0],False,"tf.Tensor(
[[4.0698066 3.2870808 2.4829526 3.6587348 3.2747471 2.7642417 3.2043216
  4.039616  4.117891  2.5602183 4.3204484 2.9211235 4.5210733 2.8246298
  4.2306933 4.5885015 4.015629  4.538807 ]], shape=(1, 18), dtype=float32)"
1559,[10 1 0 0 0 0 0 2 6 2 5 6 0 4 0 0 0 0 0 0 0 0 0 0 0],[1 0 1 1 0 4],0.30000000000000004,[10 2 4 3 2 0 0 0 2 0 0 1 0 4 0 0 0 0 0 0 0 0 0 0 0],False,"tf.Tensor(
[[3.9448926 3.3898666 2.2790847 3.1139712 3.7371585 3.6193757 5.016811
  3.9707963 4.7376437 2.1537182 4.201509  3.5071144 4.865573  4.5011525
  4.1508245 4.7430944 5.021238  3.7785707]], shape=(1, 18), dtype=float32)"
1560,[10 2 4 3 2 0 0 0 2 0 0 1 0 4 0 0 0 0 0 0 0 0 0 0 0],"tf.Tensor([ 3.415736   2.2016988  1.8849773  3.1014826  2.6480627 10.       ], shape=(6,), dtype=float32)",0.2,[10 3 4 3 2 2 1 0 0 0 0 0 0 4 0 0 0 0 0 0 0 0 0 0 0],False,"tf.Tensor(
[[3.415736  2.2016988 1.8849773 3.1014826 2.6480627 2.5653605 3.8151126
  3.7070324 3.4119208 1.8333519 3.781986  2.9772904 3.640243  2.5986583
  3.4216225 4.19706   3.562811  3.8620982]], shape=(1, 18), dtype=float32)"
1561,[10 3 4 3 2 2 1 0 0 0 0 0 0 4 0 0 0 0 0 0 0 0 0 0 0],"tf.Tensor([ 3.378191   2.104807   1.9296004  2.990997   2.4526868 10.       ], shape=(6,), dtype=float32)",0.0,[11 1 0 0 0 0 0 4 6 3 2 1 0 4 0 0 0 0 0 0 0 0 0 0 0],False,"tf.Tensor(
[[3.378191  2.104807  1.9296004 2.990997  2.4526868 2.5808227 3.536983
  3.569093  3.4521887 1.8739203 3.709148  2.958633  3.5176744 2.3282523
  3.4462702 4.073529  3.401121  3.8921788]], shape=(1, 18), dtype=float32)"
1562,[11 1 0 0 0 0 0 4 6 3 2 1 0 4 0 0 0 0 0 0 0 0 0 0 0],"tf.Tensor([ 3.9059963  2.6685467  1.5431612  3.65924    3.3017719 11.       ], shape=(6,), dtype=float32)",0.5,[11 2 2 6 5 3 1 0 0 0 0 0 0 4 0 0 0 0 0 0 0 0 0 0 0],False,"tf.Tensor(
[[3.9059963 2.6685467 1.5431612 3.65924   3.3017719 3.6834447 4.7900724
  3.7839224 3.726035  1.5365828 4.0496325 3.0434132 4.592988  4.438189
  3.7015798 4.3804507 4.821258  3.955911 ]], shape=(1, 18), dtype=float32)"
1563,[11 2 2 6 5 3 1 0 0 0 0 0 0 4 0 0 0 0 0 0 0 0 0 0 0],"tf.Tensor([ 3.9347498  2.5490847  2.4306276  3.738916   2.62693   10.       ], shape=(6,), dtype=float32)",0.0,[11 3 2 6 5 3 1 0 0 0 0 0 0 4 0 0 0 0 0 0 0 0 0 0 0],False,"tf.Tensor(
[[3.9347498 2.5490847 2.4306276 3.738916  2.62693   2.7549288 3.6797948
  4.3620334 3.9075465 2.3345258 4.6060915 3.5055842 3.9788814 2.0565658
  4.2605066 5.108815  3.5357544 5.0095067]], shape=(1, 18), dtype=float32)"
1564,[11 3 2 6 5 3 1 0 0 0 0 0 0 4 0 0 0 0 0 0 0 0 0 0 0],[1 1 1 0 1 9],0.0,[12 1 0 0 0 0 0 2 6 5 3 1 0 4 0 0 0 0 0 0 0 0 0 0 0],False,"tf.Tensor(
[[3.9653971 2.5359282 2.5313861 3.7267385 2.7385783 2.8431776 3.823688
  4.368071  4.0867844 2.4289935 4.6546664 3.5046864 4.0876827 2.0646243
  4.3754473 5.218763  3.5449047 5.1017613]], shape=(1, 18), dtype=float32)"
1565,[12 1 0 0 0 0 0 2 6 5 3 1 0 4 0 0 0 0 0 0 0 0 0 0 0],"tf.Tensor([4.1058917 2.8146064 1.709814  3.6768656 3.524557  1.       ], shape=(6,), dtype=float32)",0.5,[12 2 5 6 2 4 6 0 0 0 0 0 0 4 0 0 0 0 0 0 0 0 0 0 0],False,"tf.Tensor(
[[4.1058917 2.8146064 1.709814  3.6768656 3.524557  3.965412  5.338664
  3.743044  4.2684617 1.612081  4.0836687 3.3152163 4.8109584 4.806933
  3.7869973 4.6268897 5.275821  3.9580107]], shape=(1, 18), dtype=float32)"
1566,[12 2 5 6 2 4 6 0 0 0 0 0 0 4 0 0 0 0 0 0 0 0 0 0 0],"tf.Tensor([ 4.4280877  3.4791954  2.5750966  4.1087513  3.8858373 10.       ], shape=(6,), dtype=float32)",0.0,[12 3 5 6 2 4 6 0 0 0 0 0 0 4 0 0 0 0 0 0 0 0 0 0 0],False,"tf.Tensor(
[[4.4280877 3.4791954 2.5750966 4.1087513 3.8858373 3.3328426 4.1747284
  4.381197  4.554164  2.7134726 4.6947293 3.4644907 5.305499  3.3842857
  4.7268505 5.3193064 4.751685  5.2100253]], shape=(1, 18), dtype=float32)"
1567,[12 3 5 6 2 4 6 0 0 0 0 0 0 4 0 0 0 0 0 0 0 0 0 0 0],"tf.Tensor([4.4631257 3.511607  2.6937733 4.117832  3.988567  7.       ], shape=(6,), dtype=float32)",0.0,[13 1 0 0 0 0 0 5 6 2 4 6 0 4 0 0 0 0 0 0 0 0 0 0 0],False,"tf.Tensor(
[[4.4631257 3.511607  2.6937733 4.117832  3.988567  3.4021072 4.3031063
  4.410494  4.728732  2.805952  4.7516537 3.4861178 5.429367  3.3779573
  4.8497615 5.420315  4.7950315 5.310985 ]], shape=(1, 18), dtype=float32)"
1568,[13 1 0 0 0 0 0 5 6 2 4 6 0 4 0 0 0 0 0 0 0 0 0 0 0],"tf.Tensor([ 4.6094975  3.701478   2.1990013  3.902738   4.1753535 11.       ], shape=(6,), dtype=float32)",0.5,[13 2 6 6 1 5 6 0 0 0 0 0 0 4 0 0 0 0 0 0 0 0 0 0 0],False,"tf.Tensor(
[[4.6094975 3.701478  2.1990013 3.902738  4.1753535 4.3284883 5.7306967
  4.7694097 4.935583  2.1440327 4.8106422 3.913756  5.574037  5.2339945
  4.832566  5.3739862 5.827934  4.590231 ]], shape=(1, 18), dtype=float32)"
1569,[13 2 6 6 1 5 6 0 0 0 0 0 0 4 0 0 0 0 0 0 0 0 0 0 0],"tf.Tensor([4.529087  3.6019022 2.5136893 4.300542  4.1996074 7.       ], shape=(6,), dtype=float32)",0.0,[13 3 6 6 1 5 6 0 0 0 0 0 0 4 0 0 0 0 0 0 0 0 0 0 0],False,"tf.Tensor(
[[4.529087  3.6019022 2.5136893 4.300542  4.1996074 3.4861193 4.4392695
  4.487274  4.5942373 2.7223322 4.795336  3.584694  5.6073413 3.6500173
  4.8219767 5.5449877 4.9767227 5.4449573]], shape=(1, 18), dtype=float32)"
1570,[13 3 6 6 1 5 6 0 0 0 0 0 0 4 0 0 0 0 0 0 0 0 0 0 0],"tf.Tensor([4.5539713 3.642294  2.6408427 4.3137374 4.294569  7.       ], shape=(6,), dtype=float32)",0.0,[14 1 0 0 0 0 0 6 6 1 5 6 0 4 0 0 0 0 0 0 0 0 0 0 0],True,"tf.Tensor(
[[4.5539713 3.642294  2.6408427 4.3137374 4.294569  3.5472422 4.558781
  4.5155716 4.7688317 2.8145456 4.8513637 3.621979  5.7242274 3.6372583
  4.944607  5.6333547 5.0323877 5.533757 ]], shape=(1, 18), dtype=float32)"
1571,[1 1 0 0 0 0 0 4 5 5 1 6 0 0 0 0 0 0 0 0 0 0 0 0 0],[0 1 0 0 0 4],0.1,[1 2 5 0 0 0 0 3 0 1 3 5 0 0 0 0 0 0 0 0 0 0 0 0 0],False,"tf.Tensor(
[[2.818442  3.0292459 1.7527546 2.1485643 3.1661475 2.4792283 2.7778065
  2.5408018 3.3070517 1.8202649 3.005784  2.2191541 3.745157  3.3845437
  3.0037274 3.326091  3.4686928 2.7845163]], shape=(1, 18), dtype=float32)"
1572,[1 2 5 0 0 0 0 3 0 1 3 5 0 0 0 0 0 0 0 0 0 0 0 0 0],"tf.Tensor([ 1.9522396  2.7231288  1.5513192  1.8037906  3.3744206 11.       ], shape=(6,), dtype=float32)",0.4,[1 3 5 3 1 3 5 0 0 0 0 0 0 0 0 0 0 0 0 0 0 0 0 0 0],False,"tf.Tensor(
[[1.9522396 2.7231288 1.5513192 1.8037906 3.3744206 2.57124   3.0565612
  1.9192209 3.3710263 1.425304  2.574032  2.5885575 3.3387923 3.2638726
  2.8251421 2.534084  3.9431767 2.2672207]], shape=(1, 18), dtype=float32)"
1573,[1 3 5 3 1 3 5 0 0 0 0 0 0 0 0 0 0 0 0 0 0 0 0 0 0],"tf.Tensor([2.4627767 2.6019137 1.7128456 2.2744846 3.3374152 7.       ], shape=(6,), dtype=float32)",0.0,[2 1 0 0 0 0 0 4 5 5 1 6 0 0 0 0 0 0 0 0 0 0 0 0 0],False,"tf.Tensor(
[[2.4627767 2.6019137 1.7128456 2.2744846 3.3374152 2.2875257 2.4299197
  2.0718904 3.4105709 1.89944   2.6450953 1.7730051 3.430569  2.4647477
  2.9774387 3.052735  3.2111926 2.834921 ]], shape=(1, 18), dtype=float32)"
1574,[2 1 0 0 0 0 0 4 5 5 1 6 0 0 0 0 0 0 0 0 0 0 0 0 0],"tf.Tensor([2.8826244 2.9978864 1.7133017 2.117042  3.2399008 7.       ], shape=(6,), dtype=float32)",0.5,[2 2 6 4 5 3 4 0 0 0 0 0 0 0 0 0 0 0 0 0 0 0 0 0 0],False,"tf.Tensor(
[[2.8826244 2.9978864 1.7133017 2.117042  3.2399008 2.6449754 2.979469
  2.6051342 3.4190984 1.7921093 2.9795344 2.2568955 3.8260295 3.510268
  3.0083237 3.3541598 3.577034  2.8013902]], shape=(1, 18), dtype=float32)"
1575,[2 2 6 4 5 3 4 0 0 0 0 0 0 0 0 0 0 0 0 0 0 0 0 0 0],"tf.Tensor([ 3.2854843  3.2248693  2.3510492  3.2877412  3.681374  11.       ], shape=(6,), dtype=float32)",0.0,[2 3 6 4 5 3 4 0 0 0 0 0 0 0 0 0 0 0 0 0 0 0 0 0 0],False,"tf.Tensor(
[[3.2854843 3.2248693 2.3510492 3.2877412 3.681374  2.679919  3.0325983
  3.1843495 4.1528163 2.4696953 3.4882646 2.7408283 4.115881  2.52665
  4.1198826 4.087604  4.312483  3.8177147]], shape=(1, 18), dtype=float32)"
1576,[2 3 6 4 5 3 4 0 0 0 0 0 0 0 0 0 0 0 0 0 0 0 0 0 0],"tf.Tensor([ 3.324044   3.2412891  2.4761066  3.3256197  3.7394032 11.       ], shape=(6,), dtype=float32)",0.0,[3 1 0 0 0 0 0 6 4 5 3 4 0 0 0 0 0 0 0 0 0 0 0 0 0],False,"tf.Tensor(
[[3.324044  3.2412891 2.4761066 3.3256197 3.7394032 2.716405  3.1843371
  3.2488608 4.2758512 2.551591  3.5950544 2.7710173 4.243746  2.5467398
  4.256193  4.176576  4.3791294 3.8915355]], shape=(1, 18), dtype=float32)"
1577,[3 1 0 0 0 0 0 6 4 5 3 4 0 0 0 0 0 0 0 0 0 0 0 0 0],"tf.Tensor([ 2.9332225  3.2964382  1.855873   2.0995789  4.0139313 11.       ], shape=(6,), dtype=float32)",0.5,[3 2 1 6 6 3 1 0 0 0 0 0 0 0 0 0 0 0 0 0 0 0 0 0 0],False,"tf.Tensor(
[[2.9332225 3.2964382 1.855873  2.0995789 4.0139313 3.413423  3.6509058
  2.5210495 4.241457  1.8152803 2.8830914 2.531984  4.3439174 4.0004306
  3.4796004 3.360766  4.5626955 2.795519 ]], shape=(1, 18), dtype=float32)"
1578,[3 2 1 6 6 3 1 0 0 0 0 0 0 0 0 0 0 0 0 0 0 0 0 0 0],"tf.Tensor([ 3.1756063  2.615118   2.350956   3.0273902  2.4027286 10.       ], shape=(6,), dtype=float32)",0.0,[3 3 1 6 6 3 1 0 0 0 0 0 0 0 0 0 0 0 0 0 0 0 0 0 0],False,"tf.Tensor(
[[3.1756063 2.615118  2.350956  3.0273902 2.4027286 2.2082376 2.616864
  3.3708024 3.6950176 2.2286477 3.1455455 2.3383718 3.1581507 1.5068209
  3.7380772 3.7565694 3.3726606 3.5749454]], shape=(1, 18), dtype=float32)"
1579,[3 3 1 6 6 3 1 0 0 0 0 0 0 0 0 0 0 0 0 0 0 0 0 0 0],"tf.Tensor([3.2273333 2.6252205 2.4659572 3.0291092 2.4580662 3.       ], shape=(6,), dtype=float32)",0.0,[4 1 0 0 0 0 0 1 6 6 3 1 0 0 0 0 0 0 0 0 0 0 0 0 0],False,"tf.Tensor(
[[3.2273333 2.6252205 2.4659572 3.0291092 2.4580662 2.247357  2.7557955
  3.4362967 3.8531456 2.314395  3.251324  2.3452916 3.250216  1.5401235
  3.8404515 3.8380198 3.380227  3.634729 ]], shape=(1, 18), dtype=float32)"
1580,[4 1 0 0 0 0 0 1 6 6 3 1 0 0 0 0 0 0 0 0 0 0 0 0 0],"tf.Tensor([2.94766   2.3971462 1.687134  2.387309  2.8616443 7.       ], shape=(6,), dtype=float32)",0.5,[4 2 6 4 5 2 1 0 0 0 0 0 0 0 0 0 0 0 0 0 0 0 0 0 0],False,"tf.Tensor(
[[2.94766   2.3971462 1.687134  2.387309  2.8616443 2.5411494 2.940797
  2.0679996 2.8434813 1.3745298 2.7852142 2.3748596 3.8934789 3.374112
  2.5180297 3.6105332 3.5056915 2.9480329]], shape=(1, 18), dtype=float32)"
1581,[4 2 6 4 5 2 1 0 0 0 0 0 0 0 0 0 0 0 0 0 0 0 0 0 0],"tf.Tensor([ 3.0498314  2.7660348  2.3138366  3.0850565  3.253717  10.       ], shape=(6,), dtype=float32)",0.0,[4 3 6 4 5 2 1 0 0 0 0 0 0 0 0 0 0 0 0 0 0 0 0 0 0],False,"tf.Tensor(
[[3.0498314 2.7660348 2.3138366 3.0850565 3.253717  2.395488  3.2558599
  3.261372  3.8411071 2.3445196 3.400331  2.8168783 3.7634325 2.1095047
  3.9307368 4.1221166 3.9123473 3.7279346]], shape=(1, 18), dtype=float32)"
1582,[4 3 6 4 5 2 1 0 0 0 0 0 0 0 0 0 0 0 0 0 0 0 0 0 0],"tf.Tensor([ 3.0858366  2.7705438  2.4204173  3.1087027  3.3465273 10.       ], shape=(6,), dtype=float32)",0.0,[5 1 0 0 0 0 0 6 4 5 2 1 0 0 0 0 0 0 0 0 0 0 0 0 0],False,"tf.Tensor(
[[3.0858366 2.7705438 2.4204173 3.1087027 3.3465273 2.4646761 3.4737608
  3.3159413 3.9836915 2.4159756 3.4916852 2.853082  3.9101515 2.1508982
  4.058117  4.2455726 3.9801035 3.8247209]], shape=(1, 18), dtype=float32)"
1583,[5 1 0 0 0 0 0 6 4 5 2 1 0 0 0 0 0 0 0 0 0 0 0 0 0],"tf.Tensor([ 2.8616436  2.553219   1.2882314  2.7305505  3.2608595 11.       ], shape=(6,), dtype=float32)",0.5,[5 2 4 1 1 5 3 0 0 0 0 0 0 0 0 0 0 0 0 0 0 0 0 0 0],False,"tf.Tensor(
[[2.8616436 2.553219  1.2882314 2.7305505 3.2608595 3.291474  3.6512623
  2.6122916 3.3834488 1.5024928 3.0249453 2.4722223 3.921665  3.6375725
  3.3526607 3.139621  4.400911  2.9692879]], shape=(1, 18), dtype=float32)"
1584,[5 2 4 1 1 5 3 0 0 0 0 0 0 0 0 0 0 0 0 0 0 0 0 0 0],"tf.Tensor([2.2434797 1.8942969 1.5974619 2.296983  2.692248  7.       ], shape=(6,), dtype=float32)",0.0,[5 3 4 1 1 5 3 0 0 0 0 0 0 0 0 0 0 0 0 0 0 0 0 0 0],False,"tf.Tensor(
[[2.2434797 1.8942969 1.5974619 2.296983  2.692248  2.0960104 2.729647
  2.2493498 2.7950613 1.6993952 2.5105612 2.00635   3.1779265 2.1069536
  2.8598504 2.8151963 3.127009  2.9150825]], shape=(1, 18), dtype=float32)"
1585,[5 3 4 1 1 5 3 0 0 0 0 0 0 0 0 0 0 0 0 0 0 0 0 0 0],"tf.Tensor([2.2720723 1.9073567 1.7142891 2.342617  2.753573  7.       ], shape=(6,), dtype=float32)",0.0,[6 1 0 0 0 0 0 4 1 1 5 3 0 0 0 0 0 0 0 0 0 0 0 0 0],False,"tf.Tensor(
[[2.2720723 1.9073567 1.7142891 2.342617  2.753573  2.1480908 2.8771472
  2.2932146 2.9250655 1.7639995 2.581177  2.0266252 3.2835855 2.1183836
  2.9797792 2.8986132 3.2011225 2.998856 ]], shape=(1, 18), dtype=float32)"
1586,[6 1 0 0 0 0 0 4 1 1 5 3 0 0 0 0 0 0 0 0 0 0 0 0 0],[ 1  1  1  0  0 10],0.30000000000000004,[6 2 6 2 6 0 0 0 0 0 4 2 0 0 0 0 0 0 0 0 0 0 0 0 0],False,"tf.Tensor(
[[2.629069  2.2879431 1.4470371 1.8478491 2.6955252 2.9829674 3.4533656
  2.33001   3.5106952 1.1718827 2.298847  2.1458473 3.2243485 3.2174525
  2.7563798 2.691709  3.8816545 2.1687925]], shape=(1, 18), dtype=float32)"
1587,[6 2 6 2 6 0 0 0 0 0 4 2 0 0 0 0 0 0 0 0 0 0 0 0 0],[0 1 1 0 0 6],0.0,[6 3 6 2 6 0 0 0 0 0 1 4 0 0 0 0 0 0 0 0 0 0 0 0 0],False,"tf.Tensor(
[[3.2032096 3.13589   2.3313315 3.449431  3.1950357 2.1492503 2.9642262
  3.5749075 3.543947  2.4053285 3.8879025 3.4288363 3.9110096 2.3114018
  4.095136  4.376549  4.0938373 3.9543626]], shape=(1, 18), dtype=float32)"
1588,[6 3 6 2 6 0 0 0 0 0 1 4 0 0 0 0 0 0 0 0 0 0 0 0 0],"tf.Tensor([ 3.1384578  2.8932042  2.3044214  3.243833   3.118467  10.       ], shape=(6,), dtype=float32)",0.0,[7 1 0 0 0 0 0 6 2 6 6 6 0 0 0 0 0 0 0 0 0 0 0 0 0],False,"tf.Tensor(
[[3.1384578 2.8932042 2.3044214 3.243833  3.118467  2.113184  3.2591403
  3.5857933 3.477228  2.1844037 3.8909929 3.4324334 3.8799548 2.2471445
  3.8470626 4.460211  3.8252788 3.9332397]], shape=(1, 18), dtype=float32)"
1589,[7 1 0 0 0 0 0 6 2 6 6 6 0 0 0 0 0 0 0 0 0 0 0 0 0],[1 0 0 0 1 3],0.2,[7 2 4 2 0 0 0 0 3 5 6 0 0 0 0 0 0 0 0 0 0 0 0 0 0],False,"tf.Tensor(
[[3.6433504 3.6782544 2.1913798 2.503176  4.5192885 4.5085874 5.218835
  2.9812229 5.391567  1.8131961 3.3197656 3.2642503 5.174062  5.2039685
  4.0558705 4.0798187 5.9599776 3.0617442]], shape=(1, 18), dtype=float32)"
1590,[7 2 4 2 0 0 0 0 3 5 6 0 0 0 0 0 0 0 0 0 0 0 0 0 0],"tf.Tensor([ 3.5700715  2.9983923  1.9901431  2.5466435  3.8614078 11.       ], shape=(6,), dtype=float32)",0.30000000000000004,[7 3 4 2 3 5 6 0 0 0 0 0 0 0 0 0 0 0 0 0 0 0 0 0 0],False,"tf.Tensor(
[[3.5700715 2.9983923 1.9901431 2.5466435 3.8614078 3.437759  4.2201324
  2.3338847 4.307265  1.8703754 3.0363421 2.8315578 4.5759377 4.514273
  3.3349755 4.2618804 4.6648164 3.2513833]], shape=(1, 18), dtype=float32)"
1591,[7 3 4 2 3 5 6 0 0 0 0 0 0 0 0 0 0 0 0 0 0 0 0 0 0],"tf.Tensor([3.1950703 2.8048398 2.113061  3.160901  3.3576365 7.       ], shape=(6,), dtype=float32)",0.0,[8 1 0 0 0 0 0 4 1 5 5 2 0 0 0 0 0 0 0 0 0 0 0 0 0],False,"tf.Tensor(
[[3.1950703 2.8048398 2.113061  3.160901  3.3576365 2.5434706 3.1016421
  3.1239903 3.5789673 2.3297155 3.3704708 2.4397655 4.3233604 2.5388808
  3.8490064 3.9340966 3.8102021 3.9937334]], shape=(1, 18), dtype=float32)"
1592,[8 1 0 0 0 0 0 4 1 5 5 2 0 0 0 0 0 0 0 0 0 0 0 0 0],"tf.Tensor([ 3.2551231  2.5671964  1.498469   2.4060278  3.1147125 11.       ], shape=(6,), dtype=float32)",0.5,[8 2 3 4 5 2 5 0 0 0 0 0 0 0 0 0 0 0 0 0 0 0 0 0 0],False,"tf.Tensor(
[[3.2551231 2.5671964 1.498469  2.4060278 3.1147125 3.7214406 4.2736464
  2.6224308 3.91194   1.219767  2.6003928 2.4311533 3.9560351 4.062428
  3.2930958 3.436436  4.7526884 2.7383113]], shape=(1, 18), dtype=float32)"
1593,[8 2 3 4 5 2 5 0 0 0 0 0 0 0 0 0 0 0 0 0 0 0 0 0 0],"tf.Tensor([ 3.5140982  2.7851229  2.23742    3.402568   3.003415  12.       ], shape=(6,), dtype=float32)",0.0,[8 3 3 4 5 2 5 0 0 0 0 0 0 0 0 0 0 0 0 0 0 0 0 0 0],False,"tf.Tensor(
[[3.5140982 2.7851229 2.23742   3.402568  3.003415  2.6212804 2.9879067
  3.4154668 3.670781  2.29525   3.5662155 2.3424718 4.169309  2.1568587
  4.0139194 4.297547  3.5812259 4.3359504]], shape=(1, 18), dtype=float32)"
1594,[8 3 3 4 5 2 5 0 0 0 0 0 0 0 0 0 0 0 0 0 0 0 0 0 0],[0 0 1 0 0 8],0.0,[9 1 0 0 0 0 0 3 4 5 2 5 0 0 0 0 0 0 0 0 0 0 0 0 0],False,"tf.Tensor(
[[3.551754  2.7935274 2.3598337 3.4333973 3.082123  2.6879327 3.1436431
  3.462157  3.8239975 2.3899846 3.6602685 2.3553293 4.285073  2.187456
  4.1351776 4.408638  3.6191797 4.4231977]], shape=(1, 18), dtype=float32)"
1595,[9 1 0 0 0 0 0 3 4 5 2 5 0 0 0 0 0 0 0 0 0 0 0 0 0],"tf.Tensor([ 3.3876286  2.539932   1.545834   2.5860522  3.4553895 11.       ], shape=(6,), dtype=float32)",0.5,[9 2 4 4 4 3 4 0 0 0 0 0 0 0 0 0 0 0 0 0 0 0 0 0 0],False,"tf.Tensor(
[[3.3876286 2.539932  1.545834  2.5860522 3.4553895 3.7802198 4.612636
  2.9535186 3.978192  1.3871073 3.1270168 2.6633523 4.312713  4.328722
  3.2738278 3.7958252 4.653663  3.1046643]], shape=(1, 18), dtype=float32)"
1596,[9 2 4 4 4 3 4 0 0 0 0 0 0 0 0 0 0 0 0 0 0 0 0 0 0],"tf.Tensor([ 3.4139707  2.650226   2.1881685  3.311204   3.237852  10.       ], shape=(6,), dtype=float32)",0.0,[9 3 4 4 4 3 4 0 0 0 0 0 0 0 0 0 0 0 0 0 0 0 0 0 0],False,"tf.Tensor(
[[3.4139707 2.650226  2.1881685 3.311204  3.237852  2.7202964 3.5903056
  3.4622648 3.7287881 2.2890725 3.5311446 2.6359773 4.3657055 2.3663392
  4.0221553 4.3825564 3.8171456 4.375866 ]], shape=(1, 18), dtype=float32)"
1597,[9 3 4 4 4 3 4 0 0 0 0 0 0 0 0 0 0 0 0 0 0 0 0 0 0],"tf.Tensor([3.4394221 2.6781142 2.3242605 3.3200483 3.339423  7.       ], shape=(6,), dtype=float32)",38.0,[10 1 0 0 0 0 0 4 4 4 3 4 0 0 0 0 0 0 0 19 0 0 0 0 0],False,"tf.Tensor(
[[3.4394221 2.6781142 2.3242605 3.3200483 3.339423  2.7904315 3.7272162
  3.4855447 3.916601  2.389627  3.5919404 2.6807687 4.488169  2.3681364
  4.140272  4.4837694 3.8725939 4.4615173]], shape=(1, 18), dtype=float32)"
1598,[10 1 0 0 0 0 0 4 4 4 3 4 0 0 0 0 0 0 0 19 0 0 0 0 0],"tf.Tensor([1.812416  3.1839886 4.0060277 2.7015772 2.7181447 9.       ], shape=(6,), dtype=float32)",0.5,[10 2 5 6 4 2 4 0 0 0 0 0 0 0 0 0 0 0 0 19 0 0 0 0 0],False,"tf.Tensor(
[[1.812416  3.1839886 4.0060277 2.7015772 2.7181447 0.4375711 3.5642984
  4.9168725 4.554308  4.5185146 4.5910463 3.0439916 3.5933325 1.6251364
  5.2070546 3.694386  3.7239807 2.26619  ]], shape=(1, 18), dtype=float32)"
1599,[10 2 5 6 4 2 4 0 0 0 0 0 0 0 0 0 0 0 0 19 0 0 0 0 0],"tf.Tensor([2.781116  2.688038  3.884369  2.7328167 3.204058  9.       ], shape=(6,), dtype=float32)",0.0,[10 3 5 6 4 2 4 0 0 0 0 0 0 0 0 0 0 0 0 19 0 0 0 0 0],False,"tf.Tensor(
[[2.781116  2.688038  3.884369  2.7328167 3.204058  1.3896997 5.4057593
  5.548721  5.575719  4.8300323 4.454031  3.6211994 3.9325216 1.9612894
  5.684432  5.1637306 3.5795124 3.6873183]], shape=(1, 18), dtype=float32)"
1600,[10 3 5 6 4 2 4 0 0 0 0 0 0 0 0 0 0 0 0 19 0 0 0 0 0],"tf.Tensor([2.858521  2.708269  4.1017575 2.7490616 3.236398  9.       ], shape=(6,), dtype=float32)",0.0,[11 1 0 0 0 0 0 5 6 4 2 4 0 0 0 0 0 0 0 19 0 0 0 0 0],False,"tf.Tensor(
[[2.858521  2.708269  4.1017575 2.7490616 3.236398  1.4258015 5.55568
  5.65087   5.771195  4.9771857 4.531168  3.6139343 4.0675635 1.9522679
  5.872804  5.164666  3.7054498 3.7201667]], shape=(1, 18), dtype=float32)"
1601,[11 1 0 0 0 0 0 5 6 4 2 4 0 0 0 0 0 0 0 19 0 0 0 0 0],"tf.Tensor([2.1143963 3.4008453 4.0728626 2.8794866 3.1079142 9.       ], shape=(6,), dtype=float32)",0.5,[11 2 6 2 4 3 5 0 0 0 0 0 0 0 0 0 0 0 0 19 0 0 0 0 0],False,"tf.Tensor(
[[2.1143963 3.4008453 4.0728626 2.8794866 3.1079142 0.8040129 3.9240382
  5.224416  4.699474  4.63774   4.9803877 3.2749617 4.167726  2.1017845
  5.56124   4.0300174 4.1293287 2.6593623]], shape=(1, 18), dtype=float32)"
1602,[11 2 6 2 4 3 5 0 0 0 0 0 0 0 0 0 0 0 0 19 0 0 0 0 0],"tf.Tensor([2.6733558 2.5902722 3.9035006 2.7797189 3.286456  9.       ], shape=(6,), dtype=float32)",0.0,[11 3 6 2 4 3 5 0 0 0 0 0 0 0 0 0 0 0 0 19 0 0 0 0 0],False,"tf.Tensor(
[[2.6733558 2.5902722 3.9035006 2.7797189 3.286456  1.649476  5.5736656
  5.4897466 5.814365  4.7516675 4.594152  3.7713418 3.8470354 1.7475097
  5.973249  5.447135  3.7902453 3.721072 ]], shape=(1, 18), dtype=float32)"
1603,[11 3 6 2 4 3 5 0 0 0 0 0 0 0 0 0 0 0 0 19 0 0 0 0 0],"tf.Tensor([2.7429113 2.6337783 4.09882   2.802412  3.3600857 9.       ], shape=(6,), dtype=float32)",60.0,[12 1 0 0 0 0 0 6 2 4 3 5 0 0 0 0 0 0 0 19 0 30 0 0 0],False,"tf.Tensor(
[[2.7429113 2.6337783 4.09882   2.802412  3.3600857 1.7116342 5.728951
  5.574987  5.980425  4.8910847 4.6865964 3.8028762 4.011391  1.7965136
  6.1600065 5.467458  3.941857  3.7743273]], shape=(1, 18), dtype=float32)"
1604,[12 1 0 0 0 0 0 6 2 4 3 5 0 0 0 0 0 0 0 19 0 30 0 0 0],"tf.Tensor([1.4285469  0.55440146 1.7043986  1.9681699  0.2848683  1.        ], shape=(6,), dtype=float32)",0.30000000000000004,[12 2 2 6 3 0 0 0 4 0 0 3 0 0 0 0 0 0 0 19 0 30 0 0 0],False,"tf.Tensor(
[[1.4285469  0.55440146 1.7043986  1.9681699  0.2848683  3.2613387
  5.503032   2.602259   3.4439752  2.688888   2.2044547  0.6511829
  1.088944   1.8395953  3.1010005  2.0157654  3.1197925  2.4654102 ]], shape=(1, 18), dtype=float32)"
1605,[12 2 2 6 3 0 0 0 4 0 0 3 0 0 0 0 0 0 0 19 0 30 0 0 0],[0 1 1 0 0 8],0.1,[12 3 2 6 3 4 0 0 0 0 0 2 0 0 0 0 0 0 0 19 0 30 0 0 0],False,"tf.Tensor(
[[1.8200988  0.53625375 1.9341929  1.7032306  1.0642627  2.8090563
  5.669456   3.3401802  3.9193614  2.3234863  2.765008   2.067484
  1.7580832  2.693101   3.2165275  2.0045562  3.096567   2.0869462 ]], shape=(1, 18), dtype=float32)"
1606,[12 3 2 6 3 4 0 0 0 0 0 2 0 0 0 0 0 0 0 19 0 30 0 0 0],"tf.Tensor([1.8082196  0.43112108 2.165174   1.4463935  1.1039301  1.        ], shape=(6,), dtype=float32)",8.0,[13 1 0 0 0 0 0 2 5 6 3 2 0 4 0 0 0 0 0 19 0 30 0 0 0],False,"tf.Tensor(
[[1.8082196  0.43112108 2.165174   1.4463935  1.1039301  3.176221
  6.1294923  3.4255257  4.607872   2.5009181  2.9245405  2.4288528
  1.6715266  2.5576115  3.4728587  2.2170599  3.1210902  2.2353117 ]], shape=(1, 18), dtype=float32)"
1607,[13 1 0 0 0 0 0 2 5 6 3 2 0 4 0 0 0 0 0 19 0 30 0 0 0],"tf.Tensor([1.4657525 0.2482984 2.099901  1.8329835 0.4419632 1.       ], shape=(6,), dtype=float32)",0.30000000000000004,[13 2 1 5 4 0 0 0 3 0 0 3 0 4 0 0 0 0 0 19 0 30 0 0 0],False,"tf.Tensor(
[[1.4657525 0.2482984 2.099901  1.8329835 0.4419632 2.9047506 5.5908494
  2.6895466 3.8333824 2.4722912 2.6909037 1.4714386 1.4180787 1.9109812
  3.4459398 2.1850002 2.6223738 2.4274611]], shape=(1, 18), dtype=float32)"
1608,[13 2 1 5 4 0 0 0 3 0 0 3 0 4 0 0 0 0 0 19 0 30 0 0 0],"tf.Tensor([1.7792376  0.62696797 2.088548   1.515095   1.2941015  1.        ], shape=(6,), dtype=float32)",0.1,[13 3 1 5 4 3 0 0 5 0 0 0 0 4 0 0 0 0 0 19 0 30 0 0 0],False,"tf.Tensor(
[[1.7792376  0.62696797 2.088548   1.515095   1.2941015  2.5296729
  5.4899163  3.6547422  4.1569133  2.4079137  3.24177    2.3881884
  1.8172748  2.7332625  3.2270634  2.2357018  2.7822495  1.9231083 ]], shape=(1, 18), dtype=float32)"
1609,[13 3 1 5 4 3 0 0 5 0 0 0 0 4 0 0 0 0 0 19 0 30 0 0 0],"tf.Tensor([1.3895241  0.1931893  2.2099774  1.8008523  0.85856205 1.        ], shape=(6,), dtype=float32)",-8.0,[14 1 0 0 0 0 0 1 1 5 4 3 0 0 0 0 0 0 0 19 0 30 0 0 0],True,"tf.Tensor(
[[1.3895241  0.1931893  2.2099774  1.8008523  0.85856205 2.6531034
  5.424524   3.5178216  3.7118664  2.3475614  3.4696417  2.0633354
  1.8542473  2.6038918  3.0961375  2.3007205  2.3316903  2.098787  ]], shape=(1, 18), dtype=float32)"
1610,[1 1 0 0 0 0 0 5 1 2 2 4 0 0 0 0 0 0 0 0 0 0 0 0 0],"tf.Tensor([ 1.9175985  2.3469365  1.3134696  1.2687731  2.8539903 11.       ], shape=(6,), dtype=float32)",0.5,[1 2 5 1 2 2 4 0 0 0 0 0 0 0 0 0 0 0 0 0 0 0 0 0 0],False,"tf.Tensor(
[[1.9175985 2.3469365 1.3134696 1.2687731 2.8539903 2.4248772 2.467389
  1.5782878 3.1170726 1.1348791 1.8925864 1.736904  2.796617  2.567558
  2.4115968 2.0569844 3.284557  1.7409027]], shape=(1, 18), dtype=float32)"
1611,[1 2 5 1 2 2 4 0 0 0 0 0 0 0 0 0 0 0 0 0 0 0 0 0 0],"tf.Tensor([1.9696338 2.2777958 1.3981112 1.9459565 2.9569454 3.       ], shape=(6,), dtype=float32)",0.0,[1 3 5 1 2 2 4 0 0 0 0 0 0 0 0 0 0 0 0 0 0 0 0 0 0],False,"tf.Tensor(
[[1.9696338 2.2777958 1.3981112 1.9459565 2.9569454 2.0499856 2.13525
  1.6221585 2.9578748 1.5659012 2.2400665 1.6072602 2.8300927 2.299061
  2.5063858 2.4501905 2.9262373 2.4238877]], shape=(1, 18), dtype=float32)"
1612,[1 3 5 1 2 2 4 0 0 0 0 0 0 0 0 0 0 0 0 0 0 0 0 0 0],"tf.Tensor([2.0719762 2.3093061 1.5552089 2.0480685 3.0359454 3.       ], shape=(6,), dtype=float32)",8.0,[2 1 0 0 0 0 0 5 1 2 2 4 0 0 0 4 0 0 0 0 0 0 0 0 0],False,"tf.Tensor(
[[2.0719762 2.3093061 1.5552089 2.0480685 3.0359454 2.105454  2.223101
  1.7307112 3.101023  1.6278479 2.3792033 1.6459179 2.9321165 2.3095703
  2.6302028 2.5607576 3.0282414 2.5320678]], shape=(1, 18), dtype=float32)"
1613,[2 1 0 0 0 0 0 5 1 2 2 4 0 0 0 4 0 0 0 0 0 0 0 0 0],"tf.Tensor([ 2.1224341  2.3434725  1.5121773  1.8457532  2.4510782 11.       ], shape=(6,), dtype=float32)",0.5,[2 2 3 2 2 2 5 0 0 0 0 0 0 0 0 4 0 0 0 0 0 0 0 0 0],False,"tf.Tensor(
[[2.1224341 2.3434725 1.5121773 1.8457532 2.4510782 2.0585735 1.9702587
  1.9671243 2.8635833 1.5972959 2.0916026 1.7376606 2.6189451 1.9007393
  2.8580062 2.2886055 3.21894   2.1774828]], shape=(1, 18), dtype=float32)"
1614,[2 2 3 2 2 2 5 0 0 0 0 0 0 0 0 4 0 0 0 0 0 0 0 0 0],"tf.Tensor([2.3461914 2.248816  1.4606713 2.7393806 1.9485579 9.       ], shape=(6,), dtype=float32)",0.0,[2 3 3 2 2 2 5 0 0 0 0 0 0 0 0 4 0 0 0 0 0 0 0 0 0],False,"tf.Tensor(
[[2.3461914 2.248816  1.4606713 2.7393806 1.9485579 1.6706079 1.1722547
  2.1860766 2.121996  1.6602644 2.2059054 1.4442014 2.683075  1.3700271
  2.8333242 2.6581697 2.7509959 2.816384 ]], shape=(1, 18), dtype=float32)"
1615,[2 3 3 2 2 2 5 0 0 0 0 0 0 0 0 4 0 0 0 0 0 0 0 0 0],"tf.Tensor([2.355866  2.2436807 1.540687  2.7597315 1.9888792 9.       ], shape=(6,), dtype=float32)",0.0,[3 1 0 0 0 0 0 3 2 2 2 5 0 0 0 4 0 0 0 0 0 0 0 0 0],False,"tf.Tensor(
[[2.355866  2.2436807 1.540687  2.7597315 1.9888792 1.6945474 1.2704866
  2.1994581 2.1895926 1.7238729 2.2549174 1.4154309 2.7939425 1.390918
  2.919137  2.7075882 2.7651289 2.8716874]], shape=(1, 18), dtype=float32)"
1616,[3 1 0 0 0 0 0 3 2 2 2 5 0 0 0 4 0 0 0 0 0 0 0 0 0],"tf.Tensor([ 2.1420076  2.3229442  1.4489529  1.8322588  2.2917392 11.       ], shape=(6,), dtype=float32)",0.5,[3 2 4 6 4 1 4 0 0 0 0 0 0 0 0 4 0 0 0 0 0 0 0 0 0],False,"tf.Tensor(
[[2.1420076 2.3229442 1.4489529 1.8322588 2.2917392 1.993249  2.0306358
  2.181738  2.653987  1.5533975 2.12622   1.8363614 2.6565347 1.9457965
  2.8424802 2.4278197 3.0571582 2.2722783]], shape=(1, 18), dtype=float32)"
1617,[3 2 4 6 4 1 4 0 0 0 0 0 0 0 0 4 0 0 0 0 0 0 0 0 0],"tf.Tensor([3.2361798 2.6678321 2.1208024 3.313709  2.5875955 9.       ], shape=(6,), dtype=float32)",0.0,[3 3 4 6 4 1 4 0 0 0 0 0 0 0 0 4 0 0 0 0 0 0 0 0 0],False,"tf.Tensor(
[[3.2361798 2.6678321 2.1208024 3.313709  2.5875955 2.4719143 2.2991114
  3.0955005 3.4470398 2.294745  2.8884115 2.0806289 3.4472432 1.6381811
  3.955666  3.7247138 3.6866078 3.798786 ]], shape=(1, 18), dtype=float32)"
1618,[3 3 4 6 4 1 4 0 0 0 0 0 0 0 0 4 0 0 0 0 0 0 0 0 0],"tf.Tensor([3.270756  2.6775012 2.2174952 3.3178816 2.6878664 9.       ], shape=(6,), dtype=float32)",0.0,[4 1 0 0 0 0 0 4 6 4 1 4 0 0 0 4 0 0 0 0 0 0 0 0 0],False,"tf.Tensor(
[[3.270756  2.6775012 2.2174952 3.3178816 2.6878664 2.5682826 2.4565241
  3.104221  3.6241708 2.3872042 2.9543123 2.071102  3.5723102 1.6998179
  4.075058  3.8053486 3.7314377 3.8761685]], shape=(1, 18), dtype=float32)"
1619,[4 1 0 0 0 0 0 4 6 4 1 4 0 0 0 4 0 0 0 0 0 0 0 0 0],"tf.Tensor([ 2.9257     2.8411186  1.6662605  2.7392077  3.2192793 11.       ], shape=(6,), dtype=float32)",0.5,[4 2 3 2 5 2 6 0 0 0 0 0 0 0 0 4 0 0 0 0 0 0 0 0 0],False,"tf.Tensor(
[[2.9257    2.8411186 1.6662605 2.7392077 3.2192793 2.6079993 2.7318964
  2.7542477 3.2530613 1.8288323 3.0542145 2.4148283 3.7110262 2.5895493
  3.4884307 3.5497742 3.842626  3.393645 ]], shape=(1, 18), dtype=float32)"
1620,[4 2 3 2 5 2 6 0 0 0 0 0 0 0 0 4 0 0 0 0 0 0 0 0 0],"tf.Tensor([ 3.1550395  2.7696009  1.9185345  3.600655   2.2257311 12.       ], shape=(6,), dtype=float32)",0.0,[4 3 3 2 5 2 6 0 0 0 0 0 0 0 0 4 0 0 0 0 0 0 0 0 0],False,"tf.Tensor(
[[3.1550395 2.7696009 1.9185345 3.600655  2.2257311 2.1732354 1.4960096
  2.9543705 2.764362  2.0683136 2.9873738 1.8788548 3.371866  1.5353464
  3.7096207 3.5912719 3.3420835 3.823201 ]], shape=(1, 18), dtype=float32)"
1621,[4 3 3 2 5 2 6 0 0 0 0 0 0 0 0 4 0 0 0 0 0 0 0 0 0],"tf.Tensor([ 3.1730075  2.759908   2.0091407  3.6353498  2.2684312 12.       ], shape=(6,), dtype=float32)",36.0,[5 1 0 0 0 0 0 3 2 5 2 6 0 0 0 4 0 0 0 0 0 0 0 0 18],False,"tf.Tensor(
[[3.1730075 2.759908  2.0091407 3.6353498 2.2684312 2.211279  1.6216547
  2.9868352 2.8515959 2.127046  3.080992  1.8984091 3.4799998 1.5505583
  3.8052914 3.6860898 3.355038  3.9078946]], shape=(1, 18), dtype=float32)"
1622,[5 1 0 0 0 0 0 3 2 5 2 6 0 0 0 4 0 0 0 0 0 0 0 0 18],"tf.Tensor([ 2.771321   2.6354978  3.2763183  3.2104707  2.6111698 11.       ], shape=(6,), dtype=float32)",0.5,[5 2 2 5 1 3 1 0 0 0 0 0 0 0 0 4 0 0 0 0 0 0 0 0 18],False,"tf.Tensor(
[[2.771321  2.6354978 3.2763183 3.2104707 2.6111698 2.3482077 3.866998
  3.4758136 3.7688642 3.063717  3.4841802 3.035448  4.6777806 2.506428
  4.670798  3.486336  4.724366  3.4643044]], shape=(1, 18), dtype=float32)"
1623,[5 2 2 5 1 3 1 0 0 0 0 0 0 0 0 4 0 0 0 0 0 0 0 0 18],"tf.Tensor([2.6974204 2.0820932 3.0352068 2.9058523 1.2931538 9.       ], shape=(6,), dtype=float32)",0.0,[5 3 2 5 1 3 1 0 0 0 0 0 0 0 0 4 0 0 0 0 0 0 0 0 18],False,"tf.Tensor(
[[2.6974204 2.0820932 3.0352068 2.9058523 1.2931538 1.3354948 3.1204143
  4.1330805 3.4804056 3.7009645 3.5896475 2.943728  3.0361152 1.2234682
  4.6842127 3.3629408 3.0891263 3.5877264]], shape=(1, 18), dtype=float32)"
1624,[5 3 2 5 1 3 1 0 0 0 0 0 0 0 0 4 0 0 0 0 0 0 0 0 18],"tf.Tensor([2.7099648 2.056673  3.1761496 2.9238605 1.3793561 9.       ], shape=(6,), dtype=float32)",0.0,[6 1 0 0 0 0 0 2 5 1 3 1 0 0 0 4 0 0 0 0 0 0 0 0 18],False,"tf.Tensor(
[[2.7099648 2.056673  3.1761496 2.9238605 1.3793561 1.3580354 3.2834828
  4.157451  3.6014302 3.7679653 3.6684973 2.9312072 3.2127569 1.2129893
  4.8250933 3.4241414 3.1444526 3.6532393]], shape=(1, 18), dtype=float32)"
1625,[6 1 0 0 0 0 0 2 5 1 3 1 0 0 0 4 0 0 0 0 0 0 0 0 18],"tf.Tensor([2.826367  1.6172415 2.590351  2.956121  1.2376691 2.       ], shape=(6,), dtype=float32)",0.5,[6 2 1 4 4 4 5 0 0 0 0 0 0 0 0 4 0 0 0 0 0 0 0 0 18],False,"tf.Tensor(
[[2.826367  1.6172415 2.590351  2.956121  1.2376691 1.4364216 2.6883721
  3.962393  2.6687737 2.8326106 3.4158473 2.9424    2.901588  1.1157701
  3.8697917 3.1424563 3.173361  3.4330907]], shape=(1, 18), dtype=float32)"
1626,[6 2 1 4 4 4 5 0 0 0 0 0 0 0 0 4 0 0 0 0 0 0 0 0 18],"tf.Tensor([3.1800623 2.3335223 2.6696591 3.5981755 1.622544  9.       ], shape=(6,), dtype=float32)",0.0,[6 3 1 4 4 4 5 0 0 0 0 0 0 0 0 4 0 0 0 0 0 0 0 0 18],False,"tf.Tensor(
[[3.1800623 2.3335223 2.6696591 3.5981755 1.622544  2.0328689 3.6760035
  4.453647  3.6008263 3.5435162 4.358295  3.2904522 3.5072737 2.056123
  5.0735207 4.0275273 3.5100021 4.3672595]], shape=(1, 18), dtype=float32)"
1627,[6 3 1 4 4 4 5 0 0 0 0 0 0 0 0 4 0 0 0 0 0 0 0 0 18],"tf.Tensor([3.211434  2.3411565 2.7980697 3.6120012 1.7334809 9.       ], shape=(6,), dtype=float32)",0.0,[7 1 0 0 0 0 0 1 4 4 4 5 0 0 0 4 0 0 0 0 0 0 0 0 18],False,"tf.Tensor(
[[3.211434  2.3411565 2.7980697 3.6120012 1.7334809 2.07792   3.850698
  4.480483  3.7363505 3.596272  4.436963  3.3098273 3.6974604 2.0803988
  5.1921854 4.107575  3.592011  4.438802 ]], shape=(1, 18), dtype=float32)"
1628,[7 1 0 0 0 0 0 1 4 4 4 5 0 0 0 4 0 0 0 0 0 0 0 0 18],"tf.Tensor([2.956042  2.532647  3.1927795 3.4323196 2.4817853 9.       ], shape=(6,), dtype=float32)",0.5,[7 2 6 5 5 3 5 0 0 0 0 0 0 0 0 4 0 0 0 0 0 0 0 0 18],False,"tf.Tensor(
[[2.956042  2.532647  3.1927795 3.4323196 2.4817853 2.0113475 3.7725472
  3.8587396 3.5911717 3.1024933 3.848282  3.3295822 4.41168   2.287885
  4.503051  3.8225946 4.394272  3.7087765]], shape=(1, 18), dtype=float32)"
1629,[7 2 6 5 5 3 5 0 0 0 0 0 0 0 0 4 0 0 0 0 0 0 0 0 18],"tf.Tensor([3.610868  3.26532   3.53217   4.2165422 3.095406  9.       ], shape=(6,), dtype=float32)",0.0,[7 3 6 5 5 3 5 0 0 0 0 0 0 0 0 4 0 0 0 0 0 0 0 0 18],False,"tf.Tensor(
[[3.610868  3.26532   3.53217   4.2165422 3.095406  2.5922387 5.0385184
  4.7291017 5.031602  4.4429502 4.7062097 3.5310488 5.3345118 2.6915305
  6.556426  5.1019855 4.8703575 5.2161713]], shape=(1, 18), dtype=float32)"
1630,[7 3 6 5 5 3 5 0 0 0 0 0 0 0 0 4 0 0 0 0 0 0 0 0 18],[1 0 1 0 0 5],12.0,[8 1 0 0 0 0 0 6 5 5 3 5 0 0 0 4 0 6 0 0 0 0 0 0 18],False,"tf.Tensor(
[[3.6852472 3.2898633 3.6812537 4.2330513 3.1790702 2.6389532 5.1444893
  4.819276  5.1906676 4.5331087 4.787021  3.5802512 5.46672   2.6530776
  6.687481  5.174555  4.9431458 5.3177447]], shape=(1, 18), dtype=float32)"
1631,[8 1 0 0 0 0 0 6 5 5 3 5 0 0 0 4 0 6 0 0 0 0 0 0 18],"tf.Tensor([ 3.9832463  3.1066363  4.0901275  4.0538936  3.666113  11.       ], shape=(6,), dtype=float32)",0.5,[8 2 1 3 5 5 1 0 0 0 0 0 0 0 0 4 0 6 0 0 0 0 0 0 18],False,"tf.Tensor(
[[3.9832463 3.1066363 4.0901275 4.0538936 3.666113  3.746211  6.0999146
  4.7819595 5.151937  3.4234128 4.709907  4.2877436 6.522892  3.6082947
  6.171202  4.9429264 6.5935903 4.825197 ]], shape=(1, 18), dtype=float32)"
1632,[8 2 1 3 5 5 1 0 0 0 0 0 0 0 0 4 0 6 0 0 0 0 0 0 18],"tf.Tensor([3.5821872 1.9234325 3.7193623 3.9661965 1.2101682 9.       ], shape=(6,), dtype=float32)",0.0,[8 3 1 3 5 5 1 0 0 0 0 0 0 0 0 4 0 6 0 0 0 0 0 0 18],False,"tf.Tensor(
[[3.5821872 1.9234325 3.7193623 3.9661965 1.2101682 1.9907398 4.090657
  5.360774  3.907321  3.9959145 5.0894666 4.155576  3.9218526 1.3406138
  5.902209  4.198092  4.100014  4.8451586]], shape=(1, 18), dtype=float32)"
1633,[8 3 1 3 5 5 1 0 0 0 0 0 0 0 0 4 0 6 0 0 0 0 0 0 18],"tf.Tensor([3.6274626 1.9378296 3.8580036 3.9844627 1.2924048 9.       ], shape=(6,), dtype=float32)",0.0,[9 1 0 0 0 0 0 1 3 5 5 1 0 0 0 4 0 6 0 0 0 0 0 0 18],False,"tf.Tensor(
[[3.6274626 1.9378296 3.8580036 3.9844627 1.2924048 2.049839  4.259525
  5.40159   4.065287  4.0814004 5.1461678 4.1485996 4.0863442 1.336575
  6.049568  4.289517  4.173236  4.934228 ]], shape=(1, 18), dtype=float32)"
1634,[9 1 0 0 0 0 0 1 3 5 5 1 0 0 0 4 0 6 0 0 0 0 0 0 18],"tf.Tensor([3.6900039 2.424852  3.7341983 4.151007  2.1592603 9.       ], shape=(6,), dtype=float32)",0.5,[9 2 2 6 5 4 2 0 0 0 0 0 0 0 0 4 0 6 0 0 0 0 0 0 18],False,"tf.Tensor(
[[3.6900039 2.424852  3.7341983 4.151007  2.1592603 2.340538  4.098354
  4.884875  3.8072705 3.280591  4.533177  4.3624496 4.7082667 1.7850999
  5.285871  4.281385  5.2719655 4.535648 ]], shape=(1, 18), dtype=float32)"
1635,[9 2 2 6 5 4 2 0 0 0 0 0 0 0 0 4 0 6 0 0 0 0 0 0 18],"tf.Tensor([4.0127378 2.7295103 4.142158  4.173673  2.3112562 9.       ], shape=(6,), dtype=float32)",0.0,[9 3 2 6 5 4 2 0 0 0 0 0 0 0 0 4 0 6 0 0 0 0 0 0 18],False,"tf.Tensor(
[[4.0127378 2.7295103 4.142158  4.173673  2.3112562 2.5814419 5.08943
  5.551318  5.1566296 4.529878  5.4327955 4.201029  5.0192122 2.0989041
  6.701847  4.928254  4.794059  5.415578 ]], shape=(1, 18), dtype=float32)"
1636,[9 3 2 6 5 4 2 0 0 0 0 0 0 0 0 4 0 6 0 0 0 0 0 0 18],"tf.Tensor([4.052491  2.7829657 4.311001  4.2144575 2.3920424 9.       ], shape=(6,), dtype=float32)",0.0,[10 1 0 0 0 0 0 2 6 5 4 2 0 0 0 4 0 6 0 0 0 0 0 0 18],False,"tf.Tensor(
[[4.052491  2.7829657 4.311001  4.2144575 2.3920424 2.605239  5.265471
  5.605897  5.3153777 4.6091366 5.520519  4.1797824 5.207388  2.1054807
  6.8644753 5.0155683 4.883153  5.4800987]], shape=(1, 18), dtype=float32)"
1637,[10 1 0 0 0 0 0 2 6 5 4 2 0 0 0 4 0 6 0 0 0 0 0 0 18],"tf.Tensor([ 4.0641284  2.6983552  3.870489   4.4294267  2.837644  11.       ], shape=(6,), dtype=float32)",0.5,[10 2 2 2 6 4 2 0 0 0 0 0 0 0 0 4 0 6 0 0 0 0 0 0 18],False,"tf.Tensor(
[[4.0641284 2.6983552 3.870489  4.4294267 2.837644  2.7894802 5.1922956
  5.169017  4.373934  3.4531498 4.986919  4.445758  5.5278845 2.5821116
  5.699585  5.0473948 5.708059  4.9917874]], shape=(1, 18), dtype=float32)"
1638,[10 2 2 2 6 4 2 0 0 0 0 0 0 0 0 4 0 6 0 0 0 0 0 0 18],"tf.Tensor([3.7450433 2.016756  3.7308683 4.268853  1.4066683 9.       ], shape=(6,), dtype=float32)",0.0,[10 3 2 2 6 4 2 0 0 0 0 0 0 0 0 4 0 6 0 0 0 0 0 0 18],False,"tf.Tensor(
[[3.7450433 2.016756  3.7308683 4.268853  1.4066683 2.2654147 4.512651
  5.4860015 4.1225996 4.0123906 5.372179  4.341963  4.2293715 1.497045
  6.223109  4.698946  4.297602  5.269172 ]], shape=(1, 18), dtype=float32)"
1639,[10 3 2 2 6 4 2 0 0 0 0 0 0 0 0 4 0 6 0 0 0 0 0 0 18],"tf.Tensor([3.7767177 2.0950608 3.883584  4.301163  1.5314225 9.       ], shape=(6,), dtype=float32)",0.0,[11 1 0 0 0 0 0 2 2 6 4 2 0 0 0 4 0 6 0 0 0 0 0 0 18],False,"tf.Tensor(
[[3.7767177 2.0950608 3.883584  4.301163  1.5314225 2.2950387 4.655548
  5.519495  4.2841206 4.1281357 5.439339  4.341643  4.4314737 1.5203054
  6.3823113 4.7997274 4.384737  5.355905 ]], shape=(1, 18), dtype=float32)"
1640,[11 1 0 0 0 0 0 2 2 6 4 2 0 0 0 4 0 6 0 0 0 0 0 0 18],"tf.Tensor([ 3.829541   2.6002352  3.966854   4.262692   2.4035144 11.       ], shape=(6,), dtype=float32)",0.5,[11 2 5 5 4 3 3 0 0 0 0 0 0 0 0 4 0 6 0 0 0 0 0 0 18],False,"tf.Tensor(
[[3.829541  2.6002352 3.966854  4.262692  2.4035144 2.6647904 4.843925
  5.0092826 4.276302  3.4524279 4.64238   4.426921  5.250129  2.1638014
  5.773233  4.475304  5.8122396 4.6784487]], shape=(1, 18), dtype=float32)"
1641,[11 2 5 5 4 3 3 0 0 0 0 0 0 0 0 4 0 6 0 0 0 0 0 0 18],"tf.Tensor([4.1284237 2.8921592 4.387597  4.3157873 2.837416  9.       ], shape=(6,), dtype=float32)",0.0,[11 3 5 5 4 3 3 0 0 0 0 0 0 0 0 4 0 6 0 0 0 0 0 0 18],False,"tf.Tensor(
[[4.1284237 2.8921592 4.387597  4.3157873 2.837416  2.8827    5.897622
  5.539251  5.6304545 4.7079387 5.3771    4.1946044 5.746294  2.3159392
  7.2170687 5.371724  5.383863  5.679019 ]], shape=(1, 18), dtype=float32)"
1642,[11 3 5 5 4 3 3 0 0 0 0 0 0 0 0 4 0 6 0 0 0 0 0 0 18],"tf.Tensor([4.2028036 2.916703  4.536682  4.332297  2.9210813 9.       ], shape=(6,), dtype=float32)",0.0,[12 1 0 0 0 0 0 5 5 4 3 3 0 0 0 4 0 6 0 0 0 0 0 0 18],False,"tf.Tensor(
[[4.2028036 2.916703  4.536682  4.332297  2.9210813 2.9294147 6.003594
  5.629427  5.7895217 4.798097  5.457912  4.243807  5.878505  2.277486
  7.348123  5.4442935 5.4566517 5.780592 ]], shape=(1, 18), dtype=float32)"
1643,[12 1 0 0 0 0 0 5 5 4 3 3 0 0 0 4 0 6 0 0 0 0 0 0 18],"tf.Tensor([ 4.188288   2.6536787  3.9403145  4.367635   2.914519  11.       ], shape=(6,), dtype=float32)",0.5,[12 2 4 4 6 1 4 0 0 0 0 0 0 0 0 4 0 6 0 0 0 0 0 0 18],False,"tf.Tensor(
[[4.188288  2.6536787 3.9403145 4.367635  2.914519  3.350036  6.0744553
  5.462258  4.619044  3.446566  5.009564  4.5524306 5.9863043 3.123893
  6.2503157 4.9735804 6.360692  5.036981 ]], shape=(1, 18), dtype=float32)"
1644,[12 2 4 4 6 1 4 0 0 0 0 0 0 0 0 4 0 6 0 0 0 0 0 0 18],"tf.Tensor([4.1373587 2.5866172 3.9230044 4.359144  2.4897099 9.       ], shape=(6,), dtype=float32)",0.0,[12 3 4 4 6 1 4 0 0 0 0 0 0 0 0 4 0 6 0 0 0 0 0 0 18],False,"tf.Tensor(
[[4.1373587 2.5866172 3.9230044 4.359144  2.4897099 2.9359913 5.6790514
  5.583911  5.2643538 4.4810343 5.563466  4.2731857 5.250248  2.27374
  6.958205  5.484412  4.8451676 5.8854346]], shape=(1, 18), dtype=float32)"
1645,[12 3 4 4 6 1 4 0 0 0 0 0 0 0 0 4 0 6 0 0 0 0 0 0 18],"tf.Tensor([4.182345  2.6241193 4.073333  4.382629  2.5911725 9.       ], shape=(6,), dtype=float32)",0.0,[13 1 0 0 0 0 0 4 4 6 1 4 0 0 0 4 0 6 0 0 0 0 0 0 18],False,"tf.Tensor(
[[4.182345  2.6241193 4.073333  4.382629  2.5911725 2.9972706 5.849764
  5.621376  5.4368196 4.5667634 5.6281595 4.2770944 5.4348936 2.2776012
  7.1115594 5.579833  4.936489  5.9763384]], shape=(1, 18), dtype=float32)"
1646,[13 1 0 0 0 0 0 4 4 6 1 4 0 0 0 4 0 6 0 0 0 0 0 0 18],"tf.Tensor([4.016429  2.8188996 4.1428185 4.3969693 2.8911912 9.       ], shape=(6,), dtype=float32)",0.5,[13 2 6 6 5 5 2 0 0 0 0 0 0 0 0 4 0 6 0 0 0 0 0 0 18],False,"tf.Tensor(
[[4.016429  2.8188996 4.1428185 4.3969693 2.8911912 3.2049446 6.062637
  5.3522635 4.733005  3.6559777 5.0515113 4.611302  6.1156697 3.0265737
  6.458405  5.0247884 6.3742414 5.043199 ]], shape=(1, 18), dtype=float32)"
1647,[13 2 6 6 5 5 2 0 0 0 0 0 0 0 0 4 0 6 0 0 0 0 0 0 18],"tf.Tensor([4.6376615 3.0747938 4.8486724 4.7910905 3.1769886 9.       ], shape=(6,), dtype=float32)",0.0,[13 3 6 6 5 5 2 0 0 0 0 0 0 0 0 4 0 6 0 0 0 0 0 0 18],False,"tf.Tensor(
[[4.6376615 3.0747938 4.8486724 4.7910905 3.1769886 3.3347926 6.67747
  6.1939974 6.402432  5.1613617 5.9774427 4.731646  6.345568  2.3772926
  8.089717  6.1075153 5.912873  6.5104437]], shape=(1, 18), dtype=float32)"
1648,[13 3 6 6 5 5 2 0 0 0 0 0 0 0 0 4 0 6 0 0 0 0 0 0 18],"tf.Tensor([4.730152  3.094026  5.003239  4.813241  3.2538726 9.       ], shape=(6,), dtype=float32)",0.0,[14 1 0 0 0 0 0 6 6 5 5 2 0 0 0 4 0 6 0 0 0 0 0 0 18],True,"tf.Tensor(
[[4.730152  3.094026  5.003239  4.813241  3.2538726 3.4030788 6.810973
  6.2919745 6.5746646 5.2519913 6.0624228 4.788925  6.482785  2.3661973
  8.220674  6.190404  6.0109477 6.6053805]], shape=(1, 18), dtype=float32)"
1649,[1 1 0 0 0 0 0 4 1 4 6 2 0 0 0 0 0 0 0 0 0 0 0 0 0],"tf.Tensor([ 2.2668047  2.914099   1.6116445  1.7167063  3.2716055 11.       ], shape=(6,), dtype=float32)",0.5,[1 2 4 1 4 6 2 0 0 0 0 0 0 0 0 0 0 0 0 0 0 0 0 0 0],False,"tf.Tensor(
[[2.2668047 2.914099  1.6116445 1.7167063 3.2716055 2.91566   2.9371657
  1.8115889 3.6398706 1.3527318 2.2631705 2.20801   3.5051541 3.2527256
  2.890411  2.5483527 4.121554  2.050524 ]], shape=(1, 18), dtype=float32)"
1650,[1 2 4 1 4 6 2 0 0 0 0 0 0 0 0 0 0 0 0 0 0 0 0 0 0],"tf.Tensor([ 2.518859   2.4529448  1.7804544  2.472821   2.8804693 10.       ], shape=(6,), dtype=float32)",0.0,[1 3 4 1 4 6 2 0 0 0 0 0 0 0 0 0 0 0 0 0 0 0 0 0 0],False,"tf.Tensor(
[[2.518859  2.4529448 1.7804544 2.472821  2.8804693 2.1313875 2.6661928
  2.5048041 3.2319171 1.6711653 2.756297  2.3951774 3.1549408 1.9470009
  3.0245047 3.3432686 3.327833  3.0123632]], shape=(1, 18), dtype=float32)"
1651,[1 3 4 1 4 6 2 0 0 0 0 0 0 0 0 0 0 0 0 0 0 0 0 0 0],"tf.Tensor([ 2.6176376  2.4529545  1.86914    2.5743568  2.9060547 10.       ], shape=(6,), dtype=float32)",0.0,[2 1 0 0 0 0 0 4 1 4 6 2 0 0 0 0 0 0 0 0 0 0 0 0 0],False,"tf.Tensor(
[[2.6176376 2.4529545 1.86914   2.5743568 2.9060547 2.166365  2.6830115
  2.623952  3.2974582 1.7292662 2.8725157 2.3956513 3.221292  1.925153
  3.1233118 3.3968232 3.3926208 3.100991 ]], shape=(1, 18), dtype=float32)"
1652,[2 1 0 0 0 0 0 4 1 4 6 2 0 0 0 0 0 0 0 0 0 0 0 0 0],"tf.Tensor([ 2.3606448  2.910275   1.5985452  1.7685659  3.2834327 11.       ], shape=(6,), dtype=float32)",0.5,[2 2 4 4 5 5 2 0 0 0 0 0 0 0 0 0 0 0 0 0 0 0 0 0 0],False,"tf.Tensor(
[[2.3606448 2.910275  1.5985452 1.7685659 3.2834327 3.021836  3.0698063
  1.8654749 3.7013066 1.3623902 2.2548199 2.2510936 3.5800946 3.3937554
  2.930827  2.613257  4.231816  2.092066 ]], shape=(1, 18), dtype=float32)"
1653,[2 2 4 4 5 5 2 0 0 0 0 0 0 0 0 0 0 0 0 0 0 0 0 0 0],"tf.Tensor([ 3.210044   2.8427114  2.272593   3.1816797  3.0941966 10.       ], shape=(6,), dtype=float32)",0.0,[2 3 4 4 5 5 2 0 0 0 0 0 0 0 0 0 0 0 0 0 0 0 0 0 0],False,"tf.Tensor(
[[3.210044  2.8427114 2.272593  3.1816797 3.0941966 2.4252918 2.9362004
  3.3017304 3.7632277 2.1311195 3.3132977 2.7331028 3.6713102 1.9671414
  3.8009593 4.0014954 3.941341  3.713863 ]], shape=(1, 18), dtype=float32)"
1654,[2 3 4 4 5 5 2 0 0 0 0 0 0 0 0 0 0 0 0 0 0 0 0 0 0],[0 0 1 1 0 6],0.0,[3 1 0 0 0 0 0 4 4 5 5 2 0 0 0 0 0 0 0 0 0 0 0 0 0],False,"tf.Tensor(
[[3.2577815 2.8669045 2.3853438 3.1930027 3.154959  2.4572814 3.080415
  3.3707268 3.9060307 2.2188537 3.406691  2.7514925 3.7857492 2.0079846
  3.916547  4.06657   3.9878192 3.7697833]], shape=(1, 18), dtype=float32)"
1655,[3 1 0 0 0 0 0 4 4 5 5 2 0 0 0 0 0 0 0 0 0 0 0 0 0],"tf.Tensor([ 2.797065   2.8922632  1.6830314  2.1542983  3.569654  11.       ], shape=(6,), dtype=float32)",0.5,[3 2 4 5 3 3 6 0 0 0 0 0 0 0 0 0 0 0 0 0 0 0 0 0 0],False,"tf.Tensor(
[[2.797065  2.8922632 1.6830314 2.1542983 3.569654  3.184587  3.4443514
  2.217223  3.703651  1.553127  2.6942453 2.445983  4.1647725 3.756753
  3.0758362 3.351562  4.231166  2.7546327]], shape=(1, 18), dtype=float32)"
1656,[3 2 4 5 3 3 6 0 0 0 0 0 0 0 0 0 0 0 0 0 0 0 0 0 0],"tf.Tensor([3.236288  3.03393   2.1758406 2.9902275 3.3576097 7.       ], shape=(6,), dtype=float32)",0.0,[3 3 4 5 3 3 6 0 0 0 0 0 0 0 0 0 0 0 0 0 0 0 0 0 0],False,"tf.Tensor(
[[3.236288  3.03393   2.1758406 2.9902275 3.3576097 2.520495  2.5148878
  2.9163811 3.820726  2.3820372 3.13383   1.9723943 3.9600472 2.4798598
  3.7430992 3.568484  3.7361012 3.562269 ]], shape=(1, 18), dtype=float32)"
1657,[3 3 4 5 3 3 6 0 0 0 0 0 0 0 0 0 0 0 0 0 0 0 0 0 0],"tf.Tensor([3.281736  3.0593297 2.268826  3.0003877 3.4511821 7.       ], shape=(6,), dtype=float32)",0.0,[4 1 0 0 0 0 0 4 5 3 3 6 0 0 0 0 0 0 0 0 0 0 0 0 0],False,"tf.Tensor(
[[3.281736  3.0593297 2.268826  3.0003877 3.4511821 2.5913825 2.6645014
  2.9436448 3.9666846 2.4511147 3.197338  1.9511124 4.0941925 2.5375285
  3.8483405 3.6428957 3.7883213 3.6286023]], shape=(1, 18), dtype=float32)"
1658,[4 1 0 0 0 0 0 4 5 3 3 6 0 0 0 0 0 0 0 0 0 0 0 0 0],"tf.Tensor([ 2.8973222  2.9768836  1.754877   2.0084865  3.6760604 11.       ], shape=(6,), dtype=float32)",0.5,[4 2 5 5 4 1 4 0 0 0 0 0 0 0 0 0 0 0 0 0 0 0 0 0 0],False,"tf.Tensor(
[[2.8973222 2.9768836 1.754877  2.0084865 3.6760604 3.2016854 3.7612972
  2.5291939 4.0837502 1.6911287 2.8883557 2.4276862 4.0352626 3.7672734
  3.1956077 3.4318886 4.12925   2.7570612]], shape=(1, 18), dtype=float32)"
1659,[4 2 5 5 4 1 4 0 0 0 0 0 0 0 0 0 0 0 0 0 0 0 0 0 0],"tf.Tensor([3.1446369 2.9515624 2.2932498 3.0130892 3.3242955 7.       ], shape=(6,), dtype=float32)",0.0,[4 3 5 5 4 1 4 0 0 0 0 0 0 0 0 0 0 0 0 0 0 0 0 0 0],False,"tf.Tensor(
[[3.1446369 2.9515624 2.2932498 3.0130892 3.3242955 2.4428616 2.8151088
  3.0139456 3.876446  2.461624  3.2364175 2.1945221 3.891129  2.3491898
  3.8828037 3.8501766 3.724201  3.626921 ]], shape=(1, 18), dtype=float32)"
1660,[4 3 5 5 4 1 4 0 0 0 0 0 0 0 0 0 0 0 0 0 0 0 0 0 0],"tf.Tensor([3.1799445 2.9594233 2.3856592 3.0569725 3.4150462 3.       ], shape=(6,), dtype=float32)",16.0,[5 1 0 0 0 0 0 5 5 4 1 4 0 0 0 8 0 0 0 0 0 0 0 0 0],False,"tf.Tensor(
[[3.1799445 2.9594233 2.3856592 3.0569725 3.4150462 2.5229666 3.0219665
  3.07904   4.034321  2.529373  3.3330774 2.2014885 4.0181937 2.3714004
  4.009435  3.9604335 3.7905905 3.7190619]], shape=(1, 18), dtype=float32)"
1661,[5 1 0 0 0 0 0 5 5 4 1 4 0 0 0 8 0 0 0 0 0 0 0 0 0],"tf.Tensor([ 3.128933   3.120405   1.8307978  3.2916102  3.1360924 11.       ], shape=(6,), dtype=float32)",0.5,[5 2 5 2 1 6 3 0 0 0 0 0 0 0 0 8 0 0 0 0 0 0 0 0 0],False,"tf.Tensor(
[[3.128933  3.120405  1.8307978 3.2916102 3.1360924 2.7794626 2.5892098
  3.2465966 3.2329857 2.0725074 3.1571467 2.6561148 3.9798415 2.2582173
  4.1918077 3.7942667 4.599562  3.741544 ]], shape=(1, 18), dtype=float32)"
1662,[5 2 5 2 1 6 3 0 0 0 0 0 0 0 0 8 0 0 0 0 0 0 0 0 0],"tf.Tensor([ 3.0266461  2.7022874  1.6797442  3.7942016  1.9882804 12.       ], shape=(6,), dtype=float32)",0.0,[5 3 5 2 1 6 3 0 0 0 0 0 0 0 0 8 0 0 0 0 0 0 0 0 0],False,"tf.Tensor(
[[3.0266461 2.7022874 1.6797442 3.7942016 1.9882804 1.8269756 1.331684
  3.0338106 2.2973433 2.0270216 2.955815  1.8774827 3.1038158 1.1870779
  3.693477  3.5980327 3.4471612 3.727756 ]], shape=(1, 18), dtype=float32)"
1663,[5 3 5 2 1 6 3 0 0 0 0 0 0 0 0 8 0 0 0 0 0 0 0 0 0],"tf.Tensor([3.046795  2.6481502 1.8169502 3.8379056 1.9418212 9.       ], shape=(6,), dtype=float32)",0.0,[6 1 0 0 0 0 0 5 2 1 6 3 0 0 0 8 0 0 0 0 0 0 0 0 0],False,"tf.Tensor(
[[3.046795  2.6481502 1.8169502 3.8379056 1.9418212 1.8422337 1.447064
  3.1232913 2.3273578 2.1123288 3.029082  1.9646688 3.1987808 1.1374308
  3.8476038 3.6411612 3.5157151 3.8126874]], shape=(1, 18), dtype=float32)"
1664,[6 1 0 0 0 0 0 5 2 1 6 3 0 0 0 8 0 0 0 0 0 0 0 0 0],[0 1 1 0 1 1],0.30000000000000004,[6 2 4 3 1 0 0 6 0 0 4 0 0 0 0 8 0 0 0 0 0 0 0 0 0],False,"tf.Tensor(
[[3.192161  3.1866014 1.8074614 3.5672727 3.238797  2.4903932 2.435941
  3.123606  3.4566102 2.7066891 3.1147306 2.1794868 3.8397229 2.2625966
  4.2881775 3.9490738 4.280206  3.864271 ]], shape=(1, 18), dtype=float32)"
1665,[6 2 4 3 1 0 0 6 0 0 4 0 0 0 0 8 0 0 0 0 0 0 0 0 0],"tf.Tensor([3.1281562 3.1250842 1.5411959 4.002115  3.1395319 9.       ], shape=(6,), dtype=float32)",0.2,[6 3 4 3 1 6 4 0 0 0 0 0 0 0 0 8 0 0 0 0 0 0 0 0 0],False,"tf.Tensor(
[[3.1281562 3.1250842 1.5411959 4.002115  3.1395319 2.347947  1.9696294
  3.149754  2.9682565 3.0949876 3.070229  2.3630066 3.912435  2.1764793
  4.527092  3.674304  4.4992604 4.109995 ]], shape=(1, 18), dtype=float32)"
1666,[6 3 4 3 1 6 4 0 0 0 0 0 0 0 0 8 0 0 0 0 0 0 0 0 0],"tf.Tensor([ 3.2462995  2.5861728  1.7183311  3.8577504  1.8397233 12.       ], shape=(6,), dtype=float32)",36.0,[7 1 0 0 0 0 0 5 4 3 5 1 0 0 0 8 0 0 0 0 0 0 0 0 18],False,"tf.Tensor(
[[3.2462995 2.5861728 1.7183311 3.8577504 1.8397233 2.0243173 1.3669605
  3.2059257 2.3552883 2.0627427 3.0216851 1.9857992 3.2122438 1.1821171
  3.778853  3.6750739 3.3671172 4.0428514]], shape=(1, 18), dtype=float32)"
1667,[7 1 0 0 0 0 0 5 4 3 5 1 0 0 0 8 0 0 0 0 0 0 0 0 18],"tf.Tensor([3.3697906 1.7027143 2.6511812 3.965563  1.3400847 9.       ], shape=(6,), dtype=float32)",0.5,[7 2 6 5 6 2 2 0 0 0 0 0 0 0 0 8 0 0 0 0 0 0 0 0 18],False,"tf.Tensor(
[[3.3697906 1.7027143 2.6511812 3.965563  1.3400847 1.9811211 2.8953528
  4.5073767 2.3183465 3.0405784 3.547772  3.446958  3.8266892 1.0528336
  4.8783684 3.5500152 4.353999  4.5369606]], shape=(1, 18), dtype=float32)"
1668,[7 2 6 5 6 2 2 0 0 0 0 0 0 0 0 8 0 0 0 0 0 0 0 0 18],"tf.Tensor([3.5434973 2.373459  3.454694  4.3978224 1.8471708 9.       ], shape=(6,), dtype=float32)",0.0,[7 3 6 5 6 2 2 0 0 0 0 0 0 0 0 8 0 0 0 0 0 0 0 0 18],False,"tf.Tensor(
[[3.5434973 2.373459  3.454694  4.3978224 1.8471708 2.2875397 4.231093
  4.8624306 4.130517  4.316159  4.351648  3.4696794 4.5727296 1.3581918
  6.5126667 4.927998  4.299084  5.441518 ]], shape=(1, 18), dtype=float32)"
1669,[7 3 6 5 6 2 2 0 0 0 0 0 0 0 0 8 0 0 0 0 0 0 0 0 18],"tf.Tensor([3.5906641 2.411775  3.6092749 4.4234653 1.9470575 9.       ], shape=(6,), dtype=float32)",0.0,[8 1 0 0 0 0 0 6 5 6 2 2 0 0 0 8 0 0 0 0 0 0 0 0 18],False,"tf.Tensor(
[[3.5906641 2.411775  3.6092749 4.4234653 1.9470575 2.3507533 4.401487
  4.900962  4.3063235 4.3963685 4.4188814 3.4755015 4.7569966 1.3576928
  6.665656  5.0235753 4.3938713 5.5317016]], shape=(1, 18), dtype=float32)"
1670,[8 1 0 0 0 0 0 6 5 6 2 2 0 0 0 8 0 0 0 0 0 0 0 0 18],[0 0 0 1 0 4],0.1,[8 2 1 0 0 0 0 5 2 1 0 1 0 0 0 8 0 0 0 0 0 0 0 0 18],False,"tf.Tensor(
[[3.1133356 1.8367137 2.7151577 4.197141  1.764053  2.059957  3.6899939
  4.3886337 2.3451169 3.2564929 3.6750393 3.4659495 4.5690045 1.4948692
  5.3595576 3.9276862 4.686388  4.8039684]], shape=(1, 18), dtype=float32)"
1671,[8 2 1 0 0 0 0 5 2 1 0 1 0 0 0 8 0 0 0 0 0 0 0 0 18],"tf.Tensor([2.9182234  0.9599316  2.3958855  3.3036373  0.48439148 9.        ], shape=(6,), dtype=float32)",0.30000000000000004,[8 3 1 5 2 1 0 0 0 0 0 1 0 0 0 8 0 0 0 0 0 0 0 0 18],False,"tf.Tensor(
[[2.9182234  0.9599316  2.3958855  3.3036373  0.48439148 1.9065425
  2.8968089  4.240507   2.2353015  3.1606035  3.1760063  3.2905707
  2.8526576  0.7253293  4.684211   2.8732896  3.7057974  4.0752816 ]], shape=(1, 18), dtype=float32)"
1672,[8 3 1 5 2 1 0 0 0 0 0 1 0 0 0 8 0 0 0 0 0 0 0 0 18],"tf.Tensor([3.1810417 1.5264379 2.7616599 3.2655048 0.8308627 9.       ], shape=(6,), dtype=float32)",0.0,[9 1 0 0 0 0 0 1 4 3 1 3 0 0 0 8 0 0 0 0 0 0 0 0 18],False,"tf.Tensor(
[[3.1810417  1.5264379  2.7616599  3.2655048  0.8308627  1.7093267
  2.9603326  4.818958   3.015986   3.838046   3.824739   3.6675646
  2.7847376  0.90456927 4.870743   3.5762784  3.2909784  4.3382473 ]], shape=(1, 18), dtype=float32)"
1673,[9 1 0 0 0 0 0 1 4 3 1 3 0 0 0 8 0 0 0 0 0 0 0 0 18],"tf.Tensor([2.940719   1.347268   2.5422583  3.53784    0.83643144 2.        ], shape=(6,), dtype=float32)",0.4,[9 2 1 3 5 4 0 0 0 0 0 3 0 0 0 8 0 0 0 0 0 0 0 0 18],False,"tf.Tensor(
[[2.940719   1.347268   2.5422583  3.53784    0.83643144 1.3854153
  2.771249   4.5165553  2.099202   3.1417155  3.5636292  3.3609502
  3.0308201  0.9715893  4.396891   3.2639406  3.4464314  3.990396  ]], shape=(1, 18), dtype=float32)"
1674,[9 2 1 3 5 4 0 0 0 0 0 3 0 0 0 8 0 0 0 0 0 0 0 0 18],"tf.Tensor([3.3323681 1.6679335 2.750194  4.1706123 0.6172511 9.       ], shape=(6,), dtype=float32)",0.0,[9 3 1 3 5 4 0 0 0 0 0 2 0 0 0 8 0 0 0 0 0 0 0 0 18],False,"tf.Tensor(
[[3.3323681 1.6679335 2.750194  4.1706123 0.6172511 1.8200161 3.1585162
  5.2509522 2.6339278 3.5879185 4.522102  4.0517735 3.146713  1.1223712
  5.2525034 4.0638857 3.6788466 4.80604  ]], shape=(1, 18), dtype=float32)"
1675,[9 3 1 3 5 4 0 0 0 0 0 2 0 0 0 8 0 0 0 0 0 0 0 0 18],"tf.Tensor([3.3585124  1.5315322  2.7749689  4.1153717  0.61645466 9.        ], shape=(6,), dtype=float32)",0.0,[10 1 0 0 0 0 0 1 3 5 4 4 0 0 0 8 0 0 0 0 0 0 0 0 18],False,"tf.Tensor(
[[3.3585124  1.5315322  2.7749689  4.1153717  0.61645466 1.9973583
  3.2794626  5.233058   2.7456093  3.6278446  4.508674   4.0097094
  3.1821544  1.0823078  5.32593    4.1164527  3.6574614  4.9121466 ]], shape=(1, 18), dtype=float32)"
1676,[10 1 0 0 0 0 0 1 3 5 4 4 0 0 0 8 0 0 0 0 0 0 0 0 18],"tf.Tensor([3.1587396 2.1369872 2.9736593 4.2080846 1.6358109 9.       ], shape=(6,), dtype=float32)",0.5,[10 2 6 6 4 4 6 0 0 0 0 0 0 0 0 8 0 0 0 0 0 0 0 0 18],False,"tf.Tensor(
[[3.1587396 2.1369872 2.9736593 4.2080846 1.6358109 1.6045063 3.2913697
  4.6887293 2.5380177 3.2759912 4.0248475 3.7730095 4.158404  1.2776295
  5.1082473 3.997959  4.375822  4.5720325]], shape=(1, 18), dtype=float32)"
1677,[10 2 6 6 4 4 6 0 0 0 0 0 0 0 0 8 0 0 0 0 0 0 0 0 18],"tf.Tensor([4.133923  2.6267636 3.3733873 4.64808   2.6137717 9.       ], shape=(6,), dtype=float32)",0.0,[10 3 6 6 4 4 6 0 0 0 0 0 0 0 0 8 0 0 0 0 0 0 0 0 18],False,"tf.Tensor(
[[4.133923  2.6267636 3.3733873 4.64808   2.6137717 3.113541  5.43851
  5.228646  4.7751675 4.224439  4.8850617 3.7308204 5.379556  2.332642
  6.9058666 5.4990683 5.0498414 5.994799 ]], shape=(1, 18), dtype=float32)"
1678,[10 3 6 6 4 4 6 0 0 0 0 0 0 0 0 8 0 0 0 0 0 0 0 0 18],[ 1  0  1  1  0 10],0.0,[11 1 0 0 0 0 0 6 6 4 4 6 0 0 0 8 0 0 0 0 0 0 0 0 18],False,"tf.Tensor(
[[4.2304497 2.6448123 3.5206866 4.6787767 2.6890917 3.187919  5.558582
  5.3265405 4.9403815 4.3133593 4.971881  3.7959247 5.5126696 2.3197656
  7.0332556 5.5891385 5.1452312 6.101056 ]], shape=(1, 18), dtype=float32)"
1679,[11 1 0 0 0 0 0 6 6 4 4 6 0 0 0 8 0 0 0 0 0 0 0 0 18],"tf.Tensor([3.657738  2.914176  3.30484   4.2201343 2.9392319 9.       ], shape=(6,), dtype=float32)",0.5,[11 2 5 4 6 1 5 0 0 0 0 0 0 0 0 8 0 0 0 0 0 0 0 0 18],False,"tf.Tensor(
[[3.657738  2.914176  3.30484   4.2201343 2.9392319 2.9723384 4.7036157
  4.775616  3.78159   3.549366  4.2279997 3.7858112 5.8700895 2.6737967
  6.2040677 4.6039805 5.6032424 5.202242 ]], shape=(1, 18), dtype=float32)"
1680,[11 2 5 4 6 1 5 0 0 0 0 0 0 0 0 8 0 0 0 0 0 0 0 0 18],"tf.Tensor([3.9604218 1.8128387 2.8723307 4.41453   1.6158631 9.       ], shape=(6,), dtype=float32)",0.0,[11 3 5 4 6 1 5 0 0 0 0 0 0 0 0 8 0 0 0 0 0 0 0 0 18],False,"tf.Tensor(
[[3.9604218 1.8128387 2.8723307 4.41453   1.6158631 2.8555677 4.768542
  5.2212796 4.017028  3.9139018 4.767981  3.8263366 4.2147126 1.7027525
  6.2671394 5.3072567 4.0613155 5.8837233]], shape=(1, 18), dtype=float32)"
1681,[11 3 5 4 6 1 5 0 0 0 0 0 0 0 0 8 0 0 0 0 0 0 0 0 18],"tf.Tensor([4.0041723 1.8420101 3.0259507 4.4384956 1.7148026 9.       ], shape=(6,), dtype=float32)",0.0,[12 1 0 0 0 0 0 5 4 6 1 5 0 0 0 8 0 0 0 0 0 0 0 0 18],False,"tf.Tensor(
[[4.0041723 1.8420101 3.0259507 4.4384956 1.7148026 2.9141755 4.9372654
  5.257167  4.186097  3.9911535 4.83615   3.8335316 4.400133  1.7005159
  6.4169064 5.3987703 4.153093  5.970789 ]], shape=(1, 18), dtype=float32)"
1682,[12 1 0 0 0 0 0 5 4 6 1 5 0 0 0 8 0 0 0 0 0 0 0 0 18],"tf.Tensor([3.2571282 2.1582086 3.041854  4.3059483 2.0440028 9.       ], shape=(6,), dtype=float32)",0.5,[12 2 4 6 6 3 4 0 0 0 0 0 0 0 0 8 0 0 0 0 0 0 0 0 18],False,"tf.Tensor(
[[3.2571282 2.1582086 3.041854  4.3059483 2.0440028 2.3305857 4.2915225
  4.7048044 2.8276453 3.4652307 4.0292654 3.8086338 5.095254  1.9205416
  5.874512  4.1682377 5.1761336 4.978879 ]], shape=(1, 18), dtype=float32)"
1683,[12 2 4 6 6 3 4 0 0 0 0 0 0 0 0 8 0 0 0 0 0 0 0 0 18],"tf.Tensor([4.3219547 1.9800193 3.1436372 4.5828524 1.7092332 9.       ], shape=(6,), dtype=float32)",0.0,[12 3 4 6 6 3 4 0 0 0 0 0 0 0 0 8 0 0 0 0 0 0 0 0 18],False,"tf.Tensor(
[[4.3219547 1.9800193 3.1436372 4.5828524 1.7092332 3.1883907 5.276356
  5.6398573 4.600436  4.1452513 5.157681  4.0750527 4.422386  1.8604573
  6.65871   5.6864724 4.2801847 6.267114 ]], shape=(1, 18), dtype=float32)"
1684,[12 3 4 6 6 3 4 0 0 0 0 0 0 0 0 8 0 0 0 0 0 0 0 0 18],"tf.Tensor([4.3557415 1.9625577 3.285323  4.6070266 1.8007153 9.       ], shape=(6,), dtype=float32)",0.0,[13 1 0 0 0 0 0 4 6 6 3 4 0 0 0 8 0 0 0 0 0 0 0 0 18],False,"tf.Tensor(
[[4.3557415 1.9625577 3.285323  4.6070266 1.8007153 3.231036  5.42146
  5.6662083 4.7295966 4.2070303 5.233241  4.099662  4.606627  1.8474113
  6.7880216 5.764736  4.3548636 6.350644 ]], shape=(1, 18), dtype=float32)"
1685,[13 1 0 0 0 0 0 4 6 6 3 4 0 0 0 8 0 0 0 0 0 0 0 0 18],"tf.Tensor([3.5829437 2.3389163 3.0097466 4.6768885 2.2461126 9.       ], shape=(6,), dtype=float32)",0.5,[13 2 5 5 4 6 3 0 0 0 0 0 0 0 0 8 0 0 0 0 0 0 0 0 18],False,"tf.Tensor(
[[3.5829437 2.3389163 3.0097466 4.6768885 2.2461126 2.5016408 4.611393
  5.069297  2.9680572 3.4609022 4.45507   4.021311  5.317219  2.1523395
  6.0711994 4.8331017 5.226028  5.4358344]], shape=(1, 18), dtype=float32)"
1686,[13 2 5 5 4 6 3 0 0 0 0 0 0 0 0 8 0 0 0 0 0 0 0 0 18],"tf.Tensor([4.096029  1.7997029 3.4002247 4.6595955 1.6885409 9.       ], shape=(6,), dtype=float32)",0.0,[13 3 5 5 4 6 3 0 0 0 0 0 0 0 0 8 0 0 0 0 0 0 0 0 18],False,"tf.Tensor(
[[4.096029  1.7997029 3.4002247 4.6595955 1.6885409 2.997314  5.4135156
  5.5144844 4.431261  4.0485706 5.0568647 4.1321077 4.7212195 1.4996954
  6.81984   5.62547   4.517836  6.2093844]], shape=(1, 18), dtype=float32)"
1687,[13 3 5 5 4 6 3 0 0 0 0 0 0 0 0 8 0 0 0 0 0 0 0 0 18],[ 1  0  1  1  0 12],10.0,[14 1 0 0 0 0 0 5 5 4 6 3 0 0 0 8 0 0 0 0 0 0 0 0 23],True,"tf.Tensor(
[[4.1452746 1.8773528 3.5643337 4.7086787 1.7993929 3.0421624 5.536919
  5.557411  4.6003075 4.1358356 5.1393285 4.1533785 4.9096885 1.497146
  6.9696674 5.733607  4.6147575 6.30459  ]], shape=(1, 18), dtype=float32)"
1688,[1 1 0 0 0 0 0 5 3 3 3 6 0 0 0 0 0 0 0 0 0 0 0 0 0],"tf.Tensor([ 2.403499   3.0002513  1.665601   1.6224835  3.5109582 11.       ], shape=(6,), dtype=float32)",0.5,[1 2 5 3 3 3 6 0 0 0 0 0 0 0 0 0 0 0 0 0 0 0 0 0 0],False,"tf.Tensor(
[[2.403499  3.0002513 1.665601  1.6224835 3.5109582 2.8983    3.1593301
  2.0587237 3.8239422 1.4883862 2.4937553 2.1979077 3.656995  3.3512633
  2.9650044 2.8118496 3.8903248 2.279385 ]], shape=(1, 18), dtype=float32)"
1689,[1 2 5 3 3 3 6 0 0 0 0 0 0 0 0 0 0 0 0 0 0 0 0 0 0],"tf.Tensor([2.8256588 3.0482078 1.8691306 2.543965  3.6302521 3.       ], shape=(6,), dtype=float32)",0.0,[1 3 5 3 3 3 6 0 0 0 0 0 0 0 0 0 0 0 0 0 0 0 0 0 0],False,"tf.Tensor(
[[2.8256588 3.0482078 1.8691306 2.543965  3.6302521 2.5557148 2.5191557
  2.3722923 3.8415873 2.09128   2.8423796 1.990881  3.689218  2.722831
  3.2824514 3.2460682 3.6921954 3.070492 ]], shape=(1, 18), dtype=float32)"
1690,[1 3 5 3 3 3 6 0 0 0 0 0 0 0 0 0 0 0 0 0 0 0 0 0 0],"tf.Tensor([2.894286  3.0271316 1.9249771 2.6330197 3.7035913 3.       ], shape=(6,), dtype=float32)",0.0,[2 1 0 0 0 0 0 5 3 3 3 6 0 0 0 0 0 0 0 0 0 0 0 0 0],False,"tf.Tensor(
[[2.894286  3.0271316 1.9249771 2.6330197 3.7035913 2.6250544 2.5976186
  2.3925312 3.8802252 2.1099014 2.9395986 1.9723862 3.848532  2.7359517
  3.3950868 3.377481  3.7335045 3.2043986]], shape=(1, 18), dtype=float32)"
1691,[2 1 0 0 0 0 0 5 3 3 3 6 0 0 0 0 0 0 0 0 0 0 0 0 0],"tf.Tensor([ 2.5006576  2.9295259  1.6741306  1.6496829  3.5274508 11.       ], shape=(6,), dtype=float32)",0.5,[2 2 6 1 2 6 6 0 0 0 0 0 0 0 0 0 0 0 0 0 0 0 0 0 0],False,"tf.Tensor(
[[2.5006576 2.9295259 1.6741306 1.6496829 3.5274508 3.0278974 3.3849244
  2.1482775 3.9090276 1.478008  2.5231013 2.2661033 3.7115388 3.472234
  2.9971488 2.904345  4.0015235 2.3122916]], shape=(1, 18), dtype=float32)"
1692,[2 2 6 1 2 6 6 0 0 0 0 0 0 0 0 0 0 0 0 0 0 0 0 0 0],"tf.Tensor([2.679819  3.01895   1.849955  2.5579476 3.8383646 3.       ], shape=(6,), dtype=float32)",0.0,[2 3 6 1 2 6 6 0 0 0 0 0 0 0 0 0 0 0 0 0 0 0 0 0 0],False,"tf.Tensor(
[[2.679819  3.01895   1.849955  2.5579476 3.8383646 2.6632597 2.9337695
  2.2872052 3.9029567 1.9217145 2.9888527 2.2511704 3.7995205 2.9332783
  3.206626  3.378247  3.8123586 3.2333815]], shape=(1, 18), dtype=float32)"
1693,[2 3 6 1 2 6 6 0 0 0 0 0 0 0 0 0 0 0 0 0 0 0 0 0 0],[ 1  0  1  1  0 12],42.0,[3 1 0 0 0 0 0 6 1 2 6 6 0 0 0 0 0 0 0 0 0 0 0 0 21],False,"tf.Tensor(
[[2.7788517 2.9893336 1.9397753 2.6750803 3.921005  2.7580912 3.03905
  2.3549175 3.9833403 1.9420223 3.1046307 2.2989764 3.9350305 2.9390247
  3.3441415 3.5058792 3.9342473 3.3938184]], shape=(1, 18), dtype=float32)"
1694,[3 1 0 0 0 0 0 6 1 2 6 6 0 0 0 0 0 0 0 0 0 0 0 0 21],[0 1 1 0 0 4],0.2,[3 2 4 6 0 0 0 4 0 0 6 6 0 0 0 0 0 0 0 0 0 0 0 0 21],False,"tf.Tensor(
[[3.1879635 3.5920706 3.9767523 3.355377  3.9208775 3.5339153 4.8253922
  3.3836925 5.2364936 3.2602465 3.8683448 3.1048625 6.1263685 4.0078006
  5.404547  3.9707122 5.9964166 3.5114238]], shape=(1, 18), dtype=float32)"
1695,[3 2 4 6 0 0 0 4 0 0 6 6 0 0 0 0 0 0 0 0 0 0 0 0 21],"tf.Tensor([ 3.731162   4.3285804  4.597803   3.5490508  4.3666463 11.       ], shape=(6,), dtype=float32)",0.30000000000000004,[3 3 4 6 4 6 6 0 0 0 0 0 0 0 0 0 0 0 0 0 0 0 0 0 21],False,"tf.Tensor(
[[3.731162  4.3285804 4.597803  3.5490508 4.3666463 3.7685134 5.869193
  4.2479663 6.3934145 4.254487  4.782466  3.692809  6.5739083 4.9926014
  6.259365  4.691497  6.614261  3.7334669]], shape=(1, 18), dtype=float32)"
1696,[3 3 4 6 4 6 6 0 0 0 0 0 0 0 0 0 0 0 0 0 0 0 0 0 21],"tf.Tensor([3.78051   4.416655  4.1203938 4.159373  4.0704374 9.       ], shape=(6,), dtype=float32)",0.0,[4 1 0 0 0 0 0 3 4 6 3 5 0 0 0 0 0 0 0 0 0 0 0 0 21],False,"tf.Tensor(
[[3.78051   4.416655  4.1203938 4.159373  4.0704374 2.7089493 5.143911
  4.741587  6.0590687 4.9370995 5.1362343 3.806706  5.9397006 3.8672132
  6.594617  5.0107574 5.6154594 4.7369733]], shape=(1, 18), dtype=float32)"
1697,[4 1 0 0 0 0 0 3 4 6 3 5 0 0 0 0 0 0 0 0 0 0 0 0 21],"tf.Tensor([ 3.1232378  3.1003594  3.9912786  3.3794255  3.4645917 11.       ], shape=(6,), dtype=float32)",0.5,[4 2 6 1 5 6 3 0 0 0 0 0 0 0 0 0 0 0 0 0 0 0 0 0 21],False,"tf.Tensor(
[[3.1232378 3.1003594 3.9912786 3.3794255 3.4645917 3.0776165 5.399165
  3.4891465 5.3294315 3.4652772 4.198716  3.2389343 5.4564767 3.7747042
  5.0510044 4.3276043 5.4661636 3.4123323]], shape=(1, 18), dtype=float32)"
1698,[4 2 6 1 5 6 3 0 0 0 0 0 0 0 0 0 0 0 0 0 0 0 0 0 21],"tf.Tensor([2.845709  3.4121914 4.0823154 4.1813583 2.8452675 9.       ], shape=(6,), dtype=float32)",0.0,[4 3 6 1 5 6 3 0 0 0 0 0 0 0 0 0 0 0 0 0 0 0 0 0 21],False,"tf.Tensor(
[[2.845709  3.4121914 4.0823154 4.1813583 2.8452675 1.7879996 4.41549
  4.359151  4.829898  4.3555    4.822363  3.632461  4.853204  2.4590025
  6.2204003 4.346753  4.8313375 4.5121255]], shape=(1, 18), dtype=float32)"
1699,[4 3 6 1 5 6 3 0 0 0 0 0 0 0 0 0 0 0 0 0 0 0 0 0 21],"tf.Tensor([2.9041753 3.4528317 4.2040315 4.1840177 2.9362404 9.       ], shape=(6,), dtype=float32)",0.0,[5 1 0 0 0 0 0 6 1 5 6 3 0 0 0 0 0 0 0 0 0 0 0 0 21],False,"tf.Tensor(
[[2.9041753 3.4528317 4.2040315 4.1840177 2.9362404 1.8084217 4.507332
  4.4521956 4.9583273 4.470451  4.8843436 3.6863751 4.9867806 2.4246678
  6.356277  4.4093995 4.895948  4.607062 ]], shape=(1, 18), dtype=float32)"
1700,[5 1 0 0 0 0 0 6 1 5 6 3 0 0 0 0 0 0 0 0 0 0 0 0 21],"tf.Tensor([ 3.3525891  3.5409598  4.0730085  3.730283   3.6402705 11.       ], shape=(6,), dtype=float32)",0.5,[5 2 6 5 1 6 3 0 0 0 0 0 0 0 0 0 0 0 0 0 0 0 0 0 21],False,"tf.Tensor(
[[3.3525891 3.5409598 4.0730085 3.730283  3.6402705 3.3560276 4.946804
  3.7310827 5.2526536 3.4966874 4.135732  3.6093607 5.9241023 3.6201181
  5.6607203 4.0791216 6.3189864 3.7848613]], shape=(1, 18), dtype=float32)"
1701,[5 2 6 5 1 6 3 0 0 0 0 0 0 0 0 0 0 0 0 0 0 0 0 0 21],[1 1 0 0 1 3],0.0,[5 3 6 5 1 6 3 0 0 0 0 0 0 0 0 0 0 0 0 0 0 0 0 0 21],False,"tf.Tensor(
[[3.3145654 3.7084823 4.2392344 3.8567202 3.3293436 2.3460474 5.144656
  4.492018  5.719678  4.8390927 4.754961  3.5706437 5.3840847 3.1865828
  6.4645696 4.6396527 5.2444124 4.2438703]], shape=(1, 18), dtype=float32)"
1702,[5 3 6 5 1 6 3 0 0 0 0 0 0 0 0 0 0 0 0 0 0 0 0 0 21],"tf.Tensor([3.3810017 3.703559  4.408093  3.853388  3.3625636 9.       ], shape=(6,), dtype=float32)",0.0,[6 1 0 0 0 0 0 6 5 1 6 3 0 0 0 0 0 0 0 0 0 0 0 0 21],False,"tf.Tensor(
[[3.3810017 3.703559  4.408093  3.853388  3.3625636 2.3598258 5.306645
  4.616412  5.876178  4.9462767 4.8746777 3.6286914 5.4919777 3.190194
  6.5985146 4.676465  5.3188133 4.2838116]], shape=(1, 18), dtype=float32)"
1703,[6 1 0 0 0 0 0 6 5 1 6 3 0 0 0 0 0 0 0 0 0 0 0 0 21],"tf.Tensor([ 3.5730839  3.034752   3.7115965  3.4541786  3.3562317 11.       ], shape=(6,), dtype=float32)",0.5,[6 2 1 6 6 3 3 0 0 0 0 0 0 0 0 0 0 0 0 0 0 0 0 0 21],False,"tf.Tensor(
[[3.5730839 3.034752  3.7115965 3.4541786 3.3562317 3.146581  5.0429015
  4.0320272 5.0453277 3.2873807 4.1154037 3.4468608 5.3621473 3.3446627
  5.162719  4.240012  5.553323  3.8570695]], shape=(1, 18), dtype=float32)"
1704,[6 2 1 6 6 3 3 0 0 0 0 0 0 0 0 0 0 0 0 0 0 0 0 0 21],"tf.Tensor([3.418268  3.59344   3.5421133 3.7877655 2.6644342 9.       ], shape=(6,), dtype=float32)",0.0,[6 3 1 6 6 3 3 0 0 0 0 0 0 0 0 0 0 0 0 0 0 0 0 0 21],False,"tf.Tensor(
[[3.418268  3.59344   3.5421133 3.7877655 2.6644342 2.4093826 4.7703185
  4.747488  5.4433246 4.619332  5.029938  3.7272394 4.4001102 2.9327278
  6.046442  5.0369596 4.071509  4.7869434]], shape=(1, 18), dtype=float32)"
1705,[6 3 1 6 6 3 3 0 0 0 0 0 0 0 0 0 0 0 0 0 0 0 0 0 21],"tf.Tensor([3.4437966 3.566812  3.6533098 3.8240216 2.7523513 9.       ], shape=(6,), dtype=float32)",0.0,[7 1 0 0 0 0 0 1 6 6 3 3 0 0 0 0 0 0 0 0 0 0 0 0 21],False,"tf.Tensor(
[[3.4437966 3.566812  3.6533098 3.8240216 2.7523513 2.369462  4.9320745
  4.8242054 5.4826584 4.672118  5.1467996 3.7415266 4.594967  2.9710877
  6.158637  5.0912375 4.1300216 4.834383 ]], shape=(1, 18), dtype=float32)"
1706,[7 1 0 0 0 0 0 1 6 6 3 3 0 0 0 0 0 0 0 0 0 0 0 0 21],"tf.Tensor([3.452048  3.005375  3.901644  3.5880728 2.8184416 7.       ], shape=(6,), dtype=float32)",0.5,[7 2 3 6 4 2 6 0 0 0 0 0 0 0 0 0 0 0 0 0 0 0 0 0 21],False,"tf.Tensor(
[[3.452048  3.005375  3.901644  3.5880728 2.8184416 2.4391408 4.899807
  3.9512527 4.6248674 3.4865143 4.484241  3.601242  5.004433  3.5196795
  4.871834  4.840079  4.8666744 3.6868045]], shape=(1, 18), dtype=float32)"
1707,[7 2 3 6 4 2 6 0 0 0 0 0 0 0 0 0 0 0 0 0 0 0 0 0 21],"tf.Tensor([3.7571363 3.8149424 3.709167  3.827221  3.314631  9.       ], shape=(6,), dtype=float32)",0.0,[7 3 3 6 4 2 6 0 0 0 0 0 0 0 0 0 0 0 0 0 0 0 0 0 21],False,"tf.Tensor(
[[3.7571363 3.8149424 3.709167  3.827221  3.314631  2.8441637 5.6593256
  4.7251134 5.9399147 4.5069685 5.1313543 3.7024193 5.1821165 3.8730135
  6.1288824 5.221293  4.9369993 4.5639114]], shape=(1, 18), dtype=float32)"
1708,[7 3 3 6 4 2 6 0 0 0 0 0 0 0 0 0 0 0 0 0 0 0 0 0 21],"tf.Tensor([3.7856827 3.7587423 3.836541  3.8145807 3.3849149 9.       ], shape=(6,), dtype=float32)",0.0,[8 1 0 0 0 0 0 3 6 4 2 6 0 0 0 0 0 0 0 0 0 0 0 0 21],False,"tf.Tensor(
[[3.7856827 3.7587423 3.836541  3.8145807 3.3849149 2.8202999 5.766337
  4.805389  6.0190763 4.6056294 5.2179117 3.7519817 5.3164415 3.8445835
  6.237395  5.247563  4.964067  4.624832 ]], shape=(1, 18), dtype=float32)"
1709,[8 1 0 0 0 0 0 3 6 4 2 6 0 0 0 0 0 0 0 0 0 0 0 0 21],"tf.Tensor([3.2883174 2.9627814 4.0021033 3.385969  3.3506012 1.       ], shape=(6,), dtype=float32)",0.5,[8 2 5 3 6 6 3 0 0 0 0 0 0 0 0 0 0 0 0 0 0 0 0 0 21],False,"tf.Tensor(
[[3.2883174 2.9627814 4.0021033 3.385969  3.3506012 2.9077728 5.7476077
  3.9312413 5.4079804 3.5939429 4.491266  3.5416036 5.3936315 3.5863326
  5.1996903 4.6238303 5.2707047 3.7116852]], shape=(1, 18), dtype=float32)"
1710,[8 2 5 3 6 6 3 0 0 0 0 0 0 0 0 0 0 0 0 0 0 0 0 0 21],[ 1  1  1  1  0 11],0.0,[8 3 5 3 6 6 3 0 0 0 0 0 0 0 0 0 0 0 0 0 0 0 0 0 21],False,"tf.Tensor(
[[3.3757014 3.3291216 3.9201646 4.2995024 2.9753633 2.2955449 5.3010573
  5.002287  5.3423824 4.7575264 5.3676934 4.1223183 5.166986  2.6947558
  6.7738085 5.2919383 4.680936  5.281636 ]], shape=(1, 18), dtype=float32)"
1711,[8 3 5 3 6 6 3 0 0 0 0 0 0 0 0 0 0 0 0 0 0 0 0 0 21],"tf.Tensor([3.450881  3.3383026 4.0624886 4.2996416 3.0491996 9.       ], shape=(6,), dtype=float32)",0.0,[9 1 0 0 0 0 0 5 3 6 6 3 0 0 0 0 0 0 0 0 0 0 0 0 21],False,"tf.Tensor(
[[3.450881  3.3383026 4.0624886 4.2996416 3.0491996 2.3488398 5.451646
  5.096229  5.4988556 4.860769  5.4401097 4.1887465 5.3151145 2.6783853
  6.9091153 5.3755784 4.770216  5.352046 ]], shape=(1, 18), dtype=float32)"
1712,[9 1 0 0 0 0 0 5 3 6 6 3 0 0 0 0 0 0 0 0 0 0 0 0 21],"tf.Tensor([ 3.7475064  3.2862072  4.189992   4.1452928  3.4215145 11.       ], shape=(6,), dtype=float32)",0.5,[9 2 6 3 5 2 2 0 0 0 0 0 0 0 0 0 0 0 0 0 0 0 0 0 21],False,"tf.Tensor(
[[3.7475064 3.2862072 4.189992  4.1452928 3.4215145 3.3812177 5.597236
  4.2013144 5.3635073 3.4976997 4.65266   3.9590762 6.042695  3.5814452
  5.746526  4.8038607 6.2894106 4.263044 ]], shape=(1, 18), dtype=float32)"
1713,[9 2 6 3 5 2 2 0 0 0 0 0 0 0 0 0 0 0 0 0 0 0 0 0 21],"tf.Tensor([3.1017964 3.0519795 3.9030051 3.8474724 2.7796001 9.       ], shape=(6,), dtype=float32)",0.0,[9 3 6 3 5 2 2 0 0 0 0 0 0 0 0 0 0 0 0 0 0 0 0 0 21],False,"tf.Tensor(
[[3.1017964 3.0519795 3.9030051 3.8474724 2.7796001 2.153917  5.4175534
  4.6114225 5.3496146 4.752649  4.87467   3.789899  4.9643974 2.4869814
  6.5360317 5.264969  4.3166494 4.861094 ]], shape=(1, 18), dtype=float32)"
1714,[9 3 6 3 5 2 2 0 0 0 0 0 0 0 0 0 0 0 0 0 0 0 0 0 21],[1 0 0 1 1 0],0.0,[10 1 0 0 0 0 0 6 3 5 2 2 0 0 0 0 0 0 0 0 0 0 0 0 21],False,"tf.Tensor(
[[3.1520875 3.0527854 4.017569  3.8751109 2.855097  2.189491  5.5380144
  4.7135496 5.479851  4.867371  4.963281  3.808627  5.0739903 2.4639628
  6.6753025 5.3235006 4.362434  4.9611077]], shape=(1, 18), dtype=float32)"
1715,[10 1 0 0 0 0 0 6 3 5 2 2 0 0 0 0 0 0 0 0 0 0 0 0 21],"tf.Tensor([3.4975107 2.6836681 4.020211  3.8697162 2.559292  9.       ], shape=(6,), dtype=float32)",0.5,[10 2 4 6 4 6 5 0 0 0 0 0 0 0 0 0 0 0 0 0 0 0 0 0 21],False,"tf.Tensor(
[[3.4975107 2.6836681 4.020211  3.8697162 2.559292  2.7516243 5.2648797
  4.3282623 4.7929974 3.5248523 4.3773685 3.7869537 5.2538624 2.66425
  5.611698  4.4130135 5.6010475 4.102683 ]], shape=(1, 18), dtype=float32)"
1716,[10 2 4 6 4 6 5 0 0 0 0 0 0 0 0 0 0 0 0 0 0 0 0 0 21],"tf.Tensor([4.0913577 3.627925  3.9856584 4.2700233 3.4957254 9.       ], shape=(6,), dtype=float32)",0.0,[10 3 4 6 4 6 5 0 0 0 0 0 0 0 0 0 0 0 0 0 0 0 0 0 21],False,"tf.Tensor(
[[4.0913577 3.627925  3.9856584 4.2700233 3.4957254 3.0635831 6.2415023
  5.360852  6.2277813 4.835956  5.6959276 4.272269  5.6806607 3.6206465
  6.9185843 5.788109  5.2120976 5.464486 ]], shape=(1, 18), dtype=float32)"
1717,[10 3 4 6 4 6 5 0 0 0 0 0 0 0 0 0 0 0 0 0 0 0 0 0 21],[ 0  0  0  1  1 11],0.0,[11 1 0 0 0 0 0 4 6 4 6 5 0 0 0 0 0 0 0 0 0 0 0 0 21],False,"tf.Tensor(
[[4.1538653 3.6378055 4.13419   4.2730556 3.57726   3.1062725 6.375574
  5.44908   6.3851595 4.9316382 5.7746816 4.325784  5.812997  3.5936036
  7.049532  5.854125  5.2868695 5.5533857]], shape=(1, 18), dtype=float32)"
1718,[11 1 0 0 0 0 0 4 6 4 6 5 0 0 0 0 0 0 0 0 0 0 0 0 21],"tf.Tensor([3.9861736 3.4401917 4.1582723 4.021408  3.70147   1.       ], shape=(6,), dtype=float32)",0.5,[11 2 1 4 6 6 2 0 0 0 0 0 0 0 0 0 0 0 0 0 0 0 0 0 21],False,"tf.Tensor(
[[3.9861736 3.4401917 4.1582723 4.021408  3.70147   3.5507247 6.279502
  4.590776  5.7613516 3.5526571 5.030594  4.2459025 6.1936374 4.13276
  5.7984443 5.338464  6.2102385 4.4078765]], shape=(1, 18), dtype=float32)"
1719,[11 2 1 4 6 6 2 0 0 0 0 0 0 0 0 0 0 0 0 0 0 0 0 0 21],[1 1 1 0 1 4],0.0,[11 3 1 4 6 6 2 0 0 0 0 0 0 0 0 0 0 0 0 0 0 0 0 0 21],False,"tf.Tensor(
[[3.437458  2.668159  3.4288766 3.950341  2.0053585 2.46918   5.3531713
  5.1863265 5.1403446 4.400338  5.5293074 4.233088  4.1084995 2.3781571
  6.2728558 5.394341  3.675706  5.3507032]], shape=(1, 18), dtype=float32)"
1720,[11 3 1 4 6 6 2 0 0 0 0 0 0 0 0 0 0 0 0 0 0 0 0 0 21],"tf.Tensor([3.4994557 2.643313  3.5744898 3.9643395 2.082936  9.       ], shape=(6,), dtype=float32)",0.0,[12 1 0 0 0 0 0 1 4 6 6 2 0 0 0 0 0 0 0 0 0 0 0 0 21],False,"tf.Tensor(
[[3.4994557 2.643313  3.5744898 3.9643395 2.082936  2.5119252 5.4887643
  5.2534356 5.273568  4.4697785 5.6129913 4.279575  4.2633953 2.3624709
  6.389894  5.460237  3.7545083 5.4277406]], shape=(1, 18), dtype=float32)"
1721,[12 1 0 0 0 0 0 1 4 6 6 2 0 0 0 0 0 0 0 0 0 0 0 0 21],"tf.Tensor([3.8522065 3.2260947 4.2141037 4.4365034 2.5379376 9.       ], shape=(6,), dtype=float32)",0.5,[12 2 6 1 1 6 2 0 0 0 0 0 0 0 0 0 0 0 0 0 0 0 0 0 21],False,"tf.Tensor(
[[3.8522065 3.2260947 4.2141037 4.4365034 2.5379376 2.434449  5.0506434
  4.7628765 4.6475105 3.5339537 5.218393  4.4348893 5.338911  3.1289792
  5.5452724 5.34604   5.449929  4.3805943]], shape=(1, 18), dtype=float32)"
1722,[12 2 6 1 1 6 2 0 0 0 0 0 0 0 0 0 0 0 0 0 0 0 0 0 21],"tf.Tensor([2.9200935 2.5213242 3.9178724 3.6986182 2.357872  9.       ], shape=(6,), dtype=float32)",0.0,[12 3 6 1 1 6 2 0 0 0 0 0 0 0 0 0 0 0 0 0 0 0 0 0 21],False,"tf.Tensor(
[[2.9200935 2.5213242 3.9178724 3.6986182 2.357872  2.1291423 5.3291264
  4.475611  5.0648813 4.2580376 4.6268096 3.8005102 4.7085586 1.7595377
  6.325958  4.896856  4.2184443 4.849156 ]], shape=(1, 18), dtype=float32)"
1723,[12 3 6 1 1 6 2 0 0 0 0 0 0 0 0 0 0 0 0 0 0 0 0 0 21],"tf.Tensor([2.975261  2.5305681 4.058991  3.7075503 2.4169407 9.       ], shape=(6,), dtype=float32)",0.0,[13 1 0 0 0 0 0 6 1 1 6 2 0 0 0 0 0 0 0 0 0 0 0 0 21],False,"tf.Tensor(
[[2.975261  2.5305681 4.058991  3.7075503 2.4169407 2.1677008 5.452085
  4.561018  5.203966  4.354867  4.7040443 3.831389  4.8382254 1.736828
  6.452551  4.9523787 4.2757683 4.914248 ]], shape=(1, 18), dtype=float32)"
1724,[13 1 0 0 0 0 0 6 1 1 6 2 0 0 0 0 0 0 0 0 0 0 0 0 21],"tf.Tensor([4.1142907 2.4647532 4.3616724 4.1118083 1.958858  9.       ], shape=(6,), dtype=float32)",0.5,[13 2 4 6 2 2 6 0 0 0 0 0 0 0 0 0 0 0 0 0 0 0 0 0 21],False,"tf.Tensor(
[[4.1142907 2.4647532 4.3616724 4.1118083 1.958858  3.117261  5.426399
  5.1301575 5.415563  3.4106898 5.1929693 4.7056723 4.7215743 2.30425
  5.890866  4.639951  5.7932315 4.400799 ]], shape=(1, 18), dtype=float32)"
1725,[13 2 4 6 2 2 6 0 0 0 0 0 0 0 0 0 0 0 0 0 0 0 0 0 21],"tf.Tensor([4.157178  3.3509336 3.6973453 3.7272248 3.4178512 1.       ], shape=(6,), dtype=float32)",0.0,[13 3 4 6 2 2 6 0 0 0 0 0 0 0 0 0 0 0 0 0 0 0 0 0 21],False,"tf.Tensor(
[[4.157178  3.3509336 3.6973453 3.7272248 3.4178512 3.3790982 6.401882
  4.8777723 6.396618  4.5246415 5.277744  3.9331357 5.483628  3.856292
  6.3924584 5.8619843 4.8002725 5.2528114]], shape=(1, 18), dtype=float32)"
1726,[13 3 4 6 2 2 6 0 0 0 0 0 0 0 0 0 0 0 0 0 0 0 0 0 21],"tf.Tensor([4.1803665 3.3371139 3.8221002 3.7645235 3.4877815 3.       ], shape=(6,), dtype=float32)",8.0,[14 1 0 0 0 0 0 4 6 2 2 6 0 0 0 4 0 0 0 0 0 0 0 0 21],True,"tf.Tensor(
[[4.1803665 3.3371139 3.8221002 3.7645235 3.4877815 3.4371984 6.56992
  4.990179  6.573551  4.6166883 5.356803  3.972362  5.5825815 3.7762442
  6.532501  5.8835    4.90303   5.3260756]], shape=(1, 18), dtype=float32)"
1727,[1 1 0 0 0 0 0 2 2 2 5 2 0 0 0 0 0 0 0 0 0 0 0 0 0],"tf.Tensor([ 1.8582494  2.1807232  1.34564    1.369044   2.4951441 11.       ], shape=(6,), dtype=float32)",0.5,[1 2 2 2 2 5 2 0 0 0 0 0 0 0 0 0 0 0 0 0 0 0 0 0 0],False,"tf.Tensor(
[[1.8582494 2.1807232 1.34564   1.369044  2.4951441 2.165914  2.2988245
  1.3421588 2.7216723 1.0547774 1.815666  1.6381547 2.7618306 2.5231144
  2.1397903 2.2572582 2.9330957 1.7546121]], shape=(1, 18), dtype=float32)"
1728,[1 2 2 2 2 5 2 0 0 0 0 0 0 0 0 0 0 0 0 0 0 0 0 0 0],"tf.Tensor([ 2.1124468  1.8712269  1.4120253  1.9469355  2.1530232 10.       ], shape=(6,), dtype=float32)",0.0,[1 3 2 2 2 5 2 0 0 0 0 0 0 0 0 0 0 0 0 0 0 0 0 0 0],False,"tf.Tensor(
[[2.1124468 1.8712269 1.4120253 1.9469355 2.1530232 1.6654618 1.928715
  2.0643065 2.488632  1.3263118 2.1413243 1.6473782 2.426407  1.4659873
  2.2897012 2.540962  2.4401023 2.383115 ]], shape=(1, 18), dtype=float32)"
1729,[1 3 2 2 2 5 2 0 0 0 0 0 0 0 0 0 0 0 0 0 0 0 0 0 0],"tf.Tensor([2.2043157 1.9078479 1.4921646 1.9776261 2.26669   3.       ], shape=(6,), dtype=float32)",0.0,[2 1 0 0 0 0 0 2 2 2 5 2 0 0 0 0 0 0 0 0 0 0 0 0 0],False,"tf.Tensor(
[[2.2043157 1.9078479 1.4921646 1.9776261 2.26669   1.7532357 2.0270288
  2.1139853 2.6327374 1.3789277 2.2199316 1.6482228 2.5444083 1.5257719
  2.386912  2.6232717 2.5237021 2.4537435]], shape=(1, 18), dtype=float32)"
1730,[2 1 0 0 0 0 0 2 2 2 5 2 0 0 0 0 0 0 0 0 0 0 0 0 0],"tf.Tensor([ 2.0120606  2.2086885  1.3922515  1.3623593  2.4773753 11.       ], shape=(6,), dtype=float32)",0.5,[2 2 1 1 2 5 2 0 0 0 0 0 0 0 0 0 0 0 0 0 0 0 0 0 0],False,"tf.Tensor(
[[2.0120606 2.2086885 1.3922515 1.3623593 2.4773753 2.2330055 2.446118
  1.4398094 2.8222594 1.0903516 1.8329072 1.6874306 2.8260553 2.71281
  2.1636043 2.3595717 2.9903233 1.7735953]], shape=(1, 18), dtype=float32)"
1731,[2 2 1 1 2 5 2 0 0 0 0 0 0 0 0 0 0 0 0 0 0 0 0 0 0],"tf.Tensor([ 1.8907702  1.6134739  1.2723882  1.846423   1.7665086 10.       ], shape=(6,), dtype=float32)",0.0,[2 3 1 1 2 5 2 0 0 0 0 0 0 0 0 0 0 0 0 0 0 0 0 0 0],False,"tf.Tensor(
[[1.8907702 1.6134739 1.2723882 1.846423  1.7665086 1.3375522 1.632997
  1.9559777 1.9911901 1.1923776 2.0332298 1.464851  2.1699214 1.2314557
  2.0031521 2.3570626 1.9827325 2.2328427]], shape=(1, 18), dtype=float32)"
1732,[2 3 1 1 2 5 2 0 0 0 0 0 0 0 0 0 0 0 0 0 0 0 0 0 0],"tf.Tensor([ 1.9682952  1.6366624  1.3436098  1.8919221  1.8652458 10.       ], shape=(6,), dtype=float32)",0.0,[3 1 0 0 0 0 0 1 1 2 5 2 0 0 0 0 0 0 0 0 0 0 0 0 0],False,"tf.Tensor(
[[1.9682952 1.6366624 1.3436098 1.8919221 1.8652458 1.4109945 1.7168363
  2.0004356 2.0946305 1.2361559 2.115148  1.4720862 2.2826817 1.2755418
  2.0943947 2.4494557 2.0552864 2.3110268]], shape=(1, 18), dtype=float32)"
1733,[3 1 0 0 0 0 0 1 1 2 5 2 0 0 0 0 0 0 0 0 0 0 0 0 0],"tf.Tensor([ 2.0299249  2.016418   1.3291247  1.265931   2.1693401 11.       ], shape=(6,), dtype=float32)",0.5,[3 2 3 4 2 1 4 0 0 0 0 0 0 0 0 0 0 0 0 0 0 0 0 0 0],False,"tf.Tensor(
[[2.0299249 2.016418  1.3291247 1.265931  2.1693401 2.0843809 2.4044166
  1.389043  2.6632698 1.0022064 1.6506977 1.6198592 2.568861  2.699514
  1.9598619 2.2245042 2.8725827 1.5762516]], shape=(1, 18), dtype=float32)"
1734,[3 2 3 4 2 1 4 0 0 0 0 0 0 0 0 0 0 0 0 0 0 0 0 0 0],"tf.Tensor([2.4108915 2.237426  1.7040645 2.2155905 2.552377  7.       ], shape=(6,), dtype=float32)",0.0,[3 3 3 4 2 1 4 0 0 0 0 0 0 0 0 0 0 0 0 0 0 0 0 0 0],False,"tf.Tensor(
[[2.4108915 2.237426  1.7040645 2.2155905 2.552377  1.91629   2.0353901
  2.1975923 2.938857  1.8768321 2.3746908 1.3839104 3.0039148 1.8789438
  2.8448145 2.7559364 2.7016516 2.7169688]], shape=(1, 18), dtype=float32)"
1735,[3 3 3 4 2 1 4 0 0 0 0 0 0 0 0 0 0 0 0 0 0 0 0 0 0],"tf.Tensor([2.4515328 2.2577918 1.8034811 2.2351897 2.6410484 7.       ], shape=(6,), dtype=float32)",0.0,[4 1 0 0 0 0 0 3 4 2 1 4 0 0 0 0 0 0 0 0 0 0 0 0 0],False,"tf.Tensor(
[[2.4515328 2.2577918 1.8034811 2.2351897 2.6410484 1.9833127 2.2060556
  2.2365615 3.0809515 1.949987  2.4501352 1.3828555 3.1377437 1.9262257
  2.9625232 2.8519008 2.758739  2.7948418]], shape=(1, 18), dtype=float32)"
1736,[4 1 0 0 0 0 0 3 4 2 1 4 0 0 0 0 0 0 0 0 0 0 0 0 0],"tf.Tensor([ 2.2790709  2.1601653  1.180152   1.738995   2.6309166 11.       ], shape=(6,), dtype=float32)",0.5,[4 2 2 2 3 5 5 0 0 0 0 0 0 0 0 0 0 0 0 0 0 0 0 0 0],False,"tf.Tensor(
[[2.2790709 2.1601653 1.180152  1.738995  2.6309166 2.3386452 2.6808462
  2.123121  2.7551577 1.306058  2.2856758 1.7946146 2.964097  2.7992208
  2.4351332 2.6199331 2.9805083 2.2816057]], shape=(1, 18), dtype=float32)"
1737,[4 2 2 2 3 5 5 0 0 0 0 0 0 0 0 0 0 0 0 0 0 0 0 0 0],"tf.Tensor([ 2.7621772  2.4669352  1.8057771  2.7757468  2.5467021 10.       ], shape=(6,), dtype=float32)",0.0,[4 3 2 2 3 5 5 0 0 0 0 0 0 0 0 0 0 0 0 0 0 0 0 0 0],False,"tf.Tensor(
[[2.7621772 2.4669352 1.8057771 2.7757468 2.5467021 1.9066997 2.0011039
  2.6793375 2.800265  1.771462  2.9081826 1.8679488 3.273129  1.8447171
  3.0032322 3.2781062 2.9085295 3.2115755]], shape=(1, 18), dtype=float32)"
1738,[4 3 2 2 3 5 5 0 0 0 0 0 0 0 0 0 0 0 0 0 0 0 0 0 0],"tf.Tensor([2.7869885 2.4830816 1.879447  2.7895956 2.6283891 7.       ], shape=(6,), dtype=float32)",0.0,[5 1 0 0 0 0 0 2 2 3 5 5 0 0 0 0 0 0 0 0 0 0 0 0 0],False,"tf.Tensor(
[[2.7869885 2.4830816 1.879447  2.7895956 2.6283891 1.9645699 2.1525364
  2.7127087 2.912176  1.8548095 2.9607108 1.8934206 3.3964326 1.9031289
  3.114294  3.3400667 2.9827156 3.278452 ]], shape=(1, 18), dtype=float32)"
1739,[5 1 0 0 0 0 0 2 2 3 5 5 0 0 0 0 0 0 0 0 0 0 0 0 0],"tf.Tensor([ 2.738131   2.6943214  1.7686172  1.6959116  3.0768056 11.       ], shape=(6,), dtype=float32)",0.5,[5 2 5 6 4 5 4 0 0 0 0 0 0 0 0 0 0 0 0 0 0 0 0 0 0],False,"tf.Tensor(
[[2.738131  2.6943214 1.7686172 1.6959116 3.0768056 2.9206884 3.411236
  2.0823298 3.6940134 1.3852668 2.4391634 2.3018222 3.6679175 3.602808
  2.7248943 3.1276402 3.8480184 2.2846549]], shape=(1, 18), dtype=float32)"
1740,[5 2 5 6 4 5 4 0 0 0 0 0 0 0 0 0 0 0 0 0 0 0 0 0 0],"tf.Tensor([ 3.803105   3.3372896  2.6449797  3.6320243  3.6509204 10.       ], shape=(6,), dtype=float32)",0.0,[5 3 5 6 4 5 4 0 0 0 0 0 0 0 0 0 0 0 0 0 0 0 0 0 0],False,"tf.Tensor(
[[3.803105  3.3372896 2.6449797 3.6320243 3.6509204 2.8119817 3.3777654
  3.8318026 4.3868017 2.7303216 3.8499324 2.8713927 4.512721  2.5327744
  4.511418  4.541098  4.449215  4.3854103]], shape=(1, 18), dtype=float32)"
1741,[5 3 5 6 4 5 4 0 0 0 0 0 0 0 0 0 0 0 0 0 0 0 0 0 0],"tf.Tensor([3.8529067 3.3683448 2.7524686 3.6500154 3.7436898 7.       ], shape=(6,), dtype=float32)",0.0,[6 1 0 0 0 0 0 5 6 4 5 4 0 0 0 0 0 0 0 0 0 0 0 0 0],False,"tf.Tensor(
[[3.8529067 3.3683448 2.7524686 3.6500154 3.7436898 2.8669684 3.5362167
  3.8858118 4.536202  2.809364  3.9390726 2.8817976 4.6524343 2.5933921
  4.6196003 4.625142  4.502845  4.456979 ]], shape=(1, 18), dtype=float32)"
1742,[6 1 0 0 0 0 0 5 6 4 5 4 0 0 0 0 0 0 0 0 0 0 0 0 0],"tf.Tensor([ 3.344232   3.154933   1.728841   2.5938199  4.083784  11.       ], shape=(6,), dtype=float32)",0.5,[6 2 4 6 2 2 3 0 0 0 0 0 0 0 0 0 0 0 0 0 0 0 0 0 0],False,"tf.Tensor(
[[3.344232  3.154933  1.728841  2.5938199 4.083784  3.8739073 4.7199416
  2.9189956 4.396904  1.7204719 3.3877068 2.855615  4.7859235 4.623704
  3.6793425 4.145157  4.8526087 3.3559556]], shape=(1, 18), dtype=float32)"
1743,[6 2 4 6 2 2 3 0 0 0 0 0 0 0 0 0 0 0 0 0 0 0 0 0 0],"tf.Tensor([3.0003917 2.535511  2.0742524 2.7182474 3.055024  7.       ], shape=(6,), dtype=float32)",0.0,[6 3 4 6 2 2 3 0 0 0 0 0 0 0 0 0 0 0 0 0 0 0 0 0 0],False,"tf.Tensor(
[[3.0003917 2.535511  2.0742524 2.7182474 3.055024  2.362068  2.947576
  2.919035  3.5828726 2.219881  2.9588833 1.9683455 3.7478747 2.17814
  3.499528  3.6649318 3.293719  3.5592036]], shape=(1, 18), dtype=float32)"
1744,[6 3 4 6 2 2 3 0 0 0 0 0 0 0 0 0 0 0 0 0 0 0 0 0 0],"tf.Tensor([3.0280392 2.566075  2.2073882 2.7431226 3.158117  7.       ], shape=(6,), dtype=float32)",0.0,[7 1 0 0 0 0 0 4 6 2 2 3 0 0 0 0 0 0 0 0 0 0 0 0 0],False,"tf.Tensor(
[[3.0280392 2.566075  2.2073882 2.7431226 3.158117  2.4326067 3.1614735
  2.9738476 3.7663002 2.3066962 3.0358083 2.0191596 3.8767064 2.2126215
  3.6354423 3.7738924 3.3940182 3.6288836]], shape=(1, 18), dtype=float32)"
1745,[7 1 0 0 0 0 0 4 6 2 2 3 0 0 0 0 0 0 0 0 0 0 0 0 0],"tf.Tensor([ 2.9417443  2.3175282  1.343008   2.6490893  3.1413803 11.       ], shape=(6,), dtype=float32)",0.5,[7 2 6 2 2 5 5 0 0 0 0 0 0 0 0 0 0 0 0 0 0 0 0 0 0],False,"tf.Tensor(
[[2.9417443 2.3175282 1.343008  2.6490893 3.1413803 3.0110106 3.8011026
  2.8391168 3.2704434 1.4726833 3.1232662 2.3456845 3.7685733 3.5773444
  3.128945  3.4277306 3.8831503 3.1027613]], shape=(1, 18), dtype=float32)"
1746,[7 2 6 2 2 5 5 0 0 0 0 0 0 0 0 0 0 0 0 0 0 0 0 0 0],"tf.Tensor([3.0389533 2.7621903 2.1230597 3.0989282 3.6441667 7.       ], shape=(6,), dtype=float32)",0.0,[7 3 6 2 2 5 5 0 0 0 0 0 0 0 0 0 0 0 0 0 0 0 0 0 0],False,"tf.Tensor(
[[3.0389533 2.7621903 2.1230597 3.0989282 3.6441667 2.698472  3.41678
  3.004089  3.739178  2.4033575 3.3606443 2.711408  4.3989367 2.7624297
  3.9525027 3.8675568 4.184475  3.8754747]], shape=(1, 18), dtype=float32)"
1747,[7 3 6 2 2 5 5 0 0 0 0 0 0 0 0 0 0 0 0 0 0 0 0 0 0],"tf.Tensor([3.0775926 2.7874477 2.2415826 3.1166396 3.7467318 7.       ], shape=(6,), dtype=float32)",0.0,[8 1 0 0 0 0 0 6 2 2 5 5 0 0 0 0 0 0 0 0 0 0 0 0 0],False,"tf.Tensor(
[[3.0775926 2.7874477 2.2415826 3.1166396 3.7467318 2.7732446 3.6010046
  3.0438473 3.9108245 2.4754882 3.4236271 2.7441788 4.5357285 2.7830346
  4.079706  3.9727814 4.2709436 3.9559805]], shape=(1, 18), dtype=float32)"
1748,[8 1 0 0 0 0 0 6 2 2 5 5 0 0 0 0 0 0 0 0 0 0 0 0 0],"tf.Tensor([ 3.3476422  2.97701    1.8118898  2.260863   3.7413228 11.       ], shape=(6,), dtype=float32)",0.5,[8 2 5 6 1 3 6 0 0 0 0 0 0 0 0 0 0 0 0 0 0 0 0 0 0],False,"tf.Tensor(
[[3.3476422 2.97701   1.8118898 2.260863  3.7413228 4.065518  4.7598763
  2.9589076 4.648734  1.4181157 2.9541132 2.7261205 4.3543696 4.3794026
  3.6658733 3.595774  5.100111  2.8197715]], shape=(1, 18), dtype=float32)"
1749,[8 2 5 6 1 3 6 0 0 0 0 0 0 0 0 0 0 0 0 0 0 0 0 0 0],"tf.Tensor([3.2928522 2.9895608 2.1452672 3.0426388 3.6403866 7.       ], shape=(6,), dtype=float32)",0.0,[8 3 5 6 1 3 6 0 0 0 0 0 0 0 0 0 0 0 0 0 0 0 0 0 0],False,"tf.Tensor(
[[3.2928522 2.9895608 2.1452672 3.0426388 3.6403866 2.7351332 3.200087
  3.0620117 3.9294486 2.4743009 3.2572281 2.2821515 4.4800253 2.793653
  3.8830843 3.8867202 3.8985248 3.9879465]], shape=(1, 18), dtype=float32)"
1750,[8 3 5 6 1 3 6 0 0 0 0 0 0 0 0 0 0 0 0 0 0 0 0 0 0],[1 1 1 0 0 8],0.0,[9 1 0 0 0 0 0 5 6 1 3 6 0 0 0 0 0 0 0 0 0 0 0 0 0],False,"tf.Tensor(
[[3.328234  3.0313752 2.2900667 3.0756097 3.749698  2.8017337 3.3980546
  3.1220398 4.118562  2.575233  3.3427362 2.3185236 4.6138763 2.8341465
  4.023124  3.9989738 3.9931073 4.0583925]], shape=(1, 18), dtype=float32)"
1751,[9 1 0 0 0 0 0 5 6 1 3 6 0 0 0 0 0 0 0 0 0 0 0 0 0],[0 0 1 0 1 0],0.2,[9 2 6 2 0 0 0 5 1 0 6 0 0 0 0 0 0 0 0 0 0 0 0 0 0],False,"tf.Tensor(
[[3.5026064 3.0206816 1.7240635 2.7537034 3.9017193 3.7322724 4.6603065
  3.4336288 4.3077006 1.8049369 3.5503237 2.7233999 4.50111   4.3184395
  3.9325004 4.1027055 4.661837  3.521262 ]], shape=(1, 18), dtype=float32)"
1752,[9 2 6 2 0 0 0 5 1 0 6 0 0 0 0 0 0 0 0 0 0 0 0 0 0],"tf.Tensor([ 3.399431   3.2033722  1.5711107  3.6419013  4.405389  11.       ], shape=(6,), dtype=float32)",0.30000000000000004,[9 3 6 2 5 1 6 0 0 0 0 0 0 0 0 0 0 0 0 0 0 0 0 0 0],False,"tf.Tensor(
[[3.399431  3.2033722 1.5711107 3.6419013 4.405389  3.6087775 4.0450077
  3.369187  4.101815  2.7645996 3.5723062 3.1320887 4.806989  4.2553973
  4.670064  4.084635  5.294776  4.108224 ]], shape=(1, 18), dtype=float32)"
1753,[9 3 6 2 5 1 6 0 0 0 0 0 0 0 0 0 0 0 0 0 0 0 0 0 0],[0 1 0 0 1 6],0.0,[10 1 0 0 0 0 0 2 3 6 2 2 0 0 0 0 0 0 0 0 0 0 0 0 0],False,"tf.Tensor(
[[3.4213593 3.033374  2.3681345 3.5128453 3.817266  2.861469  3.715371
  3.3632593 4.05234   2.617919  3.772604  2.7111146 4.8152475 2.7185967
  4.431556  4.677656  4.191991  4.529396 ]], shape=(1, 18), dtype=float32)"
1754,[10 1 0 0 0 0 0 2 3 6 2 2 0 0 0 0 0 0 0 0 0 0 0 0 0],"tf.Tensor([ 3.2814298  2.0453262  1.413528   2.7751563  3.1288617 11.       ], shape=(6,), dtype=float32)",0.5,[10 2 4 1 4 3 6 0 0 0 0 0 0 0 0 0 0 0 0 0 0 0 0 0 0],False,"tf.Tensor(
[[3.2814298 2.0453262 1.413528  2.7751563 3.1288617 3.6239746 4.487516
  2.6168826 3.7411883 1.1672142 2.9731603 2.5216997 4.025026  3.9092653
  2.929876  3.5710711 4.5312943 3.0449927]], shape=(1, 18), dtype=float32)"
1755,[10 2 4 1 4 3 6 0 0 0 0 0 0 0 0 0 0 0 0 0 0 0 0 0 0],"tf.Tensor([3.114516  2.482395  1.8532608 3.2819757 3.09502   7.       ], shape=(6,), dtype=float32)",0.0,[10 3 4 1 4 3 6 0 0 0 0 0 0 0 0 0 0 0 0 0 0 0 0 0 0],False,"tf.Tensor(
[[3.114516  2.482395  1.8532608 3.2819757 3.09502   2.6618834 3.4222016
  3.089956  3.3075058 2.0423608 3.4353807 2.5088058 4.262171  2.520484
  3.7582781 4.157111  3.6155019 4.2137713]], shape=(1, 18), dtype=float32)"
1756,[10 3 4 1 4 3 6 0 0 0 0 0 0 0 0 0 0 0 0 0 0 0 0 0 0],[1 0 0 1 0 9],0.0,[11 1 0 0 0 0 0 4 1 4 3 6 0 0 0 0 0 0 0 0 0 0 0 0 0],False,"tf.Tensor(
[[3.162929  2.541212  1.9871162 3.3055456 3.2002728 2.7153301 3.5061634
  3.135132  3.4867852 2.1351578 3.5085113 2.5445192 4.380671  2.504591
  3.8753026 4.254168  3.6621628 4.3103805]], shape=(1, 18), dtype=float32)"
1757,[11 1 0 0 0 0 0 4 1 4 3 6 0 0 0 0 0 0 0 0 0 0 0 0 0],"tf.Tensor([ 3.6771197  2.7199144  1.7413094  2.6375196  3.2688856 11.       ], shape=(6,), dtype=float32)",0.5,[11 2 1 5 2 1 3 0 0 0 0 0 0 0 0 0 0 0 0 0 0 0 0 0 0],False,"tf.Tensor(
[[3.6771197 2.7199144 1.7413094 2.6375196 3.2688856 3.9924982 4.823678
  3.3728874 4.2980022 1.4687275 3.1804311 2.8563483 4.3504014 4.321492
  3.72341   3.834303  5.060999  3.14587  ]], shape=(1, 18), dtype=float32)"
1758,[11 2 1 5 2 1 3 0 0 0 0 0 0 0 0 0 0 0 0 0 0 0 0 0 0],"tf.Tensor([ 2.9761102  2.045147   1.8231897  2.4870577  2.5716813 12.       ], shape=(6,), dtype=float32)",0.0,[11 3 1 5 2 1 3 0 0 0 0 0 0 0 0 0 0 0 0 0 0 0 0 0 0],False,"tf.Tensor(
[[2.9761102 2.045147  1.8231897 2.4870577 2.5716813 2.7158444 3.3634703
  2.7828152 3.5730758 1.9384494 2.9514532 2.7253394 3.5466235 2.4300628
  3.0173483 3.8035886 3.057782  3.8164299]], shape=(1, 18), dtype=float32)"
1759,[11 3 1 5 2 1 3 0 0 0 0 0 0 0 0 0 0 0 0 0 0 0 0 0 0],[ 1  1  0  0  0 12],24.0,[12 1 0 0 0 0 0 1 5 2 1 3 0 0 0 0 0 0 0 0 0 0 0 0 12],False,"tf.Tensor(
[[3.0965884 2.1510985 1.9307151 2.5140936 2.6837773 2.7810633 3.4183002
  2.8688338 3.7566576 2.0102127 3.0554328 2.793671  3.6376245 2.5150855
  3.0961454 3.9048562 3.125928  3.8853927]], shape=(1, 18), dtype=float32)"
1760,[12 1 0 0 0 0 0 1 5 2 1 3 0 0 0 0 0 0 0 0 0 0 0 0 12],"tf.Tensor([2.735382  1.8451706 2.4048495 3.023752  2.1591287 1.       ], shape=(6,), dtype=float32)",0.5,[12 2 3 2 1 5 4 0 0 0 0 0 0 0 0 0 0 0 0 0 0 0 0 0 12],False,"tf.Tensor(
[[2.735382  1.8451706 2.4048495 3.023752  2.1591287 2.1044848 4.8948817
  3.8188386 3.4442084 2.616391  3.8921678 3.1576645 3.8227792 2.8452713
  4.0500965 3.8866007 3.764725  3.4449384]], shape=(1, 18), dtype=float32)"
1761,[12 2 3 2 1 5 4 0 0 0 0 0 0 0 0 0 0 0 0 0 0 0 0 0 12],"tf.Tensor([3.018554  1.982306  2.5755103 2.9215553 2.4032328 1.       ], shape=(6,), dtype=float32)",0.0,[12 3 3 2 1 5 4 0 0 0 0 0 0 0 0 0 0 0 0 0 0 0 0 0 12],False,"tf.Tensor(
[[3.018554  1.982306  2.5755103 2.9215553 2.4032328 2.7374966 4.857031
  3.6495066 4.466365  2.8286731 3.9244192 3.1330755 3.948091  2.2442303
  4.6873164 4.3364778 3.5653563 4.2540293]], shape=(1, 18), dtype=float32)"
1762,[12 3 3 2 1 5 4 0 0 0 0 0 0 0 0 0 0 0 0 0 0 0 0 0 12],"tf.Tensor([3.0580354 2.0097442 2.7422895 2.9445684 2.4888911 1.       ], shape=(6,), dtype=float32)",4.0,[13 1 0 0 0 0 0 3 2 1 5 4 0 2 0 0 0 0 0 0 0 0 0 0 12],False,"tf.Tensor(
[[3.0580354 2.0097442 2.7422895 2.9445684 2.4888911 2.7439737 5.0033646
  3.7544851 4.5992246 2.93651   4.019679  3.2165995 4.0903034 2.2310019
  4.8240714 4.398232  3.6708353 4.320236 ]], shape=(1, 18), dtype=float32)"
1763,[13 1 0 0 0 0 0 3 2 1 5 4 0 2 0 0 0 0 0 0 0 0 0 0 12],[ 0  0  1  0  1 10],0.2,[13 2 1 6 0 0 0 2 2 0 4 0 0 2 0 0 0 0 0 0 0 0 0 0 12],False,"tf.Tensor(
[[3.5163448 2.5781996 3.2693162 3.6384256 2.23742   2.859184  5.5717497
  4.5723433 4.458363  2.5412207 4.725814  4.202001  4.5047894 3.2829866
  4.9366293 4.606934  5.247311  3.647614 ]], shape=(1, 18), dtype=float32)"
1764,[13 2 1 6 0 0 0 2 2 0 4 0 0 2 0 0 0 0 0 0 0 0 0 0 12],"tf.Tensor([3.508777  2.5124044 3.213345  3.3790522 2.5292747 1.       ], shape=(6,), dtype=float32)",0.30000000000000004,[13 3 1 6 2 2 4 0 0 0 0 0 0 2 0 0 0 0 0 0 0 0 0 0 12],False,"tf.Tensor(
[[3.508777  2.5124044 3.213345  3.3790522 2.5292747 2.5995967 5.587954
  4.5935783 4.8034544 3.4176989 4.737319  4.019169  4.497202  2.982678
  5.173833  4.8517447 4.493841  4.2713184]], shape=(1, 18), dtype=float32)"
1765,[13 3 1 6 2 2 4 0 0 0 0 0 0 2 0 0 0 0 0 0 0 0 0 0 12],"tf.Tensor([3.70542   2.5819051 2.945367  3.1410859 2.5998065 1.       ], shape=(6,), dtype=float32)",4.0,[14 1 0 0 0 0 0 4 5 1 6 6 0 4 0 0 0 0 0 0 0 0 0 0 12],True,"tf.Tensor(
[[3.70542   2.5819051 2.945367  3.1410859 2.5998065 3.0917244 5.487848
  4.441102  5.3445535 3.2383277 4.888897  3.8932924 4.2096066 3.1318185
  4.915394  4.9528484 3.9432504 4.5677238]], shape=(1, 18), dtype=float32)"
1766,[1 1 0 0 0 0 0 6 1 5 4 6 0 0 0 0 0 0 0 0 0 0 0 0 0],"tf.Tensor([ 2.527109   3.452533   1.7568959  1.8159366  3.9833307 11.       ], shape=(6,), dtype=float32)",0.5,[1 2 6 1 5 4 6 0 0 0 0 0 0 0 0 0 0 0 0 0 0 0 0 0 0],False,"tf.Tensor(
[[2.527109  3.452533  1.7568959 1.8159366 3.9833307 3.3266644 3.387523
  2.1262152 4.105956  1.4945817 2.6227956 2.5655425 4.1783323 3.8234017
  3.3047967 2.9670415 4.5926223 2.451653 ]], shape=(1, 18), dtype=float32)"
1767,[1 2 6 1 5 4 6 0 0 0 0 0 0 0 0 0 0 0 0 0 0 0 0 0 0],"tf.Tensor([ 2.8865077  3.3715472  2.0578876  2.775021   4.017538  11.       ], shape=(6,), dtype=float32)",0.0,[1 3 6 1 5 4 6 0 0 0 0 0 0 0 0 0 0 0 0 0 0 0 0 0 0],False,"tf.Tensor(
[[2.8865077 3.3715472 2.0578876 2.775021  4.017538  2.8679352 3.10809
  2.5526114 4.284065  2.1110141 3.1494064 2.5763683 3.9754667 3.0018845
  3.6355486 3.6247346 4.3195477 3.353757 ]], shape=(1, 18), dtype=float32)"
1768,[1 3 6 1 5 4 6 0 0 0 0 0 0 0 0 0 0 0 0 0 0 0 0 0 0],"tf.Tensor([ 2.9703102  3.3468573  2.1548893  2.9223921  4.0748286 11.       ], shape=(6,), dtype=float32)",0.0,[2 1 0 0 0 0 0 6 1 5 4 6 0 0 0 0 0 0 0 0 0 0 0 0 0],False,"tf.Tensor(
[[2.9703102 3.3468573 2.1548893 2.9223921 4.0748286 2.9274065 3.1903367
  2.6140559 4.3418307 2.1155899 3.3063388 2.6050768 4.088747  3.0236433
  3.739407  3.7298563 4.4028444 3.5413854]], shape=(1, 18), dtype=float32)"
1769,[2 1 0 0 0 0 0 6 1 5 4 6 0 0 0 0 0 0 0 0 0 0 0 0 0],"tf.Tensor([ 2.6589835  3.445977   1.7763335  1.8464274  3.9874425 11.       ], shape=(6,), dtype=float32)",0.5,[2 2 2 4 1 6 3 0 0 0 0 0 0 0 0 0 0 0 0 0 0 0 0 0 0],False,"tf.Tensor(
[[2.6589835 3.445977  1.7763335 1.8464274 3.9874425 3.4568555 3.573566
  2.2087092 4.2527885 1.5039897 2.6445787 2.586381  4.223293  3.9376504
  3.345654  3.0541532 4.692226  2.4864783]], shape=(1, 18), dtype=float32)"
1770,[2 2 2 4 1 6 3 0 0 0 0 0 0 0 0 0 0 0 0 0 0 0 0 0 0],"tf.Tensor([ 2.5293965  2.135354   1.6300108  2.2541168  2.5201778 10.       ], shape=(6,), dtype=float32)",0.0,[2 3 2 4 1 6 3 0 0 0 0 0 0 0 0 0 0 0 0 0 0 0 0 0 0],False,"tf.Tensor(
[[2.5293965 2.135354  1.6300108 2.2541168 2.5201778 1.9470878 2.1916447
  2.3871186 2.884911  1.5716122 2.4648895 1.6845732 2.8810775 1.7259444
  2.6426704 3.00798   2.6865132 2.82621  ]], shape=(1, 18), dtype=float32)"
1771,[2 3 2 4 1 6 3 0 0 0 0 0 0 0 0 0 0 0 0 0 0 0 0 0 0],"tf.Tensor([2.5965936 2.1634412 1.7398305 2.254774  2.5979683 3.       ], shape=(6,), dtype=float32)",8.0,[3 1 0 0 0 0 0 2 4 1 6 3 0 0 0 4 0 0 0 0 0 0 0 0 0],False,"tf.Tensor(
[[2.5965936 2.1634412 1.7398305 2.254774  2.5979683 2.0023303 2.3326287
  2.460373  3.0474246 1.676162  2.5352938 1.699996  3.0054648 1.7864311
  2.7647383 3.0447433 2.7645953 2.879079 ]], shape=(1, 18), dtype=float32)"
1772,[3 1 0 0 0 0 0 2 4 1 6 3 0 0 0 4 0 0 0 0 0 0 0 0 0],"tf.Tensor([ 2.4032378  2.825884   1.5826447  2.329359   2.6335938 11.       ], shape=(6,), dtype=float32)",0.5,[3 2 4 4 3 3 2 0 0 0 0 0 0 0 0 4 0 0 0 0 0 0 0 0 0],False,"tf.Tensor(
[[2.4032378 2.825884  1.5826447 2.329359  2.6335938 2.1998308 2.1860633
  2.2780962 3.1184013 1.5844527 2.3994749 1.70262   3.043004  2.068447
  3.0600214 2.9789956 3.2324166 2.6715975]], shape=(1, 18), dtype=float32)"
1773,[3 2 4 4 3 3 2 0 0 0 0 0 0 0 0 4 0 0 0 0 0 0 0 0 0],"tf.Tensor([2.7572727 2.3173642 1.8150585 3.0244238 2.169168  9.       ], shape=(6,), dtype=float32)",0.0,[3 3 4 4 3 3 2 0 0 0 0 0 0 0 0 4 0 0 0 0 0 0 0 0 0],False,"tf.Tensor(
[[2.7572727 2.3173642 1.8150585 3.0244238 2.169168  1.965846  2.0145636
  2.8539011 2.7041683 1.8841242 2.572114  2.0999663 2.9689035 1.3188882
  3.361492  3.334725  3.2827775 3.3309624]], shape=(1, 18), dtype=float32)"
1774,[3 3 4 4 3 3 2 0 0 0 0 0 0 0 0 4 0 0 0 0 0 0 0 0 0],"tf.Tensor([2.7807736 2.305988  1.951579  3.105986  2.1862705 9.       ], shape=(6,), dtype=float32)",0.0,[4 1 0 0 0 0 0 4 4 3 3 2 0 0 0 4 0 0 0 0 0 0 0 0 0],False,"tf.Tensor(
[[2.7807736 2.305988  1.951579  3.105986  2.1862705 1.961739  2.1432211
  2.9369564 2.7471294 1.9773155 2.704644  2.1509807 3.1145945 1.3059716
  3.503797  3.432342  3.3372333 3.4365122]], shape=(1, 18), dtype=float32)"
1775,[4 1 0 0 0 0 0 4 4 3 3 2 0 0 0 4 0 0 0 0 0 0 0 0 0],"tf.Tensor([ 2.5498683  2.4362044  1.3769175  2.4928086  2.69986   11.       ], shape=(6,), dtype=float32)",0.5,[4 2 1 5 1 2 4 0 0 0 0 0 0 0 0 4 0 0 0 0 0 0 0 0 0],False,"tf.Tensor(
[[2.5498683 2.4362044 1.3769175 2.4928086 2.69986   2.397638  2.4488862
  2.4056106 2.780458  1.5216258 2.5700963 2.1143632 3.2415655 2.2569838
  3.1519685 3.074377  3.483182  3.0022476]], shape=(1, 18), dtype=float32)"
1776,[4 2 1 5 1 2 4 0 0 0 0 0 0 0 0 4 0 0 0 0 0 0 0 0 0],"tf.Tensor([ 2.557259   1.6613803  1.3901274  2.4020238  1.5063069 12.       ], shape=(6,), dtype=float32)",0.0,[4 3 1 5 1 2 4 0 0 0 0 0 0 0 0 4 0 0 0 0 0 0 0 0 0],False,"tf.Tensor(
[[2.557259  1.6613803 1.3901274 2.4020238 1.5063069 2.0191703 1.349541
  2.1914494 2.377242  1.6470996 2.0114    1.1323122 2.4229393 1.1067475
  2.681195  2.641803  2.1606226 3.075955 ]], shape=(1, 18), dtype=float32)"
1777,[4 3 1 5 1 2 4 0 0 0 0 0 0 0 0 4 0 0 0 0 0 0 0 0 0],"tf.Tensor([ 2.6194425  1.7252891  1.5056646  2.463029   1.596667  12.       ], shape=(6,), dtype=float32)",26.0,[5 1 0 0 0 0 0 1 5 1 2 4 0 0 0 4 0 0 0 0 0 0 0 0 13],False,"tf.Tensor(
[[2.6194425 1.7252891 1.5056646 2.463029  1.596667  2.042114  1.4201684
  2.2740052 2.478241  1.7142776 2.127682  1.160674  2.5311203 1.1428126
  2.7880948 2.7207243 2.23375   3.127724 ]], shape=(1, 18), dtype=float32)"
1778,[5 1 0 0 0 0 0 1 5 1 2 4 0 0 0 4 0 0 0 0 0 0 0 0 13],"tf.Tensor([2.2358687 1.7706057 2.0290067 2.4392886 1.8807299 9.       ], shape=(6,), dtype=float32)",0.5,[5 2 5 3 1 6 2 0 0 0 0 0 0 0 0 4 0 0 0 0 0 0 0 0 13],False,"tf.Tensor(
[[2.2358687 1.7706057 2.0290067 2.4392886 1.8807299 1.3848853 2.481208
  2.9087343 2.3756135 2.3590677 2.7088807 2.2198508 3.0783312 1.5953097
  3.181671  2.6975951 2.891683  2.8879282]], shape=(1, 18), dtype=float32)"
1779,[5 2 5 3 1 6 2 0 0 0 0 0 0 0 0 4 0 0 0 0 0 0 0 0 13],"tf.Tensor([2.6259143 2.0781765 2.9602787 3.1045191 2.0194738 9.       ], shape=(6,), dtype=float32)",0.0,[5 3 5 3 1 6 2 0 0 0 0 0 0 0 0 4 0 0 0 0 0 0 0 0 13],False,"tf.Tensor(
[[2.6259143 2.0781765 2.9602787 3.1045191 2.0194738 1.7933526 3.616043
  3.5736701 3.5107462 3.2040918 3.2468617 2.6954753 3.9801111 1.3379211
  4.9226985 3.441156  3.8726392 3.7706513]], shape=(1, 18), dtype=float32)"
1780,[5 3 5 3 1 6 2 0 0 0 0 0 0 0 0 4 0 0 0 0 0 0 0 0 13],"tf.Tensor([2.7157085 2.1094923 3.1108825 3.1450667 2.0879304 9.       ], shape=(6,), dtype=float32)",0.0,[6 1 0 0 0 0 0 5 3 1 6 2 0 0 0 4 0 0 0 0 0 0 0 0 13],False,"tf.Tensor(
[[2.7157085 2.1094923 3.1108825 3.1450667 2.0879304 1.8467355 3.7327495
  3.6794043 3.65408   3.2900505 3.336434  2.759905  4.1183143 1.3307309
  5.0545487 3.5140393 3.988673  3.858323 ]], shape=(1, 18), dtype=float32)"
1781,[6 1 0 0 0 0 0 5 3 1 6 2 0 0 0 4 0 0 0 0 0 0 0 0 13],"tf.Tensor([2.9296117 2.1107647 2.5559134 2.9623988 2.1084752 9.       ], shape=(6,), dtype=float32)",0.5,[6 2 3 1 5 2 6 0 0 0 0 0 0 0 0 4 0 0 0 0 0 0 0 0 13],False,"tf.Tensor(
[[2.9296117 2.1107647 2.5559134 2.9623988 2.1084752 2.3338068 3.2420208
  3.455029  3.1411078 2.335792  2.995483  2.715162  3.9253883 1.7347947
  4.1737103 3.211709  4.143708  3.5474977]], shape=(1, 18), dtype=float32)"
1782,[6 2 3 1 5 2 6 0 0 0 0 0 0 0 0 4 0 0 0 0 0 0 0 0 13],"tf.Tensor([2.7277646 1.8721964 1.979672  3.3967402 1.6990414 9.       ], shape=(6,), dtype=float32)",0.0,[6 3 3 1 5 2 6 0 0 0 0 0 0 0 0 4 0 0 0 0 0 0 0 0 13],False,"tf.Tensor(
[[2.7277646 1.8721964 1.979672  3.3967402 1.6990414 2.087227  3.4802775
  3.5370817 2.849276  2.70056   3.664324  2.683913  3.453927  1.9704446
  4.46627   3.7535734 3.2995358 4.0526447]], shape=(1, 18), dtype=float32)"
1783,[6 3 3 1 5 2 6 0 0 0 0 0 0 0 0 4 0 0 0 0 0 0 0 0 13],"tf.Tensor([2.8188388 1.9345924 2.1461866 3.4337044 1.794834  9.       ], shape=(6,), dtype=float32)",0.0,[7 1 0 0 0 0 0 3 1 5 2 6 0 0 0 4 0 0 0 0 0 0 0 0 13],False,"tf.Tensor(
[[2.8188388 1.9345924 2.1461866 3.4337044 1.794834  2.1312695 3.583624
  3.6407971 3.0187747 2.799337  3.7643158 2.7509277 3.602642  1.9699619
  4.5944424 3.841265  3.4057379 4.139967 ]], shape=(1, 18), dtype=float32)"
1784,[7 1 0 0 0 0 0 3 1 5 2 6 0 0 0 4 0 0 0 0 0 0 0 0 13],[ 0  1  0  0  1 11],0.2,[7 2 3 2 0 0 0 1 0 3 1 0 0 0 0 4 0 0 0 0 0 0 0 0 13],False,"tf.Tensor(
[[2.4061334 2.2822397 2.8314822 2.8723028 2.4085133 2.2973962 3.6798847
  3.032204  3.2678852 2.5574903 3.0396721 2.8487663 4.43698   2.1939766
  4.3348784 3.1883118 4.397198  3.3069272]], shape=(1, 18), dtype=float32)"
1785,[7 2 3 2 0 0 0 1 0 3 1 0 0 0 0 4 0 0 0 0 0 0 0 0 13],"tf.Tensor([2.1697524 1.4669558 2.5681365 2.739237  1.3472706 9.       ], shape=(6,), dtype=float32)",0.30000000000000004,[7 3 3 2 1 3 1 0 0 0 0 0 0 0 0 4 0 0 0 0 0 0 0 0 13],False,"tf.Tensor(
[[2.1697524  1.4669558  2.5681365  2.739237   1.3472706  1.4411662
  3.2813125  3.2217028  2.8140464  2.8789499  2.7283566  2.4841175
  3.1742258  0.90362185 4.267676   3.136585   3.1951084  3.30838   ]], shape=(1, 18), dtype=float32)"
1786,[7 3 3 2 1 3 1 0 0 0 0 0 0 0 0 4 0 0 0 0 0 0 0 0 13],"tf.Tensor([2.2953506 1.2232003 2.577697  2.6164033 1.0510694 9.       ], shape=(6,), dtype=float32)",0.0,[8 1 0 0 0 0 0 3 3 6 5 2 0 0 0 4 0 0 0 0 0 0 0 0 13],False,"tf.Tensor(
[[2.2953506  1.2232003  2.577697   2.6164033  1.0510694  1.516324
  3.1656694  3.3508918  2.9195986  2.8082075  2.9857337  2.5073247
  2.919689   0.66241294 4.2051177  3.125157   2.7362468  3.4998958 ]], shape=(1, 18), dtype=float32)"
1787,[8 1 0 0 0 0 0 3 3 6 5 2 0 0 0 4 0 0 0 0 0 0 0 0 13],[0 1 0 0 0 7],0.1,[8 2 4 0 0 0 0 3 0 1 3 6 0 0 0 4 0 0 0 0 0 0 0 0 13],False,"tf.Tensor(
[[2.8502595 2.3325012 2.5620587 3.5487525 2.2464895 2.4376006 3.7164116
  3.4155526 3.00616   2.4797113 3.390231  3.0649478 4.518271  2.2470565
  4.532414  3.879166  4.4872417 3.9362442]], shape=(1, 18), dtype=float32)"
1788,[8 2 4 0 0 0 0 3 0 1 3 6 0 0 0 4 0 0 0 0 0 0 0 0 13],"tf.Tensor([2.7623613 2.4802368 3.2322147 3.2235866 2.56075   9.       ], shape=(6,), dtype=float32)",0.4,[8 3 4 3 1 3 6 0 0 0 0 0 0 0 0 4 0 0 0 0 0 0 0 0 13],False,"tf.Tensor(
[[2.7623613 2.4802368 3.2322147 3.2235866 2.56075   2.3865254 4.052856
  3.565438  3.7738476 2.7597623 3.5125663 3.3280923 4.610612  2.0286512
  4.814301  3.668378  4.797287  3.6728802]], shape=(1, 18), dtype=float32)"
1789,[8 3 4 3 1 3 6 0 0 0 0 0 0 0 0 4 0 0 0 0 0 0 0 0 13],"tf.Tensor([2.9608932 2.0183408 2.5205314 3.101873  2.2706668 9.       ], shape=(6,), dtype=float32)",0.0,[9 1 0 0 0 0 0 4 4 5 3 2 0 0 0 4 0 0 0 0 0 0 0 0 13],False,"tf.Tensor(
[[2.9608932 2.0183408 2.5205314 3.101873  2.2706668 2.3718417 4.310446
  3.66882   3.7157927 2.9300423 3.5725517 2.7458172 4.0964346 2.0828218
  4.790978  3.8665078 3.854012  4.075912 ]], shape=(1, 18), dtype=float32)"
1790,[9 1 0 0 0 0 0 4 4 5 3 2 0 0 0 4 0 0 0 0 0 0 0 0 13],[0 0 1 0 0 6],0.1,[9 2 5 0 0 0 0 5 3 0 3 1 0 0 0 4 0 0 0 0 0 0 0 0 13],False,"tf.Tensor(
[[2.8336246 2.0822961 2.4344661 3.4672072 2.0311563 2.366239  3.9255807
  3.654909  2.8104775 2.551357  3.433161  3.0440364 4.3624496 2.2333155
  4.6470056 3.7955358 4.3517404 3.9656482]], shape=(1, 18), dtype=float32)"
1791,[9 2 5 0 0 0 0 5 3 0 3 1 0 0 0 4 0 0 0 0 0 0 0 0 13],"tf.Tensor([2.6429718 1.9129022 2.531531  3.3914468 2.2329464 9.       ], shape=(6,), dtype=float32)",0.4,[9 3 5 5 3 3 1 0 0 0 0 0 0 0 0 4 0 0 0 0 0 0 0 0 13],False,"tf.Tensor(
[[2.6429718 1.9129022 2.531531  3.3914468 2.2329464 2.4912076 4.3288255
  3.637055  2.9692092 2.6541967 3.2882087 3.1500964 4.564959  1.9461788
  5.0678835 3.8578162 4.5245924 4.1871634]], shape=(1, 18), dtype=float32)"
1792,[9 3 5 5 3 3 1 0 0 0 0 0 0 0 0 4 0 0 0 0 0 0 0 0 13],[ 1  1  1  1  1 12],8.0,[10 1 0 0 0 0 0 4 5 5 6 4 0 0 0 4 0 0 0 0 0 0 0 0 17],False,"tf.Tensor(
[[3.1886897 2.022185  3.2387872 3.2999485 2.214137  2.3991792 4.646447
  4.1709595 4.5099444 3.6772962 3.8520014 3.0833576 4.294396  1.4389997
  5.6208587 4.5063634 3.7930975 4.7333965]], shape=(1, 18), dtype=float32)"
1793,[10 1 0 0 0 0 0 4 5 5 6 4 0 0 0 4 0 0 0 0 0 0 0 0 17],"tf.Tensor([3.497055  2.8256545 3.2271922 3.9645917 2.95664   7.       ], shape=(6,), dtype=float32)",0.5,[10 2 1 3 5 2 2 0 0 0 0 0 0 0 0 4 0 0 0 0 0 0 0 0 17],False,"tf.Tensor(
[[3.497055  2.8256545 3.2271922 3.9645917 2.95664   3.0991573 5.0360155
  4.286927  4.063541  3.065688  4.2164993 3.744771  5.524565  3.145764
  5.476929  4.7006025 5.4828067 4.529989 ]], shape=(1, 18), dtype=float32)"
1794,[10 2 1 3 5 2 2 0 0 0 0 0 0 0 0 4 0 0 0 0 0 0 0 0 17],[1 1 1 1 0 6],0.0,[10 3 1 3 5 2 2 0 0 0 0 0 0 0 0 4 0 0 0 0 0 0 0 0 17],False,"tf.Tensor(
[[3.251475   1.5207932  2.513243   3.4110312  0.90889347 2.1863995
  3.814098   4.703196   3.5540156  3.5305982  4.339948   3.663017
  2.7665586  1.3624926  4.9836793  4.3280845  2.8816755  4.743581  ]], shape=(1, 18), dtype=float32)"
1795,[10 3 1 3 5 2 2 0 0 0 0 0 0 0 0 4 0 0 0 0 0 0 0 0 17],"tf.Tensor([3.2853572 1.503577  2.6632507 3.4250257 0.9894938 9.       ], shape=(6,), dtype=float32)",0.0,[11 1 0 0 0 0 0 1 3 5 2 2 0 0 0 4 0 0 0 0 0 0 0 0 17],False,"tf.Tensor(
[[3.2853572 1.503577  2.6632507 3.4250257 0.9894938 2.222817  3.970657
  4.733964  3.6935558 3.590205  4.409734  3.6711066 2.9428935 1.3399944
  5.1133256 4.401622  2.9484556 4.815801 ]], shape=(1, 18), dtype=float32)"
1796,[11 1 0 0 0 0 0 1 3 5 2 2 0 0 0 4 0 0 0 0 0 0 0 0 17],[1 0 0 0 1 9],0.2,[11 2 5 4 0 0 0 0 1 5 3 0 0 0 0 4 0 0 0 0 0 0 0 0 17],False,"tf.Tensor(
[[2.753193  1.9151071 2.9623952 3.7093697 1.4448661 1.4277072 3.6390052
  4.314359  2.7724628 3.208096  3.8947265 3.5826128 3.7937396 1.3027828
  4.855922  3.9269996 3.890353  4.0742407]], shape=(1, 18), dtype=float32)"
1797,[11 2 5 4 0 0 0 0 1 5 3 0 0 0 0 4 0 0 0 0 0 0 0 0 17],"tf.Tensor([3.302591  2.438272  3.7303896 3.9236553 2.485341  9.       ], shape=(6,), dtype=float32)",0.30000000000000004,[11 3 5 4 1 5 3 0 0 0 0 0 0 0 0 4 0 0 0 0 0 0 0 0 17],False,"tf.Tensor(
[[3.302591  2.438272  3.7303896 3.9236553 2.485341  2.5829334 5.647132
  4.3741064 4.8342824 4.0096245 4.1749043 3.4139242 5.0610723 2.2465856
  6.161464  5.1251183 4.8626103 4.67682  ]], shape=(1, 18), dtype=float32)"
1798,[11 3 5 4 1 5 3 0 0 0 0 0 0 0 0 4 0 0 0 0 0 0 0 0 17],"tf.Tensor([3.2675252 2.0524354 3.4270618 3.5365024 2.2586794 9.       ], shape=(6,), dtype=float32)",0.0,[12 1 0 0 0 0 0 5 6 4 6 4 0 0 0 4 0 0 0 0 0 0 0 0 17],False,"tf.Tensor(
[[3.2675252 2.0524354 3.4270618 3.5365024 2.2586794 2.4356549 5.2179017
  4.517182  4.6052833 3.8481593 4.27795   3.4641974 4.6325617 1.639351
  6.0286884 4.742144  4.1425085 4.969798 ]], shape=(1, 18), dtype=float32)"
1799,[12 1 0 0 0 0 0 5 6 4 6 4 0 0 0 4 0 0 0 0 0 0 0 0 17],"tf.Tensor([3.8693154 2.9303243 3.2917387 4.213882  3.0229275 9.       ], shape=(6,), dtype=float32)",0.5,[12 2 3 2 1 3 5 0 0 0 0 0 0 0 0 4 0 0 0 0 0 0 0 0 17],False,"tf.Tensor(
[[3.8693154 2.9303243 3.2917387 4.213882  3.0229275 3.4240525 5.655358
  4.77566   4.3494544 3.1625054 4.5958896 3.9640021 5.8171945 3.5036616
  5.925517  5.1302533 5.803191  4.880652 ]], shape=(1, 18), dtype=float32)"
1800,[12 2 3 2 1 3 5 0 0 0 0 0 0 0 0 4 0 0 0 0 0 0 0 0 17],"tf.Tensor([3.0476842 1.4601732 2.6070979 3.1968577 1.5367413 9.       ], shape=(6,), dtype=float32)",0.0,[12 3 3 2 1 3 5 0 0 0 0 0 0 0 0 4 0 0 0 0 0 0 0 0 17],False,"tf.Tensor(
[[3.0476842 1.4601732 2.6070979 3.1968577 1.5367413 2.3100083 4.5514517
  4.276464  3.769619  3.2699916 4.065459  3.446434  3.5385907 1.5305614
  5.1212974 4.2768555 3.3545938 4.6041737]], shape=(1, 18), dtype=float32)"
1801,[12 3 3 2 1 3 5 0 0 0 0 0 0 0 0 4 0 0 0 0 0 0 0 0 17],"tf.Tensor([3.0917394 1.5284905 2.7697148 3.2365882 1.6328837 9.       ], shape=(6,), dtype=float32)",0.0,[13 1 0 0 0 0 0 3 2 1 3 5 0 0 0 4 0 0 0 0 0 0 0 0 17],False,"tf.Tensor(
[[3.0917394 1.5284905 2.7697148 3.2365882 1.6328837 2.3477569 4.6803994
  4.3190503 3.930706  3.349853  4.14309   3.4538555 3.7173402 1.5303328
  5.2668557 4.360914  3.452634  4.677444 ]], shape=(1, 18), dtype=float32)"
1802,[13 1 0 0 0 0 0 3 2 1 3 5 0 0 0 4 0 0 0 0 0 0 0 0 17],"tf.Tensor([3.293992  2.1010308 3.4355443 3.8524308 1.6181443 9.       ], shape=(6,), dtype=float32)",0.5,[13 2 6 5 3 3 4 0 0 0 0 0 0 0 0 4 0 0 0 0 0 0 0 0 17],False,"tf.Tensor(
[[3.293992  2.1010308 3.4355443 3.8524308 1.6181443 2.0282068 4.3635354
  4.7447276 3.6999362 3.176641  4.477064  4.006339  4.1171923 1.6620028
  5.276679  4.0555234 4.6441298 4.186749 ]], shape=(1, 18), dtype=float32)"
1803,[13 2 6 5 3 3 4 0 0 0 0 0 0 0 0 4 0 0 0 0 0 0 0 0 17],"tf.Tensor([3.7271073 2.342974  3.4084659 3.9083111 2.689157  9.       ], shape=(6,), dtype=float32)",0.0,[13 3 6 5 3 3 4 0 0 0 0 0 0 0 0 4 0 0 0 0 0 0 0 0 17],False,"tf.Tensor(
[[3.7271073 2.342974  3.4084659 3.9083111 2.689157  3.009471  5.950691
  4.8615456 5.2392545 4.133721  4.725156  3.735584  5.0637684 2.248642
  6.5341797 5.519065  4.4710712 5.60874  ]], shape=(1, 18), dtype=float32)"
1804,[13 3 6 5 3 3 4 0 0 0 0 0 0 0 0 4 0 0 0 0 0 0 0 0 17],"tf.Tensor([3.7887278 2.3805313 3.5672286 3.9332285 2.76605   9.       ], shape=(6,), dtype=float32)",60.0,[14 1 0 0 0 0 0 6 5 3 3 4 0 0 0 4 0 0 0 0 0 30 0 0 17],True,"tf.Tensor(
[[3.7887278 2.3805313 3.5672286 3.9332285 2.76605   3.0447564 6.044593
  4.9509907 5.3958335 4.22404   4.807242  3.8044307 5.1906695 2.2037923
  6.6659966 5.579302  4.5589514 5.6983814]], shape=(1, 18), dtype=float32)"
1805,[1 1 0 0 0 0 0 6 5 3 2 1 0 0 0 0 0 0 0 0 0 0 0 0 0],"tf.Tensor([ 2.4296844  2.7466042  1.5462039  2.2689893  3.338301  11.       ], shape=(6,), dtype=float32)",0.5,[1 2 6 5 3 2 1 0 0 0 0 0 0 0 0 0 0 0 0 0 0 0 0 0 0],False,"tf.Tensor(
[[2.4296844 2.7466042 1.5462039 2.2689893 3.338301  2.4042823 2.5241566
  2.1670527 3.3264542 1.8543171 2.7419343 2.043048  3.4257565 2.760088
  3.0589952 2.8598151 3.5274727 2.7268758]], shape=(1, 18), dtype=float32)"
1806,[1 2 6 5 3 2 1 0 0 0 0 0 0 0 0 0 0 0 0 0 0 0 0 0 0],"tf.Tensor([ 2.612507   2.6968474  2.1118202  2.6337504  3.249408  10.       ], shape=(6,), dtype=float32)",0.0,[1 3 6 5 3 2 1 0 0 0 0 0 0 0 0 0 0 0 0 0 0 0 0 0 0],False,"tf.Tensor(
[[2.612507  2.6968474 2.1118202 2.6337504 3.249408  2.2055855 2.8137884
  2.501896  3.5560112 2.0875967 2.9276676 2.5243037 3.5135808 2.219266
  3.4714625 3.7079623 3.586327  3.1977346]], shape=(1, 18), dtype=float32)"
1807,[1 3 6 5 3 2 1 0 0 0 0 0 0 0 0 0 0 0 0 0 0 0 0 0 0],"tf.Tensor([ 2.6506848  2.6920009  2.2041636  2.6617253  3.3094492 10.       ], shape=(6,), dtype=float32)",0.0,[2 1 0 0 0 0 0 6 5 3 2 1 0 0 0 0 0 0 0 0 0 0 0 0 0],False,"tf.Tensor(
[[2.6506848 2.6920009 2.2041636 2.6617253 3.3094492 2.2705898 2.9986813
  2.5909543 3.7270417 2.169639  3.0203245 2.514414  3.6168878 2.2245626
  3.5947495 3.7491438 3.6476092 3.2577987]], shape=(1, 18), dtype=float32)"
1808,[2 1 0 0 0 0 0 6 5 3 2 1 0 0 0 0 0 0 0 0 0 0 0 0 0],"tf.Tensor([ 2.473589   2.66239    1.4208187  2.3717713  3.2636693 11.       ], shape=(6,), dtype=float32)",0.5,[2 2 5 5 4 4 5 0 0 0 0 0 0 0 0 0 0 0 0 0 0 0 0 0 0],False,"tf.Tensor(
[[2.473589  2.66239   1.4208187 2.3717713 3.2636693 2.525019  2.7204792
  2.2769542 3.220993  1.7520003 2.8165824 2.1046991 3.461997  2.899417
  3.0915399 2.9103038 3.5967128 2.7865915]], shape=(1, 18), dtype=float32)"
1809,[2 2 5 5 4 4 5 0 0 0 0 0 0 0 0 0 0 0 0 0 0 0 0 0 0],"tf.Tensor([ 3.409456   3.245648   2.3394659  3.2698262  3.6881227 11.       ], shape=(6,), dtype=float32)",0.0,[2 3 5 5 4 4 5 0 0 0 0 0 0 0 0 0 0 0 0 0 0 0 0 0 0],False,"tf.Tensor(
[[3.409456  3.245648  2.3394659 3.2698262 3.6881227 2.7619395 2.9256496
  3.157371  4.1788735 2.4473314 3.4134822 2.4815843 4.2000246 2.576033
  4.068775  4.0141544 4.2384977 3.8513603]], shape=(1, 18), dtype=float32)"
1810,[2 3 5 5 4 4 5 0 0 0 0 0 0 0 0 0 0 0 0 0 0 0 0 0 0],"tf.Tensor([3.4749057 3.2751184 2.4450786 3.2795277 3.7603161 7.       ], shape=(6,), dtype=float32)",0.0,[3 1 0 0 0 0 0 5 5 4 4 5 0 0 0 0 0 0 0 0 0 0 0 0 0],False,"tf.Tensor(
[[3.4749057 3.2751184 2.4450786 3.2795277 3.7603161 2.8079593 3.0549831
  3.220294  4.323607  2.5202718 3.5042183 2.476395  4.32575   2.6290748
  4.1687684 4.075787  4.2787523 3.9114556]], shape=(1, 18), dtype=float32)"
1811,[3 1 0 0 0 0 0 5 5 4 4 5 0 0 0 0 0 0 0 0 0 0 0 0 0],"tf.Tensor([ 2.9884334  3.3198264  1.9234422  2.0854163  4.0739083 11.       ], shape=(6,), dtype=float32)",0.5,[3 2 2 4 1 5 6 0 0 0 0 0 0 0 0 0 0 0 0 0 0 0 0 0 0],False,"tf.Tensor(
[[2.9884334 3.3198264 1.9234422 2.0854163 4.0739083 3.4266388 3.8624878
  2.534309  4.418927  1.8241456 2.992276  2.5747418 4.395829  4.0102654
  3.4481158 3.573831  4.4951468 2.8768845]], shape=(1, 18), dtype=float32)"
1812,[3 2 2 4 1 5 6 0 0 0 0 0 0 0 0 0 0 0 0 0 0 0 0 0 0],[ 0  0  0  1  0 11],0.0,[3 3 2 4 1 5 6 0 0 0 0 0 0 0 0 0 0 0 0 0 0 0 0 0 0],False,"tf.Tensor(
[[2.827998  2.521661  1.862991  2.5484579 2.6861217 1.9784402 1.8519099
  2.5692704 3.0214384 1.8188596 2.745733  1.5359299 3.212439  1.9726639
  2.8407006 3.0265281 2.829774  2.9765174]], shape=(1, 18), dtype=float32)"
1813,[3 3 2 4 1 5 6 0 0 0 0 0 0 0 0 0 0 0 0 0 0 0 0 0 0],"tf.Tensor([2.853116  2.5143452 1.9481299 2.5944974 2.7418592 7.       ], shape=(6,), dtype=float32)",0.0,[4 1 0 0 0 0 0 2 4 1 5 6 0 0 0 0 0 0 0 0 0 0 0 0 0],False,"tf.Tensor(
[[2.853116  2.5143452 1.9481299 2.5944974 2.7418592 2.049933  2.0404382
  2.6021078 3.135428  1.8991722 2.8067665 1.5623885 3.3596692 1.9883662
  3.0118444 3.1248772 2.9209402 3.084223 ]], shape=(1, 18), dtype=float32)"
1814,[4 1 0 0 0 0 0 2 4 1 5 6 0 0 0 0 0 0 0 0 0 0 0 0 0],"tf.Tensor([2.5672584 2.6320703 1.7195857 1.7810462 3.2302997 3.       ], shape=(6,), dtype=float32)",0.5,[4 2 6 1 5 6 1 0 0 0 0 0 0 0 0 0 0 0 0 0 0 0 0 0 0],False,"tf.Tensor(
[[2.5672584 2.6320703 1.7195857 1.7810462 3.2302997 2.9010854 3.4924266
  2.1083736 3.8495226 1.4027362 2.4839551 2.1558564 3.5853052 3.1784878
  2.8261323 3.1420405 3.711424  2.4393964]], shape=(1, 18), dtype=float32)"
1815,[4 2 6 1 5 6 1 0 0 0 0 0 0 0 0 0 0 0 0 0 0 0 0 0 0],"tf.Tensor([ 3.000219   2.6574914  2.281356   3.1620564  3.2982175 11.       ], shape=(6,), dtype=float32)",0.0,[4 3 6 1 5 6 1 0 0 0 0 0 0 0 0 0 0 0 0 0 0 0 0 0 0],False,"tf.Tensor(
[[3.000219  2.6574914 2.281356  3.1620564 3.2982175 2.4538605 3.3080144
  3.2275908 3.6991854 2.1266553 3.3880618 3.1319137 3.8760915 2.0815427
  3.8224826 4.0533924 4.148219  3.7922027]], shape=(1, 18), dtype=float32)"
1816,[4 3 6 1 5 6 1 0 0 0 0 0 0 0 0 0 0 0 0 0 0 0 0 0 0],"tf.Tensor([ 3.0247262  2.6460116  2.3977118  3.2155933  3.3214374 11.       ], shape=(6,), dtype=float32)",0.0,[5 1 0 0 0 0 0 6 1 5 6 1 0 0 0 0 0 0 0 0 0 0 0 0 0],False,"tf.Tensor(
[[3.0247262 2.6460116 2.3977118 3.2155933 3.3214374 2.484598  3.4356077
  3.2887197 3.7890153 2.1895142 3.4709916 3.1659868 3.9594827 2.093147
  3.9355612 4.0946755 4.225885  3.8800132]], shape=(1, 18), dtype=float32)"
1817,[5 1 0 0 0 0 0 6 1 5 6 1 0 0 0 0 0 0 0 0 0 0 0 0 0],"tf.Tensor([ 2.7877448  3.0469687  1.5449516  2.3059633  3.6954312 11.       ], shape=(6,), dtype=float32)",0.5,[5 2 3 3 2 4 6 0 0 0 0 0 0 0 0 0 0 0 0 0 0 0 0 0 0],False,"tf.Tensor(
[[2.7877448 3.0469687 1.5449516 2.3059633 3.6954312 3.679869  4.0604672
  2.3934863 4.112144  1.4748697 2.7222872 2.6877258 4.0647206 4.2273393
  3.569928  3.0805767 5.0635605 2.4814076]], shape=(1, 18), dtype=float32)"
1818,[5 2 3 3 2 4 6 0 0 0 0 0 0 0 0 0 0 0 0 0 0 0 0 0 0],"tf.Tensor([2.8835907 2.6310642 1.8580348 2.7335074 2.9250898 7.       ], shape=(6,), dtype=float32)",0.0,[5 3 3 3 2 4 6 0 0 0 0 0 0 0 0 0 0 0 0 0 0 0 0 0 0],False,"tf.Tensor(
[[2.8835907 2.6310642 1.8580348 2.7335074 2.9250898 2.2130766 2.3032556
  2.6455448 3.180079  1.9960601 2.8858511 1.8509383 3.6606586 2.2272112
  3.240254  3.2576103 3.2322536 3.3361897]], shape=(1, 18), dtype=float32)"
1819,[5 3 3 3 2 4 6 0 0 0 0 0 0 0 0 0 0 0 0 0 0 0 0 0 0],"tf.Tensor([2.9335115 2.6384637 1.9785868 2.7610486 3.0067775 7.       ], shape=(6,), dtype=float32)",0.0,[6 1 0 0 0 0 0 3 3 2 4 6 0 0 0 0 0 0 0 0 0 0 0 0 0],False,"tf.Tensor(
[[2.9335115 2.6384637 1.9785868 2.7610486 3.0067775 2.2796419 2.4851105
  2.7146213 3.3308897 2.1086812 2.9505823 1.8610272 3.7865238 2.2568054
  3.3844934 3.3584664 3.3082829 3.4219167]], shape=(1, 18), dtype=float32)"
1820,[6 1 0 0 0 0 0 3 3 2 4 6 0 0 0 0 0 0 0 0 0 0 0 0 0],"tf.Tensor([ 2.7733378  2.6026495  1.6522305  1.8099748  3.3385067 11.       ], shape=(6,), dtype=float32)",0.5,[6 2 5 5 5 3 4 0 0 0 0 0 0 0 0 0 0 0 0 0 0 0 0 0 0],False,"tf.Tensor(
[[2.7733378 2.6026495 1.6522305 1.8099748 3.3385067 3.2374914 3.9521272
  2.4364715 3.977489  1.4120495 2.6064844 2.3364303 3.762246  3.642561
  2.9811246 3.2340007 4.0322895 2.4824727]], shape=(1, 18), dtype=float32)"
1821,[6 2 5 5 5 3 4 0 0 0 0 0 0 0 0 0 0 0 0 0 0 0 0 0 0],"tf.Tensor([ 3.6721375  3.190448   2.5766218  3.6076074  3.477663  10.       ], shape=(6,), dtype=float32)",0.0,[6 3 5 5 5 3 4 0 0 0 0 0 0 0 0 0 0 0 0 0 0 0 0 0 0],False,"tf.Tensor(
[[3.6721375 3.190448  2.5766218 3.6076074 3.477663  2.6932523 3.3112693
  3.7516088 4.1513915 2.6571193 3.804537  2.8047512 4.409651  2.393326
  4.437782  4.515037  4.2761297 4.351589 ]], shape=(1, 18), dtype=float32)"
1822,[6 3 5 5 5 3 4 0 0 0 0 0 0 0 0 0 0 0 0 0 0 0 0 0 0],"tf.Tensor([ 3.7106297  3.2181747  2.6871805  3.6425107  3.5815089 10.       ], shape=(6,), dtype=float32)",0.0,[7 1 0 0 0 0 0 5 5 5 3 4 0 0 0 0 0 0 0 0 0 0 0 0 0],False,"tf.Tensor(
[[3.7106297 3.2181747 2.6871805 3.6425107 3.5815089 2.7596288 3.5043976
  3.802653  4.2984667 2.7308397 3.901217  2.8380306 4.5619483 2.447279
  4.5604553 4.6343546 4.3476152 4.4439836]], shape=(1, 18), dtype=float32)"
1823,[7 1 0 0 0 0 0 5 5 5 3 4 0 0 0 0 0 0 0 0 0 0 0 0 0],"tf.Tensor([ 3.3992577  2.8778956  1.5925709  2.7115693  3.7543075 11.       ], shape=(6,), dtype=float32)",0.5,[7 2 3 6 2 2 1 0 0 0 0 0 0 0 0 0 0 0 0 0 0 0 0 0 0],False,"tf.Tensor(
[[3.3992577 2.8778956 1.5925709 2.7115693 3.7543075 3.8355196 4.564635
  2.9994168 4.033419  1.5472071 3.3123975 2.8126528 4.6173425 4.501021
  3.5496998 3.9874444 4.8252783 3.322237 ]], shape=(1, 18), dtype=float32)"
1824,[7 2 3 6 2 2 1 0 0 0 0 0 0 0 0 0 0 0 0 0 0 0 0 0 0],"tf.Tensor([ 2.6859243  1.9593025  1.9228101  2.3897512  2.6374135 10.       ], shape=(6,), dtype=float32)",0.0,[7 3 3 6 2 2 1 0 0 0 0 0 0 0 0 0 0 0 0 0 0 0 0 0 0],False,"tf.Tensor(
[[2.6859243 1.9593025 1.9228101 2.3897512 2.6374135 2.3615506 3.1475265
  2.7338812 3.428384  1.9666566 2.6875331 2.1715097 3.341211  1.7836753
  3.200101  3.482953  2.9731078 3.4597044]], shape=(1, 18), dtype=float32)"
1825,[7 3 3 6 2 2 1 0 0 0 0 0 0 0 0 0 0 0 0 0 0 0 0 0 0],"tf.Tensor([2.7120059 1.9744267 2.0639918 2.406834  2.7528908 3.       ], shape=(6,), dtype=float32)",0.0,[8 1 0 0 0 0 0 3 6 2 2 1 0 0 0 0 0 0 0 0 0 0 0 0 0],False,"tf.Tensor(
[[2.7120059 1.9744267 2.0639918 2.406834  2.7528908 2.462649  3.352965
  2.767559  3.6517992 2.083493  2.770577  2.2169607 3.4623764 1.8286296
  3.3464563 3.5951805 3.0538316 3.5408   ]], shape=(1, 18), dtype=float32)"
1826,[8 1 0 0 0 0 0 3 6 2 2 1 0 0 0 0 0 0 0 0 0 0 0 0 0],"tf.Tensor([ 2.8641038  1.9744587  1.2032909  2.8748758  2.8093789 11.       ], shape=(6,), dtype=float32)",0.5,[8 2 3 3 1 1 4 0 0 0 0 0 0 0 0 0 0 0 0 0 0 0 0 0 0],False,"tf.Tensor(
[[2.8641038 1.9744587 1.2032909 2.8748758 2.8093789 2.8921416 3.7638228
  2.7082813 2.942373  1.2991233 3.0253813 2.2743318 3.6437306 3.4209073
  2.843302  3.2163327 3.8041093 3.1055768]], shape=(1, 18), dtype=float32)"
1827,[8 2 3 3 1 1 4 0 0 0 0 0 0 0 0 0 0 0 0 0 0 0 0 0 0],"tf.Tensor([2.5044723 2.0356746 1.4462149 2.2602985 2.6374514 7.       ], shape=(6,), dtype=float32)",0.0,[8 3 3 3 1 1 4 0 0 0 0 0 0 0 0 0 0 0 0 0 0 0 0 0 0],False,"tf.Tensor(
[[2.5044723 2.0356746 1.4462149 2.2602985 2.6374514 2.4063034 2.7307231
  2.2107933 3.0443127 1.6115999 2.4320366 1.9514686 3.2603738 2.2751892
  2.6915338 3.0355265 2.947158  3.0608327]], shape=(1, 18), dtype=float32)"
1828,[8 3 3 3 1 1 4 0 0 0 0 0 0 0 0 0 0 0 0 0 0 0 0 0 0],"tf.Tensor([2.5921197 2.1086407 1.5693706 2.2922082 2.738203  7.       ], shape=(6,), dtype=float32)",0.0,[9 1 0 0 0 0 0 3 3 1 1 4 0 0 0 0 0 0 0 0 0 0 0 0 0],False,"tf.Tensor(
[[2.5921197 2.1086407 1.5693706 2.2922082 2.738203  2.4594722 2.8341243
  2.3029644 3.2280626 1.706092  2.5128725 2.0111656 3.3776717 2.3121462
  2.7942483 3.1263788 3.02692   3.1392775]], shape=(1, 18), dtype=float32)"
1829,[9 1 0 0 0 0 0 3 3 1 1 4 0 0 0 0 0 0 0 0 0 0 0 0 0],"tf.Tensor([2.7548234 2.0150416 1.2326834 2.4243581 2.6142297 1.       ], shape=(6,), dtype=float32)",0.5,[9 2 4 5 1 1 6 0 0 0 0 0 0 0 0 0 0 0 0 0 0 0 0 0 0],False,"tf.Tensor(
[[2.7548234 2.0150416 1.2326834 2.4243581 2.6142297 2.7242918 3.6087523
  2.8540857 2.9573288 1.385617  2.74578   2.240533  3.3458378 3.2075572
  2.8523922 2.9556806 3.5914004 2.8409925]], shape=(1, 18), dtype=float32)"
1830,[9 2 4 5 1 1 6 0 0 0 0 0 0 0 0 0 0 0 0 0 0 0 0 0 0],"tf.Tensor([3.0739121 2.676421  1.8426313 2.7716694 3.2363768 7.       ], shape=(6,), dtype=float32)",0.0,[9 3 4 5 1 1 6 0 0 0 0 0 0 0 0 0 0 0 0 0 0 0 0 0 0],False,"tf.Tensor(
[[3.0739121 2.676421  1.8426313 2.7716694 3.2363768 2.7745864 3.069029
  2.6763382 3.6911173 2.0881915 2.9423654 2.1476994 4.043758  2.7774258
  3.3709972 3.6003287 3.5999868 3.6260352]], shape=(1, 18), dtype=float32)"
1831,[9 3 4 5 1 1 6 0 0 0 0 0 0 0 0 0 0 0 0 0 0 0 0 0 0],"tf.Tensor([3.1235678 2.7417834 1.9556988 2.81201   3.352041  7.       ], shape=(6,), dtype=float32)",0.0,[10 1 0 0 0 0 0 4 5 1 1 6 0 0 0 0 0 0 0 0 0 0 0 0 0],False,"tf.Tensor(
[[3.1235678 2.7417834 1.9556988 2.81201   3.352041  2.8232636 3.197975
  2.748379  3.8512619 2.176622  3.0353096 2.1902635 4.1598306 2.8210707
  3.4773962 3.7055602 3.662918  3.707923 ]], shape=(1, 18), dtype=float32)"
1832,[10 1 0 0 0 0 0 4 5 1 1 6 0 0 0 0 0 0 0 0 0 0 0 0 0],"tf.Tensor([ 3.2448595  2.5658765  1.5469334  2.8022468  3.3360264 11.       ], shape=(6,), dtype=float32)",0.5,[10 2 5 4 6 6 5 0 0 0 0 0 0 0 0 0 0 0 0 0 0 0 0 0 0],False,"tf.Tensor(
[[3.2448595 2.5658765 1.5469334 2.8022468 3.3360264 3.188686  4.2097826
  3.397136  3.656657  1.7813433 3.369034  2.6550517 4.0396376 3.7565134
  3.594751  3.6172707 4.248648  3.4233196]], shape=(1, 18), dtype=float32)"
1833,[10 2 5 4 6 6 5 0 0 0 0 0 0 0 0 0 0 0 0 0 0 0 0 0 0],"tf.Tensor([ 4.333299   3.4731839  2.805113   4.402217   3.9678345 10.       ], shape=(6,), dtype=float32)",0.0,[10 3 5 4 6 6 5 0 0 0 0 0 0 0 0 0 0 0 0 0 0 0 0 0 0],False,"tf.Tensor(
[[4.333299  3.4731839 2.805113  4.402217  3.9678345 3.1670277 4.2352657
  4.5691905 4.47303   2.9069166 4.6319823 3.5373113 5.400249  2.8967128
  5.1276064 5.5473614 4.951133  5.4435315]], shape=(1, 18), dtype=float32)"
1834,[10 3 5 4 6 6 5 0 0 0 0 0 0 0 0 0 0 0 0 0 0 0 0 0 0],"tf.Tensor([ 4.368101   3.4924703  2.9187083  4.418533   4.059242  10.       ], shape=(6,), dtype=float32)",0.0,[11 1 0 0 0 0 0 5 4 6 6 5 0 0 0 0 0 0 0 0 0 0 0 0 0],False,"tf.Tensor(
[[4.368101  3.4924703 2.9187083 4.418533  4.059242  3.2155344 4.381468
  4.6080685 4.6135764 2.9956374 4.686342  3.538009  5.5272446 2.9048827
  5.2374134 5.661885  4.9859495 5.5304804]], shape=(1, 18), dtype=float32)"
1835,[11 1 0 0 0 0 0 5 4 6 6 5 0 0 0 0 0 0 0 0 0 0 0 0 0],"tf.Tensor([ 4.312244   3.4763033  1.9551139  3.1170073  4.413932  11.       ], shape=(6,), dtype=float32)",0.5,[11 2 4 6 5 6 5 0 0 0 0 0 0 0 0 0 0 0 0 0 0 0 0 0 0],False,"tf.Tensor(
[[4.312244  3.4763033 1.9551139 3.1170073 4.413932  5.0588064 6.174727
  3.6869109 5.3261156 1.694449  3.752502  3.4094038 5.5932903 5.830474
  4.434078  4.902908  6.232916  3.793797 ]], shape=(1, 18), dtype=float32)"
1836,[11 2 4 6 5 6 5 0 0 0 0 0 0 0 0 0 0 0 0 0 0 0 0 0 0],"tf.Tensor([ 4.500787   3.4211462  2.786273   4.2816734  3.9893782 10.       ], shape=(6,), dtype=float32)",0.0,[11 3 4 6 5 6 5 0 0 0 0 0 0 0 0 0 0 0 0 0 0 0 0 0 0],False,"tf.Tensor(
[[4.500787  3.4211462 2.786273  4.2816734 3.9893782 3.3500392 4.415167
  4.626996  4.691996  2.889362  4.6059623 3.382739  5.4239483 2.9865954
  5.092422  5.5694604 4.8507433 5.517048 ]], shape=(1, 18), dtype=float32)"
1837,[11 3 4 6 5 6 5 0 0 0 0 0 0 0 0 0 0 0 0 0 0 0 0 0 0],"tf.Tensor([ 4.534555   3.431966   2.8988     4.289384   4.0732374 10.       ], shape=(6,), dtype=float32)",0.0,[12 1 0 0 0 0 0 4 6 5 6 5 0 0 0 0 0 0 0 0 0 0 0 0 0],False,"tf.Tensor(
[[4.534555  3.431966  2.8988    4.289384  4.0732374 3.4160118 4.551134
  4.655057  4.849678  2.9807012 4.666845  3.3953464 5.536361  2.9939785
  5.202349  5.6746798 4.879032  5.606376 ]], shape=(1, 18), dtype=float32)"
1838,[12 1 0 0 0 0 0 4 6 5 6 5 0 0 0 0 0 0 0 0 0 0 0 0 0],"tf.Tensor([4.385123  3.400173  1.9212635 3.4106202 4.397645  1.       ], shape=(6,), dtype=float32)",0.5,[12 2 4 3 6 4 1 0 0 0 0 0 0 0 0 0 0 0 0 0 0 0 0 0 0],False,"tf.Tensor(
[[4.385123  3.400173  1.9212635 3.4106202 4.397645  4.9451027 6.2839365
  3.9304833 5.176584  1.7770917 4.13454   3.5359032 5.6920877 5.840357
  4.4658356 5.1453733 6.084498  4.1000733]], shape=(1, 18), dtype=float32)"
1839,[12 2 4 3 6 4 1 0 0 0 0 0 0 0 0 0 0 0 0 0 0 0 0 0 0],"tf.Tensor([ 3.6030135  2.0403736  2.2568052  3.668074   3.0222468 10.       ], shape=(6,), dtype=float32)",0.0,[12 3 4 3 6 4 1 0 0 0 0 0 0 0 0 0 0 0 0 0 0 0 0 0 0],False,"tf.Tensor(
[[3.6030135 2.0403736 2.2568052 3.668074  3.0222468 3.13083   4.6758585
  4.022495  3.9321685 2.3086457 4.0939417 3.4095528 4.3499975 2.2794616
  4.4034576 5.169974  3.9105017 5.05942  ]], shape=(1, 18), dtype=float32)"
1840,[12 3 4 3 6 4 1 0 0 0 0 0 0 0 0 0 0 0 0 0 0 0 0 0 0],"tf.Tensor([ 3.652228   2.0569396  2.3894725  3.6883678  3.1063428 10.       ], shape=(6,), dtype=float32)",0.0,[13 1 0 0 0 0 0 4 3 6 4 1 0 0 0 0 0 0 0 0 0 0 0 0 0],False,"tf.Tensor(
[[3.652228  2.0569396 2.3894725 3.6883678 3.1063428 3.2109625 4.8143253
  4.072134  4.13541   2.426874  4.1580486 3.44728   4.4534945 2.2928612
  4.5406494 5.2591124 3.9744313 5.1422114]], shape=(1, 18), dtype=float32)"
1841,[13 1 0 0 0 0 0 4 3 6 4 1 0 0 0 0 0 0 0 0 0 0 0 0 0],"tf.Tensor([ 4.000647   2.5353055  1.638499   3.5605822  3.7171433 11.       ], shape=(6,), dtype=float32)",0.5,[13 2 4 1 1 1 4 0 0 0 0 0 0 0 0 0 0 0 0 0 0 0 0 0 0],False,"tf.Tensor(
[[4.000647  2.5353055 1.638499  3.5605822 3.7171433 4.447438  5.409976
  3.2765284 4.3668942 1.4341408 3.5899687 2.947884  5.054195  4.6825633
  3.8709538 4.5065947 5.491847  3.9601884]], shape=(1, 18), dtype=float32)"
1842,[13 2 4 1 1 1 4 0 0 0 0 0 0 0 0 0 0 0 0 0 0 0 0 0 0],"tf.Tensor([ 3.1392188  2.052462   1.4493536  2.9781587  3.1172514 12.       ], shape=(6,), dtype=float32)",0.0,[13 3 4 1 1 1 4 0 0 0 0 0 0 0 0 0 0 0 0 0 0 0 0 0 0],False,"tf.Tensor(
[[3.1392188 2.052462  1.4493536 2.9781587 3.1172514 3.3143585 3.9248002
  2.8108542 3.678451  1.811903  3.1081188 2.7129083 3.9494193 3.102907
  3.2892632 3.9658484 3.748437  4.002163 ]], shape=(1, 18), dtype=float32)"
1843,[13 3 4 1 1 1 4 0 0 0 0 0 0 0 0 0 0 0 0 0 0 0 0 0 0],"tf.Tensor([ 3.220454   2.1160562  1.5635014  3.003888   3.2130532 12.       ], shape=(6,), dtype=float32)",22.0,[14 1 0 0 0 0 0 4 1 1 1 4 0 0 0 0 0 0 0 0 0 0 0 0 11],True,"tf.Tensor(
[[3.220454  2.1160562 1.5635014 3.003888  3.2130532 3.3698316 4.01335
  2.8896637 3.8558333 1.8920548 3.1883528 2.767589  4.050689  3.1357806
  3.3833568 4.0463395 3.815046  4.0683136]], shape=(1, 18), dtype=float32)"
1844,[1 1 0 0 0 0 0 5 5 3 2 2 0 0 0 0 0 0 0 0 0 0 0 0 0],"tf.Tensor([ 2.4428704  2.6721756  1.5565605  2.07585    3.2392397 11.       ], shape=(6,), dtype=float32)",0.5,[1 2 5 5 3 2 2 0 0 0 0 0 0 0 0 0 0 0 0 0 0 0 0 0 0],False,"tf.Tensor(
[[2.4428704 2.6721756 1.5565605 2.07585   3.2392397 2.3983965 2.5543454
  2.1227863 3.2888422 1.727017  2.6261845 1.9988519 3.3984976 2.803072
  2.8626678 2.8762293 3.404388  2.616643 ]], shape=(1, 18), dtype=float32)"
1845,[1 2 5 5 3 2 2 0 0 0 0 0 0 0 0 0 0 0 0 0 0 0 0 0 0],"tf.Tensor([ 2.6021352  2.6246724  2.0384192  2.6211376  3.0909572 11.       ], shape=(6,), dtype=float32)",0.0,[1 3 5 5 3 2 2 0 0 0 0 0 0 0 0 0 0 0 0 0 0 0 0 0 0],False,"tf.Tensor(
[[2.6021352 2.6246724 2.0384192 2.6211376 3.0909572 2.1983747 2.6522682
  2.4938471 3.4852433 2.0741558 2.8131816 2.2581372 3.424319  2.1056743
  3.4105542 3.4672418 3.4876153 3.1261747]], shape=(1, 18), dtype=float32)"
1846,[1 3 5 5 3 2 2 0 0 0 0 0 0 0 0 0 0 0 0 0 0 0 0 0 0],"tf.Tensor([2.660277  2.641086  2.1342223 2.64174   3.1645994 3.       ], shape=(6,), dtype=float32)",0.0,[2 1 0 0 0 0 0 5 5 3 2 2 0 0 0 0 0 0 0 0 0 0 0 0 0],False,"tf.Tensor(
[[2.660277  2.641086  2.1342223 2.64174   3.1645994 2.2611446 2.8028038
  2.569207  3.6533444 2.148821  2.9039736 2.2319098 3.5381827 2.1372638
  3.5156047 3.5162978 3.5323138 3.1849914]], shape=(1, 18), dtype=float32)"
1847,[2 1 0 0 0 0 0 5 5 3 2 2 0 0 0 0 0 0 0 0 0 0 0 0 0],"tf.Tensor([2.489948  2.6196854 1.4796808 2.107776  3.2024229 7.       ], shape=(6,), dtype=float32)",0.5,[2 2 6 1 4 6 3 0 0 0 0 0 0 0 0 0 0 0 0 0 0 0 0 0 0],False,"tf.Tensor(
[[2.489948  2.6196854 1.4796808 2.107776  3.2024229 2.4929953 2.7151241
  2.2147174 3.2264023 1.6564779 2.6503086 2.0258873 3.441317  2.945929
  2.8721786 2.9430063 3.4327543 2.6594708]], shape=(1, 18), dtype=float32)"
1848,[2 2 6 1 4 6 3 0 0 0 0 0 0 0 0 0 0 0 0 0 0 0 0 0 0],"tf.Tensor([ 2.8296478  2.8433     2.071155   2.8304102  3.624682  11.       ], shape=(6,), dtype=float32)",0.0,[2 3 6 1 4 6 3 0 0 0 0 0 0 0 0 0 0 0 0 0 0 0 0 0 0],False,"tf.Tensor(
[[2.8296478 2.8433    2.071155  2.8304102 3.624682  2.606085  3.2105856
  2.7346478 3.9170938 1.976091  3.1993542 2.7548382 3.7627325 2.4651885
  3.5395505 3.797437  4.0332575 3.4701664]], shape=(1, 18), dtype=float32)"
1849,[2 3 6 1 4 6 3 0 0 0 0 0 0 0 0 0 0 0 0 0 0 0 0 0 0],"tf.Tensor([ 2.9417913  2.8505185  2.1954467  2.9250348  3.682124  11.       ], shape=(6,), dtype=float32)",0.0,[3 1 0 0 0 0 0 6 1 4 6 3 0 0 0 0 0 0 0 0 0 0 0 0 0],False,"tf.Tensor(
[[2.9417913 2.8505185 2.1954467 2.9250348 3.682124  2.6527488 3.2436059
  2.8404412 4.007446  2.022367  3.3231802 2.780486  3.847845  2.4866877
  3.6284096 3.8564959 4.1224866 3.5769374]], shape=(1, 18), dtype=float32)"
1850,[3 1 0 0 0 0 0 6 1 4 6 3 0 0 0 0 0 0 0 0 0 0 0 0 0],"tf.Tensor([ 2.7310584  3.355236   1.7689598  1.9138011  3.8160791 11.       ], shape=(6,), dtype=float32)",0.5,[3 2 4 2 6 4 4 0 0 0 0 0 0 0 0 0 0 0 0 0 0 0 0 0 0],False,"tf.Tensor(
[[2.7310584 3.355236  1.7689598 1.9138011 3.8160791 3.6524444 3.8384366
  2.2619534 4.405894  1.4670334 2.609342  2.649596  4.0897717 4.0455894
  3.4998624 3.004355  5.0035977 2.3446558]], shape=(1, 18), dtype=float32)"
1851,[3 2 4 2 6 4 4 0 0 0 0 0 0 0 0 0 0 0 0 0 0 0 0 0 0],"tf.Tensor([ 3.149791   3.0005167  2.3178356  3.2910361  3.042683  11.       ], shape=(6,), dtype=float32)",0.0,[3 3 4 2 6 4 4 0 0 0 0 0 0 0 0 0 0 0 0 0 0 0 0 0 0],False,"tf.Tensor(
[[3.149791  3.0005167 2.3178356 3.2910361 3.042683  2.3278081 2.699055
  3.3030822 3.5825062 2.1928577 3.4333324 2.7797258 3.79668   2.0729806
  3.8984451 3.9011793 4.015021  3.6856563]], shape=(1, 18), dtype=float32)"
1852,[3 3 4 2 6 4 4 0 0 0 0 0 0 0 0 0 0 0 0 0 0 0 0 0 0],"tf.Tensor([ 3.1984751  2.9956603  2.4051766  3.389839   3.0646095 11.       ], shape=(6,), dtype=float32)",0.0,[4 1 0 0 0 0 0 4 2 6 4 4 0 0 0 0 0 0 0 0 0 0 0 0 0],False,"tf.Tensor(
[[3.1984751 2.9956603 2.4051766 3.389839  3.0646095 2.295754  2.741264
  3.363118  3.6291122 2.3050435 3.5470817 2.7950315 3.8844166 2.0545607
  3.989637  3.9591942 4.034459  3.7869458]], shape=(1, 18), dtype=float32)"
1853,[4 1 0 0 0 0 0 4 2 6 4 4 0 0 0 0 0 0 0 0 0 0 0 0 0],"tf.Tensor([ 2.8821924  3.0077474  1.763006   1.9705217  3.4874732 11.       ], shape=(6,), dtype=float32)",0.5,[4 2 1 4 2 3 5 0 0 0 0 0 0 0 0 0 0 0 0 0 0 0 0 0 0],False,"tf.Tensor(
[[2.8821924 3.0077474 1.763006  1.9705217 3.4874732 3.2418392 3.5067906
  2.2339168 3.8565526 1.5125574 2.5773637 2.4873362 4.147375  3.985453
  2.9803035 3.2573254 4.2987547 2.5475078]], shape=(1, 18), dtype=float32)"
1854,[4 2 1 4 2 3 5 0 0 0 0 0 0 0 0 0 0 0 0 0 0 0 0 0 0],"tf.Tensor([2.6354318 2.2933564 1.7482166 2.3883939 2.3693779 7.       ], shape=(6,), dtype=float32)",0.0,[4 3 1 4 2 3 5 0 0 0 0 0 0 0 0 0 0 0 0 0 0 0 0 0 0],False,"tf.Tensor(
[[2.6354318 2.2933564 1.7482166 2.3883939 2.3693779 1.9020472 1.9072772
  2.4392953 2.8566008 1.7769245 2.5326219 1.451899  3.0555902 1.7835764
  2.8331056 2.8222651 2.679314  2.8960545]], shape=(1, 18), dtype=float32)"
1855,[4 3 1 4 2 3 5 0 0 0 0 0 0 0 0 0 0 0 0 0 0 0 0 0 0],"tf.Tensor([2.6794426 2.315111  1.8621511 2.429561  2.435499  7.       ], shape=(6,), dtype=float32)",0.0,[5 1 0 0 0 0 0 1 4 2 3 5 0 0 0 0 0 0 0 0 0 0 0 0 0],False,"tf.Tensor(
[[2.6794426 2.315111  1.8621511 2.429561  2.435499  1.9431356 2.0332077
  2.5003827 2.9738617 1.8898454 2.6108396 1.4405307 3.1727462 1.8160472
  2.964102  2.915192  2.724692  2.9753394]], shape=(1, 18), dtype=float32)"
1856,[5 1 0 0 0 0 0 1 4 2 3 5 0 0 0 0 0 0 0 0 0 0 0 0 0],"tf.Tensor([2.4909868 2.2819853 1.4707537 1.7246948 2.7671378 7.       ], shape=(6,), dtype=float32)",0.5,[5 2 6 1 5 5 6 0 0 0 0 0 0 0 0 0 0 0 0 0 0 0 0 0 0],False,"tf.Tensor(
[[2.4909868 2.2819853 1.4707537 1.7246948 2.7671378 2.4616425 2.9864326
  2.1027741 3.071011  1.3565137 2.376862  2.030949  3.2757006 3.0257843
  2.458231  2.986778  3.1660235 2.3760023]], shape=(1, 18), dtype=float32)"
1857,[5 2 6 1 5 5 6 0 0 0 0 0 0 0 0 0 0 0 0 0 0 0 0 0 0],"tf.Tensor([3.3992388 3.334434  2.2810822 3.5014765 3.8266945 7.       ], shape=(6,), dtype=float32)",0.0,[5 3 6 1 5 5 6 0 0 0 0 0 0 0 0 0 0 0 0 0 0 0 0 0 0],False,"tf.Tensor(
[[3.3992388 3.334434  2.2810822 3.5014765 3.8266945 2.8066804 3.1243608
  3.2975147 3.9340508 2.3276668 3.7582557 2.9837904 4.5542483 2.795274
  4.1780043 4.319359  4.46739   4.1464677]], shape=(1, 18), dtype=float32)"
1858,[5 3 6 1 5 5 6 0 0 0 0 0 0 0 0 0 0 0 0 0 0 0 0 0 0],"tf.Tensor([3.4558024 3.321781  2.39465   3.6192102 3.8651354 7.       ], shape=(6,), dtype=float32)",0.0,[6 1 0 0 0 0 0 6 1 5 5 6 0 0 0 0 0 0 0 0 0 0 0 0 0],False,"tf.Tensor(
[[3.4558024 3.321781  2.39465   3.6192102 3.8651354 2.8009262 3.193888
  3.3628256 4.008715  2.4248126 3.8934083 2.9893658 4.6353874 2.8226867
  4.2569804 4.351465  4.5109534 4.2924337]], shape=(1, 18), dtype=float32)"
1859,[6 1 0 0 0 0 0 6 1 5 5 6 0 0 0 0 0 0 0 0 0 0 0 0 0],[1 1 1 1 1 1],0.5,[6 2 3 3 1 5 1 0 0 0 0 0 0 0 0 0 0 0 0 0 0 0 0 0 0],False,"tf.Tensor(
[[3.2388859 3.4227078 2.0026588 2.178206  4.0980406 4.039437  4.5574455
  2.7055671 4.9146953 1.6613622 2.991649  2.9560976 4.5760684 4.58929
  3.7018294 3.534252  5.3927846 2.686845 ]], shape=(1, 18), dtype=float32)"
1860,[6 2 3 3 1 5 1 0 0 0 0 0 0 0 0 0 0 0 0 0 0 0 0 0 0],"tf.Tensor([2.2984936 1.596997  1.6133956 2.23492   2.3730931 7.       ], shape=(6,), dtype=float32)",0.0,[6 3 3 3 1 5 1 0 0 0 0 0 0 0 0 0 0 0 0 0 0 0 0 0 0],False,"tf.Tensor(
[[2.2984936 1.596997  1.6133956 2.23492   2.3730931 2.0213878 3.062795
  2.523828  2.710789  1.7187045 2.413913  2.0383024 3.097854  1.7864158
  2.8823738 3.0005696 2.911249  2.9981663]], shape=(1, 18), dtype=float32)"
1861,[6 3 3 3 1 5 1 0 0 0 0 0 0 0 0 0 0 0 0 0 0 0 0 0 0],"tf.Tensor([2.3171618 1.6137149 1.7459805 2.254935  2.4712493 7.       ], shape=(6,), dtype=float32)",0.0,[7 1 0 0 0 0 0 3 3 1 5 1 0 0 0 0 0 0 0 0 0 0 0 0 0],False,"tf.Tensor(
[[2.3171618 1.6137149 1.7459805 2.254935  2.4712493 2.0741858 3.2243125
  2.5540001 2.8775523 1.8184394 2.4512339 2.0615606 3.2290173 1.7811388
  3.0120528 3.1034548 2.9798028 3.074882 ]], shape=(1, 18), dtype=float32)"
1862,[7 1 0 0 0 0 0 3 3 1 5 1 0 0 0 0 0 0 0 0 0 0 0 0 0],"tf.Tensor([ 2.6971314  2.0077767  1.0956619  2.2615767  2.4893644 11.       ], shape=(6,), dtype=float32)",0.5,[7 2 3 6 2 3 3 0 0 0 0 0 0 0 0 0 0 0 0 0 0 0 0 0 0],False,"tf.Tensor(
[[2.6971314 2.0077767 1.0956619 2.2615767 2.4893644 2.866375  3.5060508
  2.4778035 2.9340827 1.0829681 2.473429  2.0088348 3.2414043 3.277357
  2.6912713 2.977639  3.5381353 2.5918412]], shape=(1, 18), dtype=float32)"
1863,[7 2 3 6 2 3 3 0 0 0 0 0 0 0 0 0 0 0 0 0 0 0 0 0 0],"tf.Tensor([3.056578  2.4525883 2.0582194 2.7453055 2.907316  7.       ], shape=(6,), dtype=float32)",0.0,[7 3 3 6 2 3 3 0 0 0 0 0 0 0 0 0 0 0 0 0 0 0 0 0 0],False,"tf.Tensor(
[[3.056578  2.4525883 2.0582194 2.7453055 2.907316  2.3978968 3.014054
  3.037822  3.5232677 2.1178832 2.9944584 2.1832783 3.7560024 2.0922222
  3.4631853 3.6471152 3.3374581 3.6687148]], shape=(1, 18), dtype=float32)"
1864,[7 3 3 6 2 3 3 0 0 0 0 0 0 0 0 0 0 0 0 0 0 0 0 0 0],"tf.Tensor([3.082319  2.467419  2.1974962 2.7679675 3.0081446 7.       ], shape=(6,), dtype=float32)",0.0,[8 1 0 0 0 0 0 3 6 2 3 3 0 0 0 0 0 0 0 0 0 0 0 0 0],False,"tf.Tensor(
[[3.082319  2.467419  2.1974962 2.7679675 3.0081446 2.4918053 3.2106352
  3.0737307 3.7316427 2.2272038 3.074037  2.2247665 3.8774405 2.128162
  3.6062355 3.7539916 3.4149487 3.7512474]], shape=(1, 18), dtype=float32)"
1865,[8 1 0 0 0 0 0 3 6 2 3 3 0 0 0 0 0 0 0 0 0 0 0 0 0],"tf.Tensor([ 3.085795   2.3207097  1.3917822  2.741885   3.2255957 11.       ], shape=(6,), dtype=float32)",0.5,[8 2 3 5 6 2 4 0 0 0 0 0 0 0 0 0 0 0 0 0 0 0 0 0 0],False,"tf.Tensor(
[[3.085795  2.3207097 1.3917822 2.741885  3.2255957 3.1930718 4.0692544
  2.9097002 3.4202867 1.436646  3.1978326 2.5016847 3.9573483 3.7780879
  3.131168  3.5626788 4.09995   3.1855628]], shape=(1, 18), dtype=float32)"
1866,[8 2 3 5 6 2 4 0 0 0 0 0 0 0 0 0 0 0 0 0 0 0 0 0 0],"tf.Tensor([ 3.7866168  2.915842   2.497883   3.6399515  3.0552616 10.       ], shape=(6,), dtype=float32)",0.0,[8 3 3 5 6 2 4 0 0 0 0 0 0 0 0 0 0 0 0 0 0 0 0 0 0],False,"tf.Tensor(
[[3.7866168 2.915842  2.497883  3.6399515 3.0552616 2.7607849 3.2341714
  3.7975106 4.011402  2.4616919 3.84626   2.6334925 4.2529755 2.08641
  4.3376684 4.65505   3.8340948 4.606048 ]], shape=(1, 18), dtype=float32)"
1867,[8 3 3 5 6 2 4 0 0 0 0 0 0 0 0 0 0 0 0 0 0 0 0 0 0],"tf.Tensor([ 3.8253295  2.9227264  2.6171582  3.6847465  3.1274009 10.       ], shape=(6,), dtype=float32)",60.0,[9 1 0 0 0 0 0 3 5 6 2 4 0 0 0 0 0 0 0 0 0 0 30 0 0],False,"tf.Tensor(
[[3.8253295 2.9227264 2.6171582 3.6847465 3.1274009 2.8088756 3.3712547
  3.8478732 4.1276875 2.557347  3.9502022 2.6280143 4.3847356 2.1189542
  4.4559155 4.771364  3.85512   4.7028527]], shape=(1, 18), dtype=float32)"
1868,[9 1 0 0 0 0 0 3 5 6 2 4 0 0 0 0 0 0 0 0 0 0 30 0 0],"tf.Tensor([3.303169  3.4538527 2.240723  2.7333362 2.047882  9.       ], shape=(6,), dtype=float32)",0.5,[9 2 4 5 1 3 5 0 0 0 0 0 0 0 0 0 0 0 0 0 0 0 30 0 0],False,"tf.Tensor(
[[3.303169  3.4538527 2.240723  2.7333362 2.047882  3.0198734 3.24928
  3.3422608 4.126579  3.0482202 2.833487  1.8761629 3.3180437 2.8395972
  5.132315  3.1616676 5.1170664 2.7444558]], shape=(1, 18), dtype=float32)"
1869,[9 2 4 5 1 3 5 0 0 0 0 0 0 0 0 0 0 0 0 0 0 0 30 0 0],"tf.Tensor([2.71635   3.4079564 2.2135406 2.3570735 1.9554787 3.       ], shape=(6,), dtype=float32)",0.0,[9 3 4 5 1 3 5 0 0 0 0 0 0 0 0 0 0 0 0 0 0 0 30 0 0],False,"tf.Tensor(
[[2.71635   3.4079564 2.2135406 2.3570735 1.9554787 2.3599122 2.9632905
  2.8290217 4.3223553 2.8005083 2.615709  1.5840423 2.3378923 2.3031082
  4.219492  2.6710062 4.0878997 2.437964 ]], shape=(1, 18), dtype=float32)"
1870,[9 3 4 5 1 3 5 0 0 0 0 0 0 0 0 0 0 0 0 0 0 0 30 0 0],"tf.Tensor([2.808722  3.44581   2.2314131 2.4136517 2.0079834 3.       ], shape=(6,), dtype=float32)",8.0,[10 1 0 0 0 0 0 4 5 1 3 5 0 0 0 4 0 0 0 0 0 0 30 0 0],False,"tf.Tensor(
[[2.808722  3.44581   2.2314131 2.4136517 2.0079834 2.4338286 3.0048282
  2.893911  4.3770056 2.827014  2.668618  1.6408545 2.419827  2.3353243
  4.3042483 2.7050443 4.230528  2.502174 ]], shape=(1, 18), dtype=float32)"
1871,[10 1 0 0 0 0 0 4 5 1 3 5 0 0 0 4 0 0 0 0 0 0 30 0 0],"tf.Tensor([ 3.4389706  3.3288949  2.2509155  2.6780097  2.2430916 11.       ], shape=(6,), dtype=float32)",0.5,[10 2 4 2 3 6 4 0 0 0 0 0 0 0 0 4 0 0 0 0 0 0 30 0 0],False,"tf.Tensor(
[[3.4389706 3.3288949 2.2509155 2.6780097 2.2430916 3.013312  2.9933517
  3.2426693 4.371201  3.1107428 2.8563156 1.5366132 3.2567263 2.3341374
  5.2957144 2.7490697 5.3930116 2.6996276]], shape=(1, 18), dtype=float32)"
1872,[10 2 4 2 3 6 4 0 0 0 0 0 0 0 0 4 0 0 0 0 0 0 30 0 0],"tf.Tensor([ 2.7712448  3.4222567  2.271696   2.3093572  2.3199258 11.       ], shape=(6,), dtype=float32)",0.0,[10 3 4 2 3 6 4 0 0 0 0 0 0 0 0 4 0 0 0 0 0 0 30 0 0],False,"tf.Tensor(
[[2.7712448 3.4222567 2.271696  2.3093572 2.3199258 2.5722106 2.738747
  3.0205038 4.3704367 2.8006418 2.5604062 1.5500635 2.6874785 2.3522878
  4.425084  2.2127125 4.673015  2.5647013]], shape=(1, 18), dtype=float32)"
1873,[10 3 4 2 3 6 4 0 0 0 0 0 0 0 0 4 0 0 0 0 0 0 30 0 0],[0 0 0 1 0 0],0.0,[11 1 0 0 0 0 0 4 2 3 6 4 0 0 0 4 0 0 0 0 0 0 30 0 0],False,"tf.Tensor(
[[2.8530078 3.487606  2.275455  2.362011  2.3734097 2.646611  2.772153
  3.0929658 4.411322  2.845093  2.599735  1.6030262 2.777614  2.398608
  4.512767  2.2575393 4.8061686 2.6087108]], shape=(1, 18), dtype=float32)"
1874,[11 1 0 0 0 0 0 4 2 3 6 4 0 0 0 4 0 0 0 0 0 0 30 0 0],"tf.Tensor([ 3.3832335  3.2256434  2.192284   2.3507364  2.2750168 11.       ], shape=(6,), dtype=float32)",0.5,[11 2 5 5 3 3 2 0 0 0 0 0 0 0 0 4 0 0 0 0 0 0 30 0 0],False,"tf.Tensor(
[[3.3832335 3.2256434 2.192284  2.3507364 2.2750168 3.3848803 3.272967
  3.1379976 4.248976  2.9231584 2.4240289 1.4446192 3.56915   2.7406814
  5.1991086 2.6863744 5.4015713 2.640687 ]], shape=(1, 18), dtype=float32)"
1875,[11 2 5 5 3 3 2 0 0 0 0 0 0 0 0 4 0 0 0 0 0 0 30 0 0],"tf.Tensor([2.9525325 3.7404823 2.3923187 2.3823304 2.3245187 3.       ], shape=(6,), dtype=float32)",0.0,[11 3 5 5 3 3 2 0 0 0 0 0 0 0 0 4 0 0 0 0 0 0 30 0 0],False,"tf.Tensor(
[[2.9525325 3.7404823 2.3923187 2.3823304 2.3245187 2.6841085 3.3019454
  3.2140625 4.840497  3.2973197 2.5513954 1.6064781 2.8050418 2.5185893
  4.8338337 2.667349  4.5960855 2.7904341]], shape=(1, 18), dtype=float32)"
1876,[11 3 5 5 3 3 2 0 0 0 0 0 0 0 0 4 0 0 0 0 0 0 30 0 0],"tf.Tensor([3.0348694 3.791994  2.409587  2.4220746 2.3769512 9.       ], shape=(6,), dtype=float32)",0.0,[12 1 0 0 0 0 0 5 5 3 3 2 0 0 0 4 0 0 0 0 0 0 30 0 0],False,"tf.Tensor(
[[3.0348694 3.791994  2.409587  2.4220746 2.3769512 2.7725227 3.3477824
  3.2904608 4.88573   3.3084993 2.5934956 1.6521115 2.9044008 2.570621
  4.925967  2.7080233 4.7413545 2.8446167]], shape=(1, 18), dtype=float32)"
1877,[12 1 0 0 0 0 0 5 5 3 3 2 0 0 0 4 0 0 0 0 0 0 30 0 0],"tf.Tensor([ 3.5690622  3.6809103  2.008963   2.6778786  2.6961498 11.       ], shape=(6,), dtype=float32)",0.5,[12 2 6 3 2 3 3 0 0 0 0 0 0 0 0 4 0 0 0 0 0 0 30 0 0],False,"tf.Tensor(
[[3.5690622 3.6809103 2.008963  2.6778786 2.6961498 3.3877065 3.2285433
  3.4715667 4.4878626 3.1215603 2.807681  1.7364419 3.610806  2.8454294
  5.3407826 2.9498672 5.7610426 2.8895457]], shape=(1, 18), dtype=float32)"
1878,[12 2 6 3 2 3 3 0 0 0 0 0 0 0 0 4 0 0 0 0 0 0 30 0 0],"tf.Tensor([ 2.9968624  3.5616364  2.122645   2.3460634  2.4900708 11.       ], shape=(6,), dtype=float32)",0.0,[12 3 6 3 2 3 3 0 0 0 0 0 0 0 0 4 0 0 0 0 0 0 30 0 0],False,"tf.Tensor(
[[2.9968624 3.5616364 2.122645  2.3460634 2.4900708 2.8300867 3.1382177
  3.1064146 4.6337194 2.9036796 2.5133986 1.565276  2.7911124 2.526615
  4.5414677 2.5605261 4.748886  2.7669296]], shape=(1, 18), dtype=float32)"
1879,[12 3 6 3 2 3 3 0 0 0 0 0 0 0 0 4 0 0 0 0 0 0 30 0 0],"tf.Tensor([ 3.0791988  3.6131482  2.139913   2.3858066  2.5425029 11.       ], shape=(6,), dtype=float32)",0.0,[13 1 0 0 0 0 0 6 3 2 3 3 0 0 0 4 0 0 0 0 0 0 30 0 0],False,"tf.Tensor(
[[3.0791988 3.6131482 2.139913  2.3858066 2.5425029 2.9185004 3.1840534
  3.182812  4.6789517 2.9148593 2.5554981 1.6109085 2.8904712 2.5786457
  4.6336    2.6011999 4.894154  2.8211112]], shape=(1, 18), dtype=float32)"
1880,[13 1 0 0 0 0 0 6 3 2 3 3 0 0 0 4 0 0 0 0 0 0 30 0 0],"tf.Tensor([ 3.6098294  3.3018298  2.1263676  2.499406   2.669412  11.       ], shape=(6,), dtype=float32)",0.5,[13 2 1 5 1 5 6 0 0 0 0 0 0 0 0 4 0 0 0 0 0 0 30 0 0],False,"tf.Tensor(
[[3.6098294 3.3018298 2.1263676 2.499406  2.669412  3.501499  3.6714287
  3.2973173 4.674784  3.1223466 2.7704062 1.621974  3.7058365 2.8176477
  5.3730626 2.9025514 5.7509127 2.8819556]], shape=(1, 18), dtype=float32)"
1881,[13 2 1 5 1 5 6 0 0 0 0 0 0 0 0 4 0 0 0 0 0 0 30 0 0],"tf.Tensor([2.8074055 3.5011616 2.5028882 2.1736972 2.1654613 9.       ], shape=(6,), dtype=float32)",0.0,[13 3 1 5 1 5 6 0 0 0 0 0 0 0 0 4 0 0 0 0 0 0 30 0 0],False,"tf.Tensor(
[[2.8074055 3.5011616 2.5028882 2.1736972 2.1654613 2.6057322 3.2882679
  3.1107616 4.764775  3.339593  2.3146691 1.3684427 2.83354   2.403735
  4.8795896 2.4041135 4.3745565 2.7933824]], shape=(1, 18), dtype=float32)"
1882,[13 3 1 5 1 5 6 0 0 0 0 0 0 0 0 4 0 0 0 0 0 0 30 0 0],"tf.Tensor([2.875449  3.5900161 2.5242066 2.1932452 2.1893723 9.       ], shape=(6,), dtype=float32)",0.0,[14 1 0 0 0 0 0 1 5 1 5 6 0 0 0 4 0 0 0 0 0 0 30 0 0],True,"tf.Tensor(
[[2.875449  3.5900161 2.5242066 2.1932452 2.1893723 2.6814303 3.3386183
  3.1947014 4.8105526 3.3777015 2.3325424 1.4249282 2.9238791 2.4834337
  4.9812236 2.4544704 4.476846  2.8355823]], shape=(1, 18), dtype=float32)"
1883,[1 1 0 0 0 0 0 4 3 5 2 2 0 0 0 0 0 0 0 0 0 0 0 0 0],"tf.Tensor([ 2.2213123  2.4529068  1.5130858  1.8485848  2.8538299 11.       ], shape=(6,), dtype=float32)",0.5,[1 2 4 3 5 2 2 0 0 0 0 0 0 0 0 0 0 0 0 0 0 0 0 0 0],False,"tf.Tensor(
[[2.2213123 2.4529068 1.5130858 1.8485848 2.8538299 2.3220956 2.3888142
  1.9694782 2.9263806 1.5767015 2.3124743 1.8894079 3.2278464 2.7689252
  2.6651163 2.5363617 3.3302512 2.2419467]], shape=(1, 18), dtype=float32)"
1884,[1 2 4 3 5 2 2 0 0 0 0 0 0 0 0 0 0 0 0 0 0 0 0 0 0],"tf.Tensor([ 2.6102307  2.47255    2.004216   2.6872067  2.6962879 11.       ], shape=(6,), dtype=float32)",0.0,[1 3 4 3 5 2 2 0 0 0 0 0 0 0 0 0 0 0 0 0 0 0 0 0 0],False,"tf.Tensor(
[[2.6102307 2.47255   2.004216  2.6872067 2.6962879 2.0497227 2.4507625
  2.6829588 3.256289  1.9390688 2.81219   2.2921665 3.1478643 1.7367691
  3.3306043 3.2765887 3.4319694 3.0510235]], shape=(1, 18), dtype=float32)"
1885,[1 3 4 3 5 2 2 0 0 0 0 0 0 0 0 0 0 0 0 0 0 0 0 0 0],"tf.Tensor([ 2.6446965  2.4946022  2.1157503  2.7236598  2.7670915 11.       ], shape=(6,), dtype=float32)",0.0,[2 1 0 0 0 0 0 4 3 5 2 2 0 0 0 0 0 0 0 0 0 0 0 0 0],False,"tf.Tensor(
[[2.6446965 2.4946022 2.1157503 2.7236598 2.7670915 2.095588  2.6219773
  2.744024  3.382653  2.0212226 2.9115267 2.3288608 3.2792892 1.7712657
  3.463234  3.3790092 3.499795  3.1339955]], shape=(1, 18), dtype=float32)"
1886,[2 1 0 0 0 0 0 4 3 5 2 2 0 0 0 0 0 0 0 0 0 0 0 0 0],[ 0  1  1  1  1 12],0.4,[2 2 6 5 4 4 0 6 0 0 0 0 0 0 0 0 0 0 0 0 0 0 0 0 0],False,"tf.Tensor(
[[2.315889  2.3796995 1.4640713 1.8677962 2.8749297 2.4941437 2.620062
  2.006104  2.9710064 1.4753389 2.2935715 2.001179  3.3546755 2.8828144
  2.661056  2.6069632 3.480547  2.3216558]], shape=(1, 18), dtype=float32)"
1887,[2 2 6 5 4 4 0 6 0 0 0 0 0 0 0 0 0 0 0 0 0 0 0 0 0],[0 0 0 1 0 8],0.0,[2 3 6 5 4 4 0 6 0 0 0 0 0 0 0 0 0 0 0 0 0 0 0 0 0],False,"tf.Tensor(
[[3.0425463 3.0664608 2.6618562 3.372199  4.2207475 3.1077526 3.92955
  3.0878189 4.604499  2.98684   3.6075385 3.1345587 4.586674  3.2522197
  4.729999  3.7345703 5.3163133 3.9805317]], shape=(1, 18), dtype=float32)"
1888,[2 3 6 5 4 4 0 6 0 0 0 0 0 0 0 0 0 0 0 0 0 0 0 0 0],"tf.Tensor([ 3.1641665  3.1134682  2.7880383  3.4700885  4.2310905 11.       ], shape=(6,), dtype=float32)",0.0,[3 1 0 0 0 0 0 3 6 5 4 4 0 0 0 0 0 0 0 0 0 0 0 0 0],False,"tf.Tensor(
[[3.1641665 3.1134682 2.7880383 3.4700885 4.2310905 3.134754  4.021183
  3.252439  4.683421  3.1212957 3.7403238 3.1789193 4.7604933 3.2876585
  4.9080205 3.8083675 5.4144206 4.089518 ]], shape=(1, 18), dtype=float32)"
1889,[3 1 0 0 0 0 0 3 6 5 4 4 0 0 0 0 0 0 0 0 0 0 0 0 0],"tf.Tensor([3.1537125 3.0922892 1.989882  2.3718252 3.5287688 7.       ], shape=(6,), dtype=float32)",0.5,[3 2 6 2 4 4 5 0 0 0 0 0 0 0 0 0 0 0 0 0 0 0 0 0 0],False,"tf.Tensor(
[[3.1537125 3.0922892 1.989882  2.3718252 3.5287688 2.9100747 3.3096893
  2.542638  3.6339748 1.8442094 3.1781592 2.5104733 4.2976108 3.864492
  3.1975663 3.846823  3.9846306 3.0698183]], shape=(1, 18), dtype=float32)"
1890,[3 2 6 2 4 4 5 0 0 0 0 0 0 0 0 0 0 0 0 0 0 0 0 0 0],"tf.Tensor([ 3.048629   3.121655   2.0564382  3.02677    3.654834  11.       ], shape=(6,), dtype=float32)",0.0,[3 3 6 2 4 4 5 0 0 0 0 0 0 0 0 0 0 0 0 0 0 0 0 0 0],False,"tf.Tensor(
[[3.048629  3.121655  2.0564382 3.02677   3.654834  2.6101723 2.8291981
  2.8574917 3.8077505 2.1870353 3.3083692 2.6120918 4.0118423 2.6534219
  3.7251832 3.8103378 4.0779133 3.5761685]], shape=(1, 18), dtype=float32)"
1891,[3 3 6 2 4 4 5 0 0 0 0 0 0 0 0 0 0 0 0 0 0 0 0 0 0],"tf.Tensor([ 3.1354878  3.1379635  2.1748867  3.1338418  3.721164  11.       ], shape=(6,), dtype=float32)",0.0,[4 1 0 0 0 0 0 6 2 4 4 5 0 0 0 0 0 0 0 0 0 0 0 0 0],False,"tf.Tensor(
[[3.1354878 3.1379635 2.1748867 3.1338418 3.721164  2.6208322 2.8851924
  2.9426777 3.8991103 2.2779167 3.450231  2.6466005 4.125566  2.6635582
  3.8265069 3.890311  4.144052  3.6886292]], shape=(1, 18), dtype=float32)"
1892,[4 1 0 0 0 0 0 6 2 4 4 5 0 0 0 0 0 0 0 0 0 0 0 0 0],"tf.Tensor([ 2.871478   3.1824052  1.7981864  1.8825161  3.8806782 11.       ], shape=(6,), dtype=float32)",0.5,[4 2 2 5 6 5 6 0 0 0 0 0 0 0 0 0 0 0 0 0 0 0 0 0 0],False,"tf.Tensor(
[[2.871478  3.1824052 1.7981864 1.8825161 3.8806782 3.664232  4.013992
  2.4000697 4.439     1.4988146 2.6703804 2.591294  4.1577735 4.037744
  3.4026103 3.2127519 4.800331  2.501904 ]], shape=(1, 18), dtype=float32)"
1893,[4 2 2 5 6 5 6 0 0 0 0 0 0 0 0 0 0 0 0 0 0 0 0 0 0],"tf.Tensor([3.8531942 3.445467  2.7228017 3.8119476 3.2952416 9.       ], shape=(6,), dtype=float32)",0.0,[4 3 2 5 6 5 6 0 0 0 0 0 0 0 0 0 0 0 0 0 0 0 0 0 0],False,"tf.Tensor(
[[3.8531942 3.445467  2.7228017 3.8119476 3.2952416 2.5872006 2.7861378
  3.8930545 4.127547  2.6221952 3.8804326 2.7187743 4.2931733 2.2557392
  4.4179196 4.3644624 4.3322806 4.2645216]], shape=(1, 18), dtype=float32)"
1894,[4 3 2 5 6 5 6 0 0 0 0 0 0 0 0 0 0 0 0 0 0 0 0 0 0],"tf.Tensor([3.9041512 3.4709826 2.8016355 3.8202314 3.3579435 9.       ], shape=(6,), dtype=float32)",0.0,[5 1 0 0 0 0 0 2 5 6 5 6 0 0 0 0 0 0 0 0 0 0 0 0 0],False,"tf.Tensor(
[[3.9041512 3.4709826 2.8016355 3.8202314 3.3579435 2.6218958 2.8758776
  3.9402294 4.2340713 2.7051518 3.949941  2.7142825 4.4090075 2.3180718
  4.5121346 4.3923    4.375868  4.3133907]], shape=(1, 18), dtype=float32)"
1895,[5 1 0 0 0 0 0 2 5 6 5 6 0 0 0 0 0 0 0 0 0 0 0 0 0],"tf.Tensor([3.5393243 3.5935574 2.3110979 2.2290308 3.8331313 7.       ], shape=(6,), dtype=float32)",0.5,[5 2 4 1 2 6 2 0 0 0 0 0 0 0 0 0 0 0 0 0 0 0 0 0 0],False,"tf.Tensor(
[[3.5393243 3.5935574 2.3110979 2.2290308 3.8331313 3.1668422 3.8494527
  2.6235204 3.9854155 1.9192182 3.3745635 3.0880427 4.8934784 4.8875628
  3.3312886 4.414577  4.3928647 3.1595016]], shape=(1, 18), dtype=float32)"
1896,[5 2 4 1 2 6 2 0 0 0 0 0 0 0 0 0 0 0 0 0 0 0 0 0 0],"tf.Tensor([2.415583  1.8806576 1.7231946 2.520902  2.5838175 7.       ], shape=(6,), dtype=float32)",0.0,[5 3 4 1 2 6 2 0 0 0 0 0 0 0 0 0 0 0 0 0 0 0 0 0 0],False,"tf.Tensor(
[[2.415583  1.8806576 1.7231946 2.520902  2.5838175 2.073037  2.9145694
  2.603228  2.794819  1.766638  2.715625  2.2767804 3.2657218 1.934117
  3.0635471 3.1408923 3.2175403 3.1524518]], shape=(1, 18), dtype=float32)"
1897,[5 3 4 1 2 6 2 0 0 0 0 0 0 0 0 0 0 0 0 0 0 0 0 0 0],"tf.Tensor([2.4343324 1.8769643 1.8384082 2.572397  2.6296515 7.       ], shape=(6,), dtype=float32)",0.0,[6 1 0 0 0 0 0 4 1 2 6 2 0 0 0 0 0 0 0 0 0 0 0 0 0],False,"tf.Tensor(
[[2.4343324 1.8769643 1.8384082 2.572397  2.6296515 2.112616  3.0652635
  2.6492755 2.8997188 1.8372394 2.8016996 2.2858012 3.3697298 1.9575317
  3.1846724 3.21621   3.2768462 3.2368689]], shape=(1, 18), dtype=float32)"
1898,[6 1 0 0 0 0 0 4 1 2 6 2 0 0 0 0 0 0 0 0 0 0 0 0 0],"tf.Tensor([ 2.7200673  2.4753015  1.477102   1.9770088  2.8759117 11.       ], shape=(6,), dtype=float32)",0.5,[6 2 6 3 4 4 4 0 0 0 0 0 0 0 0 0 0 0 0 0 0 0 0 0 0],False,"tf.Tensor(
[[2.7200673 2.4753015 1.477102  1.9770088 2.8759117 3.1985543 3.6539404
  2.3206162 3.6653237 1.1965897 2.322864  2.2411172 3.4604564 3.5192876
  2.9389176 2.8403778 4.203535  2.2560103]], shape=(1, 18), dtype=float32)"
1899,[6 2 6 3 4 4 4 0 0 0 0 0 0 0 0 0 0 0 0 0 0 0 0 0 0],"tf.Tensor([3.2710512 2.944165  2.3077657 3.3268924 3.522763  7.       ], shape=(6,), dtype=float32)",0.0,[6 3 6 3 4 4 4 0 0 0 0 0 0 0 0 0 0 0 0 0 0 0 0 0 0],False,"tf.Tensor(
[[3.2710512 2.944165  2.3077657 3.3268924 3.522763  2.5924711 3.3064551
  3.3716059 3.8084967 2.5068164 3.5880291 2.93299   4.364817  2.511875
  4.1407084 4.171028  4.2207646 4.1001883]], shape=(1, 18), dtype=float32)"
1900,[6 3 6 3 4 4 4 0 0 0 0 0 0 0 0 0 0 0 0 0 0 0 0 0 0],"tf.Tensor([3.3094811 2.9698687 2.439113  3.3678775 3.614754  7.       ], shape=(6,), dtype=float32)",0.0,[7 1 0 0 0 0 0 6 3 4 4 4 0 0 0 0 0 0 0 0 0 0 0 0 0],False,"tf.Tensor(
[[3.3094811 2.9698687 2.439113  3.3678775 3.614754  2.6582174 3.4949553
  3.4270287 3.9660287 2.5871532 3.6797254 2.9697628 4.512805  2.543923
  4.280466  4.2784333 4.312285  4.184937 ]], shape=(1, 18), dtype=float32)"
1901,[7 1 0 0 0 0 0 6 3 4 4 4 0 0 0 0 0 0 0 0 0 0 0 0 0],"tf.Tensor([ 3.2884479  2.903852   1.661266   2.45484    3.7490816 11.       ], shape=(6,), dtype=float32)",0.5,[7 2 1 6 6 2 3 0 0 0 0 0 0 0 0 0 0 0 0 0 0 0 0 0 0],False,"tf.Tensor(
[[3.2884479 2.903852  1.661266  2.45484   3.7490816 3.9707518 4.595313
  2.8603878 4.28101   1.4291476 3.027158  2.7518983 4.470768  4.445734
  3.5663962 3.6783013 5.014513  2.9849615]], shape=(1, 18), dtype=float32)"
1902,[7 2 1 6 6 2 3 0 0 0 0 0 0 0 0 0 0 0 0 0 0 0 0 0 0],"tf.Tensor([ 3.6406908  2.635604   2.4323182  3.302822   2.5762644 12.       ], shape=(6,), dtype=float32)",0.0,[7 3 1 6 6 2 3 0 0 0 0 0 0 0 0 0 0 0 0 0 0 0 0 0 0],False,"tf.Tensor(
[[3.6406908 2.635604  2.4323182 3.302822  2.5762644 2.645846  2.8623974
  3.633782  3.9624283 2.3099902 3.641133  2.4598758 3.633758  1.7389158
  4.011239  4.2526574 3.387489  4.256263 ]], shape=(1, 18), dtype=float32)"
1903,[7 3 1 6 6 2 3 0 0 0 0 0 0 0 0 0 0 0 0 0 0 0 0 0 0],"tf.Tensor([ 3.7054954  2.643021   2.5476472  3.3589537  2.6638267 10.       ], shape=(6,), dtype=float32)",0.0,[8 1 0 0 0 0 0 1 6 6 2 3 0 0 0 0 0 0 0 0 0 0 0 0 0],False,"tf.Tensor(
[[3.7054954 2.643021  2.5476472 3.3589537 2.6638267 2.721712  2.997549
  3.689102  4.0833154 2.37636   3.7599761 2.463604  3.7715669 1.770888
  4.118977  4.391673  3.4215455 4.371638 ]], shape=(1, 18), dtype=float32)"
1904,[8 1 0 0 0 0 0 1 6 6 2 3 0 0 0 0 0 0 0 0 0 0 0 0 0],"tf.Tensor([ 3.2502394  2.2820785  1.6156698  2.7325592  3.3491814 11.       ], shape=(6,), dtype=float32)",0.5,[8 2 6 2 6 1 1 0 0 0 0 0 0 0 0 0 0 0 0 0 0 0 0 0 0],False,"tf.Tensor(
[[3.2502394 2.2820785 1.6156698 2.7325592 3.3491814 3.40505   4.340767
  2.5514219 3.6529484 1.3324465 3.1909556 2.7230763 4.230477  4.090355
  2.8964036 3.7930806 4.451043  3.1004736]], shape=(1, 18), dtype=float32)"
1905,[8 2 6 2 6 1 1 0 0 0 0 0 0 0 0 0 0 0 0 0 0 0 0 0 0],[1 1 1 1 1 9],0.0,[8 3 6 2 6 1 1 0 0 0 0 0 0 0 0 0 0 0 0 0 0 0 0 0 0],False,"tf.Tensor(
[[3.0451066 2.2944188 2.2638283 3.2930574 3.1489048 2.5158167 3.9421284
  3.4463186 3.570682  2.3180666 3.5375192 2.9885314 4.086621  2.0589173
  4.1375055 4.5347652 3.9124765 4.203211 ]], shape=(1, 18), dtype=float32)"
1906,[8 3 6 2 6 1 1 0 0 0 0 0 0 0 0 0 0 0 0 0 0 0 0 0 0],[1 0 1 1 1 3],0.0,[9 1 0 0 0 0 0 6 2 6 1 1 0 0 0 0 0 0 0 0 0 0 0 0 0],False,"tf.Tensor(
[[3.1090376 2.306922  2.3755975 3.317089  3.2400866 2.6032987 4.114805
  3.5074453 3.7589    2.4045327 3.6157823 3.030165  4.2122335 2.0937295
  4.2658634 4.6376324 3.9827545 4.2987423]], shape=(1, 18), dtype=float32)"
1907,[9 1 0 0 0 0 0 6 2 6 1 1 0 0 0 0 0 0 0 0 0 0 0 0 0],"tf.Tensor([ 3.2127066  2.4537094  1.3367947  3.114744   3.1781497 11.       ], shape=(6,), dtype=float32)",0.5,[9 2 4 2 6 5 6 0 0 0 0 0 0 0 0 0 0 0 0 0 0 0 0 0 0],False,"tf.Tensor(
[[3.2127066 2.4537094 1.3367947 3.114744  3.1781497 3.642286  4.1163106
  2.8804915 3.4461586 1.4030867 3.2272296 2.5856051 4.2387915 3.8875394
  3.523195  3.4578388 4.753283  3.280837 ]], shape=(1, 18), dtype=float32)"
1908,[9 2 4 2 6 5 6 0 0 0 0 0 0 0 0 0 0 0 0 0 0 0 0 0 0],"tf.Tensor([ 3.8511147  3.2268846  2.466821   4.064071   3.4953125 10.       ], shape=(6,), dtype=float32)",0.0,[9 3 4 2 6 5 6 0 0 0 0 0 0 0 0 0 0 0 0 0 0 0 0 0 0],False,"tf.Tensor(
[[3.8511147 3.2268846 2.466821  4.064071  3.4953125 2.7605379 3.4583256
  3.9791965 3.8381462 2.5474148 4.174574  3.0332186 4.839347  2.5796468
  4.545971  4.9234867 4.3379188 4.872131 ]], shape=(1, 18), dtype=float32)"
1909,[9 3 4 2 6 5 6 0 0 0 0 0 0 0 0 0 0 0 0 0 0 0 0 0 0],"tf.Tensor([ 3.8863232  3.2463834  2.5813682  4.0802073  3.5870438 10.       ], shape=(6,), dtype=float32)",0.0,[10 1 0 0 0 0 0 4 2 6 5 6 0 0 0 0 0 0 0 0 0 0 0 0 0],False,"tf.Tensor(
[[3.8863232 3.2463834 2.5813682 4.0802073 3.5870438 2.8090022 3.603862
  4.0182023 3.9794695 2.6372476 4.228399  3.032947  4.9665246 2.5870612
  4.656233  5.038259  4.3724036 4.9593034]], shape=(1, 18), dtype=float32)"
1910,[10 1 0 0 0 0 0 4 2 6 5 6 0 0 0 0 0 0 0 0 0 0 0 0 0],"tf.Tensor([ 3.9057732  3.2698195  1.9265281  2.5960824  4.085414  11.       ], shape=(6,), dtype=float32)",0.5,[10 2 6 4 1 6 5 0 0 0 0 0 0 0 0 0 0 0 0 0 0 0 0 0 0],False,"tf.Tensor(
[[3.9057732 3.2698195 1.9265281 2.5960824 4.085414  4.6066055 5.483916
  3.223929  5.113631  1.6227732 3.2577267 3.073104  5.0029445 5.249835
  3.944391  4.2567387 5.730113  3.2081347]], shape=(1, 18), dtype=float32)"
1911,[10 2 6 4 1 6 5 0 0 0 0 0 0 0 0 0 0 0 0 0 0 0 0 0 0],"tf.Tensor([3.528738  2.8504744 2.2362957 3.463873  3.9656532 7.       ], shape=(6,), dtype=float32)",0.0,[10 3 6 4 1 6 5 0 0 0 0 0 0 0 0 0 0 0 0 0 0 0 0 0 0],False,"tf.Tensor(
[[3.528738  2.8504744 2.2362957 3.463873  3.9656532 3.1653655 4.228536
  3.495778  4.1464663 2.549479  3.72293   2.892377  4.9853797 3.1549652
  4.3597956 4.4843726 4.5316415 4.527004 ]], shape=(1, 18), dtype=float32)"
1912,[10 3 6 4 1 6 5 0 0 0 0 0 0 0 0 0 0 0 0 0 0 0 0 0 0],[0 0 0 0 1 4],10.0,[11 1 0 0 0 0 0 6 4 1 6 5 0 0 0 0 5 0 0 0 0 0 0 0 0],False,"tf.Tensor(
[[3.565117  2.8903024 2.3892016 3.4841268 4.0729012 3.227841  4.3923125
  3.5412526 4.338148  2.6578128 3.7786016 2.9201581 5.1216483 3.1560636
  4.504942  4.5871496 4.6239576 4.601572 ]], shape=(1, 18), dtype=float32)"
1913,[11 1 0 0 0 0 0 6 4 1 6 5 0 0 0 0 5 0 0 0 0 0 0 0 0],[ 1  0  1  1  0 12],0.30000000000000004,[11 2 6 6 1 0 0 0 3 0 0 4 0 0 0 0 5 0 0 0 0 0 0 0 0],False,"tf.Tensor(
[[4.2292814 3.6442926 2.1055098 2.9055097 4.379928  4.6671205 5.441903
  3.671415  5.575785  1.7848212 3.6137466 2.8286836 5.257857  4.933604
  4.426594  4.5218806 5.565695  3.806223 ]], shape=(1, 18), dtype=float32)"
1914,[11 2 6 6 1 0 0 0 3 0 0 4 0 0 0 0 5 0 0 0 0 0 0 0 0],"tf.Tensor([3.859119  2.9388628 2.782391  3.10436   4.199268  1.       ], shape=(6,), dtype=float32)",0.2,[11 3 6 6 1 3 4 0 0 0 0 0 0 0 0 0 5 0 0 0 0 0 0 0 0],False,"tf.Tensor(
[[3.859119  2.9388628 2.782391  3.10436   4.199268  3.5643764 5.546177
  3.8852654 5.3954606 2.5190415 4.019886  3.2826931 5.055035  3.7964354
  4.1897664 4.7003427 4.9117107 4.112991 ]], shape=(1, 18), dtype=float32)"
1915,[11 3 6 6 1 3 4 0 0 0 0 0 0 0 0 0 5 0 0 0 0 0 0 0 0],"tf.Tensor([3.803235  3.0771372 3.0301168 3.4777064 4.1115103 7.       ], shape=(6,), dtype=float32)",0.0,[12 1 0 0 0 0 0 6 2 6 1 1 0 0 0 0 5 0 0 0 0 0 0 0 0],False,"tf.Tensor(
[[3.803235  3.0771372 3.0301168 3.4777064 4.1115103 3.363005  4.9453397
  3.9179015 5.1087627 2.9490092 3.9488654 3.007942  5.4539294 3.0650313
  4.935879  4.635036  4.9430923 4.699797 ]], shape=(1, 18), dtype=float32)"
1916,[12 1 0 0 0 0 0 6 2 6 1 1 0 0 0 0 5 0 0 0 0 0 0 0 0],"tf.Tensor([ 3.9580824  2.4008462  2.0634131  3.59788    3.5425253 11.       ], shape=(6,), dtype=float32)",0.5,[12 2 4 2 6 5 3 0 0 0 0 0 0 0 0 0 5 0 0 0 0 0 0 0 0],False,"tf.Tensor(
[[3.9580824 2.4008462 2.0634131 3.59788   3.5425253 4.106324  5.121935
  3.364777  4.448629  1.8422487 3.589479  2.861895  5.0380607 4.038589
  4.15346   4.09719   5.516717  4.0038958]], shape=(1, 18), dtype=float32)"
1917,[12 2 4 2 6 5 3 0 0 0 0 0 0 0 0 0 5 0 0 0 0 0 0 0 0],"tf.Tensor([3.873308  2.7377715 2.8221638 3.986986  3.6653087 1.       ], shape=(6,), dtype=float32)",0.0,[12 3 4 2 6 5 3 0 0 0 0 0 0 0 0 0 5 0 0 0 0 0 0 0 0],False,"tf.Tensor(
[[3.873308  2.7377715 2.8221638 3.986986  3.6653087 3.1799061 5.4099298
  4.475956  4.5019736 2.7391672 4.629776  3.5141723 5.282912  3.0091567
  5.0703077 5.304946  4.7913356 5.111762 ]], shape=(1, 18), dtype=float32)"
1918,[12 3 4 2 6 5 3 0 0 0 0 0 0 0 0 0 5 0 0 0 0 0 0 0 0],"tf.Tensor([3.905285  2.7507145 2.9349327 4.016785  3.7209513 1.       ], shape=(6,), dtype=float32)",4.0,[13 1 0 0 0 0 0 4 2 6 5 3 0 2 0 0 5 0 0 0 0 0 0 0 0],False,"tf.Tensor(
[[3.905285  2.7507145 2.9349327 4.016785  3.7209513 3.2580357 5.5277815
  4.498628  4.658465  2.8057635 4.702999  3.5543473 5.3849797 3.0029764
  5.1866503 5.3935566 4.8425655 5.2017627]], shape=(1, 18), dtype=float32)"
1919,[13 1 0 0 0 0 0 4 2 6 5 3 0 2 0 0 5 0 0 0 0 0 0 0 0],"tf.Tensor([ 4.7934365  3.497873   2.1337938  3.6774993  4.1443653 11.       ], shape=(6,), dtype=float32)",0.5,[13 2 2 1 2 5 1 0 0 0 0 0 0 2 0 0 5 0 0 0 0 0 0 0 0],False,"tf.Tensor(
[[4.7934365 3.497873  2.1337938 3.6774993 4.1443653 4.841571  5.5782213
  3.8324807 5.478832  1.7862341 3.9926698 3.2390287 5.565059  5.132001
  4.377691  4.896395  6.108348  4.2380333]], shape=(1, 18), dtype=float32)"
1920,[13 2 2 1 2 5 1 0 0 0 0 0 0 2 0 0 5 0 0 0 0 0 0 0 0],[ 0  1  1  0  1 10],0.0,[13 3 2 1 2 5 1 0 0 0 0 0 0 2 0 0 5 0 0 0 0 0 0 0 0],False,"tf.Tensor(
[[3.263385  1.8727671 2.2080367 3.2538896 2.7498395 3.05341   4.834213
  3.7561939 3.934268  1.9845799 4.007317  3.2283313 4.0523515 2.5678942
  4.0413184 4.312524  3.9145877 4.2976904]], shape=(1, 18), dtype=float32)"
1921,[13 3 2 1 2 5 1 0 0 0 0 0 0 2 0 0 5 0 0 0 0 0 0 0 0],"tf.Tensor([3.3434753 1.9417638 2.3158555 3.2815523 2.8536875 1.       ], shape=(6,), dtype=float32)",4.0,[14 1 0 0 0 0 0 2 1 2 5 1 0 4 0 0 5 0 0 0 0 0 0 0 0],True,"tf.Tensor(
[[3.3434753 1.9417638 2.3158555 3.2815523 2.8536875 3.1041555 4.9272976
  3.8401456 4.11153   2.081575  4.0918145 3.2797778 4.1477184 2.6159067
  4.136264  4.4041677 3.9774325 4.3666124]], shape=(1, 18), dtype=float32)"
1922,[1 1 0 0 0 0 0 4 4 2 5 1 0 0 0 0 0 0 0 0 0 0 0 0 0],"tf.Tensor([ 2.0904226  2.5868428  1.4245292  1.773678   3.1441214 11.       ], shape=(6,), dtype=float32)",0.5,[1 2 4 4 2 5 1 0 0 0 0 0 0 0 0 0 0 0 0 0 0 0 0 0 0],False,"tf.Tensor(
[[2.0904226 2.5868428 1.4245292 1.773678  3.1441214 2.4741147 2.6484275
  1.7335236 3.2479794 1.4352237 2.2427921 1.8922237 3.2426572 2.7634852
  2.6898983 2.644809  3.3773391 2.2808924]], shape=(1, 18), dtype=float32)"
1923,[1 2 4 4 2 5 1 0 0 0 0 0 0 0 0 0 0 0 0 0 0 0 0 0 0],"tf.Tensor([ 2.4916203  2.199524   1.7161438  2.3363512  2.7973151 10.       ], shape=(6,), dtype=float32)",0.0,[1 3 4 4 2 5 1 0 0 0 0 0 0 0 0 0 0 0 0 0 0 0 0 0 0],False,"tf.Tensor(
[[2.4916203 2.199524  1.7161438 2.3363512 2.7973151 2.1352236 2.6492405
  2.435404  3.1870022 1.666865  2.5589328 2.1175303 3.0256836 1.8070757
  2.9242728 3.2528226 3.1131115 2.9464853]], shape=(1, 18), dtype=float32)"
1924,[1 3 4 4 2 5 1 0 0 0 0 0 0 0 0 0 0 0 0 0 0 0 0 0 0],"tf.Tensor([2.542474  2.2035155 1.8227564 2.3243663 2.8647237 3.       ], shape=(6,), dtype=float32)",16.0,[2 1 0 0 0 0 0 4 4 2 5 1 0 0 0 8 0 0 0 0 0 0 0 0 0],False,"tf.Tensor(
[[2.542474  2.2035155 1.8227564 2.3243663 2.8647237 2.18171   2.8181498
  2.4997947 3.3392615 1.754419  2.6358933 2.1239066 3.1421385 1.8522284
  3.0350983 3.311179  3.1564424 3.001091 ]], shape=(1, 18), dtype=float32)"
1925,[2 1 0 0 0 0 0 4 4 2 5 1 0 0 0 8 0 0 0 0 0 0 0 0 0],[0 0 0 1 1 7],0.2,[2 2 3 3 0 0 0 4 1 1 0 0 0 0 0 8 0 0 0 0 0 0 0 0 0],False,"tf.Tensor(
[[2.6788986 2.9287274 1.4288224 3.254382  2.7120328 2.140672  1.5893303
  2.838991  2.593355  2.0200632 2.7595003 1.6619511 3.2337546 1.7397156
  3.5798688 3.4898622 3.7041974 3.231307 ]], shape=(1, 18), dtype=float32)"
1926,[2 2 3 3 0 0 0 4 1 1 0 0 0 0 0 8 0 0 0 0 0 0 0 0 0],"tf.Tensor([ 2.1637883  2.6849124  1.040589   2.9835713  1.9150028 11.       ], shape=(6,), dtype=float32)",0.30000000000000004,[2 3 3 3 4 1 1 0 0 0 0 0 0 0 0 8 0 0 0 0 0 0 0 0 0],False,"tf.Tensor(
[[2.1637883  2.6849124  1.040589   2.9835713  1.9150028  1.6354959
  0.49317616 2.8533807  1.4536122  1.6810497  2.434632   1.6019247
  2.7077396  1.2863419  3.0940773  2.4083405  3.348001   2.5702412 ]], shape=(1, 18), dtype=float32)"
1927,[2 3 3 3 4 1 1 0 0 0 0 0 0 0 0 8 0 0 0 0 0 0 0 0 0],"tf.Tensor([ 2.572107   1.9003012  1.7804713  3.3140402  1.316528  12.       ], shape=(6,), dtype=float32)",24.0,[3 1 0 0 0 0 0 4 2 2 3 3 0 0 0 8 0 0 0 0 0 0 0 0 12],False,"tf.Tensor(
[[2.572107   1.9003012  1.7804713  3.3140402  1.316528   1.5988762
  1.232222   2.7381012  2.0346832  1.8032097  2.618223   1.728635
  2.4618542  0.47080863 3.3016422  3.1490455  2.8522117  3.3104737 ]], shape=(1, 18), dtype=float32)"
1928,[3 1 0 0 0 0 0 4 2 2 3 3 0 0 0 8 0 0 0 0 0 0 0 0 12],"tf.Tensor([2.4875174 1.944817  1.8795208 2.9695554 1.2638294 9.       ], shape=(6,), dtype=float32)",0.5,[3 2 5 1 3 4 2 0 0 0 0 0 0 0 0 8 0 0 0 0 0 0 0 0 12],False,"tf.Tensor(
[[2.4875174 1.944817  1.8795208 2.9695554 1.2638294 1.6574565 1.9821254
  3.1576397 1.849424  2.3689897 2.3468177 2.3476021 3.2058446 1.1400676
  3.929815  2.554772  3.599598  3.3636572]], shape=(1, 18), dtype=float32)"
1929,[3 2 5 1 3 4 2 0 0 0 0 0 0 0 0 8 0 0 0 0 0 0 0 0 12],"tf.Tensor([2.3956285 1.3500881 2.3215575 3.2994869 1.0423474 9.       ], shape=(6,), dtype=float32)",0.0,[3 3 5 1 3 4 2 0 0 0 0 0 0 0 0 8 0 0 0 0 0 0 0 0 12],False,"tf.Tensor(
[[2.3956285  1.3500881  2.3215575  3.2994869  1.0423474  1.5917369
  2.5781634  3.2015626  2.1581435  2.6421525  2.6533973  2.2215266
  3.2573814  0.55288416 4.417702   3.1182878  3.2890744  3.752989  ]], shape=(1, 18), dtype=float32)"
1930,[3 3 5 1 3 4 2 0 0 0 0 0 0 0 0 8 0 0 0 0 0 0 0 0 12],"tf.Tensor([2.4805453 1.4170572 2.4614985 3.3413057 1.1453799 9.       ], shape=(6,), dtype=float32)",60.0,[4 1 0 0 0 0 0 5 1 3 4 2 0 0 0 8 0 0 0 0 0 30 0 0 12],False,"tf.Tensor(
[[2.4805453 1.4170572 2.4614985 3.3413057 1.1453799 1.6463017 2.6885374
  3.2914286 2.330041  2.7394295 2.7508924 2.2813256 3.4026246 0.5626638
  4.5432186 3.1959326 3.4149134 3.8375084]], shape=(1, 18), dtype=float32)"
1931,[4 1 0 0 0 0 0 5 1 3 4 2 0 0 0 8 0 0 0 0 0 30 0 0 12],"tf.Tensor([ 1.5211352   1.725681    1.0991613   1.740248   -0.16570142  1.        ], shape=(6,), dtype=float32)",0.4,[4 2 6 1 1 6 0 0 0 0 0 6 0 0 0 8 0 0 0 0 0 30 0 0 12],False,"tf.Tensor(
[[ 1.5211352   1.725681    1.0991613   1.740248   -0.16570142  2.8518472
   3.3200831   1.4846668   1.4351218   1.1881578   0.6793619  -1.9666692
  -0.77744067  0.56113887  0.12573743  1.4343178   1.4925033   2.1726627 ]], shape=(1, 18), dtype=float32)"
1932,[4 2 6 1 1 6 0 0 0 0 0 6 0 0 0 8 0 0 0 0 0 30 0 0 12],"tf.Tensor([1.5787613  1.674438   1.0213059  1.8899277  0.73170894 1.        ], shape=(6,), dtype=float32)",0.0,[4 3 6 1 1 6 0 0 0 0 0 5 0 0 0 8 0 0 0 0 0 30 0 0 12],False,"tf.Tensor(
[[ 1.5787613   1.674438    1.0213059   1.8899277   0.73170894  1.7129744
   3.0130007   2.131476    0.95550793  0.4375804   0.8054947  -1.1646996
   1.0769035   1.8800898   0.93575513  1.2267592   1.8948985   1.2690948 ]], shape=(1, 18), dtype=float32)"
1933,[4 3 6 1 1 6 0 0 0 0 0 5 0 0 0 8 0 0 0 0 0 30 0 0 12],"tf.Tensor([1.4515623  1.6623721  0.97053117 1.9148445  0.5932348  1.        ], shape=(6,), dtype=float32)",0.0,[5 1 0 0 0 0 0 6 1 1 6 2 0 0 0 8 0 0 0 0 0 30 0 0 12],False,"tf.Tensor(
[[ 1.4515623   1.6623721   0.97053117  1.9148445   0.5932348   1.7813087
   3.072918    2.1004894   0.86985964  0.5856326   0.85555685 -1.3170211
   0.98068225  1.7532599   0.9076915   1.2870467   1.9167      1.2667291 ]], shape=(1, 18), dtype=float32)"
1934,[5 1 0 0 0 0 0 6 1 1 6 2 0 0 0 8 0 0 0 0 0 30 0 0 12],"tf.Tensor([ 1.4209574  1.8442564  1.0288401  1.9052699 -0.3192216  1.       ], shape=(6,), dtype=float32)",0.4,[5 2 6 3 3 6 0 0 0 0 0 3 0 0 0 8 0 0 0 0 0 30 0 0 12],False,"tf.Tensor(
[[ 1.4209574   1.8442564   1.0288401   1.9052699  -0.3192216   2.5104063
   3.2806578   1.6818941   0.8998092   1.5006529   0.72311735 -2.1814895
  -0.8872291   0.6762351  -0.04312419  1.4639323   1.276653    2.3124454 ]], shape=(1, 18), dtype=float32)"
1935,[5 2 6 3 3 6 0 0 0 0 0 3 0 0 0 8 0 0 0 0 0 30 0 0 12],"tf.Tensor([1.4065464  1.6227963  0.9003459  1.8632878  0.64443344 1.        ], shape=(6,), dtype=float32)",0.0,[5 3 6 3 3 6 0 0 0 0 0 2 0 0 0 8 0 0 0 0 0 30 0 0 12],False,"tf.Tensor(
[[ 1.4065464   1.6227963   0.9003459   1.8632878   0.64443344  1.2071103
   2.5640738   2.2155266   0.61869     0.7141253   0.85207903 -1.0153531
   1.0270382   1.970794    0.8832724   0.85575086  1.6971582   1.1299007 ]], shape=(1, 18), dtype=float32)"
1936,[5 3 6 3 3 6 0 0 0 0 0 2 0 0 0 8 0 0 0 0 0 30 0 0 12],"tf.Tensor([1.3718288  1.6441512  0.9096136  1.7776536  0.47915402 1.        ], shape=(6,), dtype=float32)",0.0,[6 1 0 0 0 0 0 6 3 3 6 4 0 0 0 8 0 0 0 0 0 30 0 0 12],False,"tf.Tensor(
[[ 1.3718288   1.6441512   0.9096136   1.7776536   0.47915402  1.2942444
   2.7405896   2.2502956   0.57879394  0.8712311   0.73003554 -1.0965407
   0.7863704   1.8911729   0.7517028   0.85114646  1.6821289   1.2126434 ]], shape=(1, 18), dtype=float32)"
1937,[6 1 0 0 0 0 0 6 3 3 6 4 0 0 0 8 0 0 0 0 0 30 0 0 12],"tf.Tensor([1.5637724  1.9736545  1.2260959  2.2228208  0.14832221 1.        ], shape=(6,), dtype=float32)",0.4,[6 2 3 6 4 6 0 0 0 0 0 2 0 0 0 8 0 0 0 0 0 30 0 0 12],False,"tf.Tensor(
[[ 1.5637724   1.9736545   1.2260959   2.2228208   0.14832221  2.6961403
   3.2532957   1.4824394   1.1349968   1.430503    1.2128567  -1.8745453
  -0.06408048  0.72062176  0.66555244  1.8226006   1.541884    2.2511013 ]], shape=(1, 18), dtype=float32)"
1938,[6 2 3 6 4 6 0 0 0 0 0 2 0 0 0 8 0 0 0 0 0 30 0 0 12],"tf.Tensor([1.6758796 1.5175167 0.9907187 1.7803977 1.0601449 2.       ], shape=(6,), dtype=float32)",0.1,[6 3 3 6 4 6 2 0 0 0 0 0 0 0 0 8 0 0 0 0 0 30 0 0 12],False,"tf.Tensor(
[[ 1.6758796   1.5175167   0.9907187   1.7803977   1.0601449   0.7777262
   1.827627    2.7637172   0.7527894   0.8428112   0.83355045 -0.49761355
   1.1652843   2.6332002   1.0881182   0.45097342  1.5204695   1.1039776 ]], shape=(1, 18), dtype=float32)"
1939,[6 3 3 6 4 6 2 0 0 0 0 0 0 0 0 8 0 0 0 0 0 30 0 0 12],[ 0  1  1  0  0 11],0.0,[7 1 0 0 0 0 0 3 6 4 6 2 0 0 0 8 0 0 0 0 0 30 0 0 12],False,"tf.Tensor(
[[ 1.718996    1.7545078   0.89260477  1.5964768   1.0815328   1.056501
   1.8027486   2.733815    0.8372101   0.8205141   0.63554734 -0.5821133
   0.9525827   2.5165427   0.6821603   0.50998455  1.5225263   1.196364  ]], shape=(1, 18), dtype=float32)"
1940,[7 1 0 0 0 0 0 3 6 4 6 2 0 0 0 8 0 0 0 0 0 30 0 0 12],"tf.Tensor([ 1.5759261   1.8794438   1.3154228   1.9944689  -0.05639877  1.        ], shape=(6,), dtype=float32)",0.4,[7 2 1 1 5 5 0 0 0 0 0 3 0 0 0 8 0 0 0 0 0 30 0 0 12],False,"tf.Tensor(
[[ 1.5759261   1.8794438   1.3154228   1.9944689  -0.05639877  2.8898873
   3.8762925   1.881474    1.2926606   1.5133394   0.96339786 -1.7827549
  -0.23213884  0.8229652   0.53614163  1.8764609   1.6521431   2.0113084 ]], shape=(1, 18), dtype=float32)"
1941,[7 2 1 1 5 5 0 0 0 0 0 3 0 0 0 8 0 0 0 0 0 30 0 0 12],"tf.Tensor([1.6386704  1.5569594  1.0924059  1.5988268  0.41486928 2.        ], shape=(6,), dtype=float32)",0.0,[7 3 1 1 5 5 0 0 0 0 0 2 0 0 0 8 0 0 0 0 0 30 0 0 12],False,"tf.Tensor(
[[ 1.6386704   1.5569594   1.0924059   1.5988268   0.41486928  1.1716173
   2.0053697   2.518174    0.64309275  0.9600945   0.797824   -0.86415607
   0.31438434  2.2049572   0.51321256  0.41219184  1.2355239   1.3836554 ]], shape=(1, 18), dtype=float32)"
1942,[7 3 1 1 5 5 0 0 0 0 0 2 0 0 0 8 0 0 0 0 0 30 0 0 12],"tf.Tensor([1.5186738  1.5125225  1.047635   1.5467772  0.20661306 2.        ], shape=(6,), dtype=float32)",0.0,[8 1 0 0 0 0 0 1 1 5 5 3 0 0 0 8 0 0 0 0 0 30 0 0 12],False,"tf.Tensor(
[[ 1.5186738   1.5125225   1.047635    1.5467772   0.20661306  1.3067666
   2.2946928   2.565835    0.5549044   1.1541481   0.66787815 -0.9579713
   0.08497515  2.0890462   0.4402856   0.47892964  1.2673475   1.4570012 ]], shape=(1, 18), dtype=float32)"
1943,[8 1 0 0 0 0 0 1 1 5 5 3 0 0 0 8 0 0 0 0 0 30 0 0 12],"tf.Tensor([ 1.964398    1.7107657   1.5116836   1.279512   -0.17912003  1.        ], shape=(6,), dtype=float32)",0.4,[8 2 2 4 5 1 0 0 0 0 0 6 0 0 0 8 0 0 0 0 0 30 0 0 12],False,"tf.Tensor(
[[ 1.964398    1.7107657   1.5116836   1.279512   -0.17912003  2.566478
   2.9644861   1.7377129   1.8915429   1.0642097   0.20446417 -1.4723142
  -0.8695703   0.9133818   0.17343721  0.92292583  1.1788913   2.038448  ]], shape=(1, 18), dtype=float32)"
1944,[8 2 2 4 5 1 0 0 0 0 0 6 0 0 0 8 0 0 0 0 0 30 0 0 12],"tf.Tensor([2.0047908 1.6018077 1.3905121 1.9262835 1.2183082 2.       ], shape=(6,), dtype=float32)",0.1,[8 3 2 4 5 1 6 0 0 0 0 0 0 0 0 8 0 0 0 0 0 30 0 0 12],False,"tf.Tensor(
[[ 2.0047908   1.6018077   1.3905121   1.9262835   1.2183082   0.6807668
   1.4526299   2.542175    1.1533706   0.86756086  1.1003102  -0.50950485
   1.3457339   2.4643567   1.3379511   0.61372113  1.2493241   1.3227974 ]], shape=(1, 18), dtype=float32)"
1945,[8 3 2 4 5 1 6 0 0 0 0 0 0 0 0 8 0 0 0 0 0 30 0 0 12],[1 1 1 1 1 8],0.0,[9 1 0 0 0 0 0 2 4 5 1 4 0 0 0 8 0 0 0 0 0 30 0 0 12],False,"tf.Tensor(
[[ 1.8715234   1.8076146   1.081678    1.4624456   1.0192468   1.3241525
   1.5864644   2.6257586   1.075908    0.8596747   0.66139674 -0.6291473
   0.5531385   2.1194198   0.21574849  0.831751    1.1059104   1.5138668 ]], shape=(1, 18), dtype=float32)"
1946,[9 1 0 0 0 0 0 2 4 5 1 4 0 0 0 8 0 0 0 0 0 30 0 0 12],"tf.Tensor([ 1.5649377  1.2377422  1.4075643  1.7805622 -0.104687   1.       ], shape=(6,), dtype=float32)",0.4,[9 2 3 4 2 4 0 0 0 0 0 4 0 0 0 8 0 0 0 0 0 30 0 0 12],False,"tf.Tensor(
[[ 1.5649377   1.2377422   1.4075643   1.7805622  -0.104687    2.6723669
   3.701356    1.6739007   1.4989883   1.5895376   0.8022498  -1.3816316
   0.05225327  0.79748946  1.0922836   1.4195119   1.6703905   1.8274295 ]], shape=(1, 18), dtype=float32)"
1947,[9 2 3 4 2 4 0 0 0 0 0 4 0 0 0 8 0 0 0 0 0 30 0 0 12],"tf.Tensor([1.663408  1.4698374 1.1427208 1.706249  0.7419598 2.       ], shape=(6,), dtype=float32)",0.0,[9 3 3 4 2 4 0 0 0 0 0 5 0 0 0 8 0 0 0 0 0 30 0 0 12],False,"tf.Tensor(
[[ 1.663408    1.4698374   1.1427208   1.706249    0.7419598   1.0934101
   2.1925595   2.5855403   0.96694267  1.3328265   0.8030411  -0.62355113
   0.88839704  2.3602672   1.2298288   0.5578303   1.4886224   1.4210728 ]], shape=(1, 18), dtype=float32)"
1948,[9 3 3 4 2 4 0 0 0 0 0 5 0 0 0 8 0 0 0 0 0 30 0 0 12],"tf.Tensor([1.7082577  1.4588261  1.2204883  1.8487623  0.86339676 2.        ], shape=(6,), dtype=float32)",6.0,[10 1 0 0 0 0 0 3 4 2 4 3 0 0 3 8 0 0 0 0 0 30 0 0 12],False,"tf.Tensor(
[[ 1.7082577   1.4588261   1.2204883   1.8487623   0.86339676  1.0196667
   2.190614    2.5738266   1.0213866   1.3102516   0.9300388  -0.6293028
   1.1362934   2.3837702   1.4327221   0.66724634  1.5097039   1.4279164 ]], shape=(1, 18), dtype=float32)"
1949,[10 1 0 0 0 0 0 3 4 2 4 3 0 0 3 8 0 0 0 0 0 30 0 0 12],"tf.Tensor([ 1.450019   1.1566074  1.2850119  1.8195472 -0.1228136  1.       ], shape=(6,), dtype=float32)",0.4,[10 2 2 6 5 3 0 0 0 0 0 5 0 0 3 8 0 0 0 0 0 30 0 0 12],False,"tf.Tensor(
[[ 1.450019    1.1566074   1.2850119   1.8195472  -0.1228136   2.4240642
   3.7850854   2.0540755   0.9945841   1.9931809   0.8482104  -1.0686501
   0.08979652  1.054174    1.053378    1.277846    1.6911606   1.9037528 ]], shape=(1, 18), dtype=float32)"
1950,[10 2 2 6 5 3 0 0 0 0 0 5 0 0 3 8 0 0 0 0 0 30 0 0 12],"tf.Tensor([1.7403865  1.859416   0.98381495 1.7541567  1.7560031  2.        ], shape=(6,), dtype=float32)",0.1,[10 3 2 6 5 3 5 0 0 0 0 0 0 0 3 8 0 0 0 0 0 30 0 0 12],False,"tf.Tensor(
[[1.7403865  1.859416   0.98381495 1.7541567  1.7560031  1.0013441
  1.6504942  3.1599827  1.3650888  1.4156909  1.4467186  0.30709082
  2.0296996  2.817589   1.6953657  0.8252405  2.1177773  1.0426102 ]], shape=(1, 18), dtype=float32)"
1951,[10 3 2 6 5 3 5 0 0 0 0 0 0 0 3 8 0 0 0 0 0 30 0 0 12],"tf.Tensor([1.8479168  1.6992844  0.80410945 1.6538968  1.6513692  2.        ], shape=(6,), dtype=float32)",0.0,[11 1 0 0 0 0 0 2 6 5 3 5 0 0 3 8 0 0 0 0 0 30 0 0 12],False,"tf.Tensor(
[[1.8479168  1.6992844  0.80410945 1.6538968  1.6513692  1.494485
  1.2992342  3.116653   1.5634701  1.4489655  1.250064   0.58337575
  1.8069817  2.8423998  1.3031564  0.90614825 1.911442   1.4901161 ]], shape=(1, 18), dtype=float32)"
1952,[11 1 0 0 0 0 0 2 6 5 3 5 0 0 3 8 0 0 0 0 0 30 0 0 12],"tf.Tensor([1.6463863 1.2206955 1.3418784 2.1958694 0.7525513 1.       ], shape=(6,), dtype=float32)",0.4,[11 2 2 5 2 1 0 0 0 0 0 5 0 0 3 8 0 0 0 0 0 30 0 0 12],False,"tf.Tensor(
[[ 1.6463863  1.2206955  1.3418784  2.1958694  0.7525513  2.7850823
   3.7408626  1.876193   1.9220028  1.691098   1.448953  -0.6248697
   1.2434522  1.5595713  1.8501152  1.8865317  2.1502702  1.9975555]], shape=(1, 18), dtype=float32)"
1953,[11 2 2 5 2 1 0 0 0 0 0 5 0 0 3 8 0 0 0 0 0 30 0 0 12],"tf.Tensor([1.9016929 1.3960884 1.1537782 1.6950547 1.4075488 2.       ], shape=(6,), dtype=float32)",0.1,[11 3 2 5 2 1 5 0 0 0 0 0 0 0 3 8 0 0 0 0 0 30 0 0 12],False,"tf.Tensor(
[[1.9016929  1.3960884  1.1537782  1.6950547  1.4075488  1.4632024
  1.9755026  2.8411767  1.7819463  1.4828963  1.1379116  0.19825009
  1.5521879  2.6597404  1.8073814  0.710921   1.9120425  1.4133718 ]], shape=(1, 18), dtype=float32)"
1954,[11 3 2 5 2 1 5 0 0 0 0 0 0 0 3 8 0 0 0 0 0 30 0 0 12],"tf.Tensor([1.6260939 1.0434394 0.9070102 1.3717358 1.0539836 2.       ], shape=(6,), dtype=float32)",-6.0,[12 1 0 0 0 0 0 2 5 2 1 1 0 0 0 8 0 0 0 0 0 30 0 0 12],False,"tf.Tensor(
[[1.6260939  1.0434394  0.9070102  1.3717358  1.0539836  1.9743453
  2.2968419  2.823493   1.6156278  1.6876047  1.0161626  0.45872158
  0.86582005 2.3929982  1.1325438  0.85034925 1.6560564  1.6376581 ]], shape=(1, 18), dtype=float32)"
1955,[12 1 0 0 0 0 0 2 5 2 1 1 0 0 0 8 0 0 0 0 0 30 0 0 12],"tf.Tensor([ 1.0543882  0.9165761  1.0368296  1.6460885 -0.6936546  1.       ], shape=(6,), dtype=float32)",0.4,[12 2 6 3 6 5 0 0 0 0 0 1 0 0 0 8 0 0 0 0 0 30 0 0 12],False,"tf.Tensor(
[[ 1.0543882   0.9165761   1.0368296   1.6460885  -0.6936546   2.9794805
   4.85843     2.2166996   0.7834168   2.3648584   0.6864669  -1.1239864
  -0.4994863   0.9438341   0.85807025  1.2564626   1.972491    1.8047154 ]], shape=(1, 18), dtype=float32)"
1956,[12 2 6 3 6 5 0 0 0 0 0 1 0 0 0 8 0 0 0 0 0 30 0 0 12],[0 1 0 0 1 0],0.1,[12 3 6 3 6 5 1 0 0 0 0 0 0 0 0 8 0 0 0 0 0 30 0 0 12],False,"tf.Tensor(
[[ 1.0679559   1.2763712   0.5559254   1.6707767   0.49149787  1.8383105
   2.741666    2.8146527   0.6515321   1.9449188   1.1369476  -0.20676133
   0.9187177   2.2351406   1.183357    0.91184133  2.0255897   1.3983722 ]], shape=(1, 18), dtype=float32)"
1957,[12 3 6 3 6 5 1 0 0 0 0 0 0 0 0 8 0 0 0 0 0 30 0 0 12],"tf.Tensor([1.029406   1.3189968  0.45772302 1.6687227  0.47626474 1.        ], shape=(6,), dtype=float32)",0.0,[13 1 0 0 0 0 0 6 3 6 5 5 0 0 0 8 0 0 0 0 0 30 0 0 12],False,"tf.Tensor(
[[ 1.029406    1.3189968   0.45772302  1.6687227   0.47626474  2.0512788
   2.869189    2.830126    0.66087455  1.9818633   1.0906188  -0.27832463
   0.84049886  2.1764283   1.03549     1.1102502   2.0408962   1.4947562 ]], shape=(1, 18), dtype=float32)"
1958,[13 1 0 0 0 0 0 6 3 6 5 5 0 0 0 8 0 0 0 0 0 30 0 0 12],[1 0 1 1 1 2],0.4,[13 2 4 3 4 3 0 0 1 0 0 0 0 0 0 8 0 0 0 0 0 30 0 0 12],False,"tf.Tensor(
[[ 1.3457875   1.3428812   1.4439101   2.4152794  -0.00447277  3.212682
   4.284641    1.8522419   1.5818704   2.154784    1.8027338  -1.2544051
   0.73036075  0.83243847  1.6211112   2.4402254   2.1953707   2.376167  ]], shape=(1, 18), dtype=float32)"
1959,[13 2 4 3 4 3 0 0 1 0 0 0 0 0 0 8 0 0 0 0 0 30 0 0 12],"tf.Tensor([1.0284276  0.91102093 0.62941635 1.5005409  0.2153708  1.        ], shape=(6,), dtype=float32)",0.1,[13 3 4 3 4 3 1 0 0 0 0 0 0 0 0 8 0 0 0 0 0 30 0 0 12],False,"tf.Tensor(
[[ 1.0284276   0.91102093  0.62941635  1.5005409   0.2153708   2.4996192
   3.5001256   2.7512677   0.82598025  2.3714373   0.8347594  -0.16673735
   0.44543284  1.9753904   1.2258607   0.85360223  2.2015631   1.6433789 ]], shape=(1, 18), dtype=float32)"
1960,[13 3 4 3 4 3 1 0 0 0 0 0 0 0 0 8 0 0 0 0 0 30 0 0 12],"tf.Tensor([1.0610051  0.90424263 0.65943545 1.483552   0.25857893 1.        ], shape=(6,), dtype=float32)",0.0,[14 1 0 0 0 0 0 4 4 3 4 3 0 0 0 8 0 0 0 0 0 30 0 0 12],True,"tf.Tensor(
[[ 1.0610051   0.90424263  0.65943545  1.483552    0.25857893  2.4548576
   3.318195    2.7270687   0.86465985  2.3276699   0.84961784 -0.12057973
   0.45434928  1.9854507   1.1621      0.88957405  2.083016    1.7420753 ]], shape=(1, 18), dtype=float32)"
1961,[1 1 0 0 0 0 0 1 5 1 5 6 0 0 0 0 0 0 0 0 0 0 0 0 0],[ 1  0  0  0  1 11],0.2,[1 2 1 6 0 0 0 0 4 3 1 0 0 0 0 0 0 0 0 0 0 0 0 0 0],False,"tf.Tensor(
[[2.3562624 2.6196134 1.815627  1.7347394 2.9183824 2.3274908 2.8344498
  1.764095  3.33552   1.4149108 2.478619  1.9460487 3.3147032 2.9476337
  2.5708683 3.0289426 3.2217872 2.2528028]], shape=(1, 18), dtype=float32)"
1962,[1 2 1 6 0 0 0 0 4 3 1 0 0 0 0 0 0 0 0 0 0 0 0 0 0],"tf.Tensor([ 2.5277023  2.2321625  2.1603384  2.1303198  2.8004384 10.       ], shape=(6,), dtype=float32)",0.30000000000000004,[1 3 1 6 4 3 1 0 0 0 0 0 0 0 0 0 0 0 0 0 0 0 0 0 0],False,"tf.Tensor(
[[2.5277023 2.2321625 2.1603384 2.1303198 2.8004384 1.8867443 2.6811514
  1.777858  3.0360541 1.6916559 2.75786   1.4223843 3.3863213 2.4528425
  2.5749571 3.6655262 2.8267505 2.5197365]], shape=(1, 18), dtype=float32)"
1963,[1 3 1 6 4 3 1 0 0 0 0 0 0 0 0 0 0 0 0 0 0 0 0 0 0],"tf.Tensor([2.710862  2.2970502 2.0888107 2.5392375 2.3787932 3.       ], shape=(6,), dtype=float32)",8.0,[2 1 0 0 0 0 0 1 5 1 5 6 0 0 0 4 0 0 0 0 0 0 0 0 0],False,"tf.Tensor(
[[2.710862  2.2970502 2.0888107 2.5392375 2.3787932 2.0280833 2.5401406
  2.7832308 3.3753898 1.9403288 2.6336265 1.8588734 2.9603553 1.4637688
  3.2663934 3.2925625 3.0207944 3.0621862]], shape=(1, 18), dtype=float32)"
1964,[2 1 0 0 0 0 0 1 5 1 5 6 0 0 0 4 0 0 0 0 0 0 0 0 0],"tf.Tensor([2.3914216 2.9383502 1.7073724 2.3054621 2.7906556 3.       ], shape=(6,), dtype=float32)",0.5,[2 2 3 3 3 4 1 0 0 0 0 0 0 0 0 4 0 0 0 0 0 0 0 0 0],False,"tf.Tensor(
[[2.3914216 2.9383502 1.7073724 2.3054621 2.7906556 2.1835938 2.3461127
  2.3415816 3.2814548 1.7169567 2.5981016 1.7929206 3.0874474 2.2009208
  3.1350062 3.088131  3.2779071 2.6514199]], shape=(1, 18), dtype=float32)"
1965,[2 2 3 3 3 4 1 0 0 0 0 0 0 0 0 4 0 0 0 0 0 0 0 0 0],"tf.Tensor([ 2.507595   1.9952091  1.6825113  2.8394198  1.6911554 10.       ], shape=(6,), dtype=float32)",0.0,[2 3 3 3 3 4 1 0 0 0 0 0 0 0 0 4 0 0 0 0 0 0 0 0 0],False,"tf.Tensor(
[[2.507595  1.9952091 1.6825113 2.8394198 1.6911554 1.6401117 1.6350107
  2.6708229 2.2299125 1.5774854 2.3483765 1.8750082 2.5163462 0.9029761
  2.9493058 3.0372088 2.822241  3.0201564]], shape=(1, 18), dtype=float32)"
1966,[2 3 3 3 3 4 1 0 0 0 0 0 0 0 0 4 0 0 0 0 0 0 0 0 0],[ 0  0  0  0  1 11],0.0,[3 1 0 0 0 0 0 3 3 3 4 1 0 0 0 4 0 0 0 0 0 0 0 0 0],False,"tf.Tensor(
[[2.5452523  1.9881293  1.8203359  2.9189086  1.6656824  1.624894
  1.7175012  2.7757356  2.2574942  1.6784736  2.4716666  1.9268104
  2.629776   0.86846143 3.107327   3.0967515  2.8925805  3.105077  ]], shape=(1, 18), dtype=float32)"
1967,[3 1 0 0 0 0 0 3 3 3 4 1 0 0 0 4 0 0 0 0 0 0 0 0 0],[1 0 1 1 0 5],0.30000000000000004,[3 2 6 5 1 0 0 0 6 0 0 6 0 0 0 4 0 0 0 0 0 0 0 0 0],False,"tf.Tensor(
[[2.2596967 2.2277555 1.1936004 2.2742283 2.3274357 2.040727  1.8322254
  2.028234  2.3659265 1.2876743 2.1658201 1.7891592 2.815852  1.7893599
  2.6893404 2.7080965 2.9681218 2.7045732]], shape=(1, 18), dtype=float32)"
1968,[3 2 6 5 1 0 0 0 6 0 0 6 0 0 0 4 0 0 0 0 0 0 0 0 0],"tf.Tensor([ 3.2727993  3.2131572  2.3492131  3.4418535  3.9062753 10.       ], shape=(6,), dtype=float32)",0.2,[3 3 6 5 1 6 6 0 0 0 0 0 0 0 0 4 0 0 0 0 0 0 0 0 0],False,"tf.Tensor(
[[3.2727993 3.2131572 2.3492131 3.4418535 3.9062753 2.5941336 3.895032
  3.3507605 4.4059587 2.5718958 4.0642657 2.6920903 4.323813  2.6763074
  4.121364  4.743522  4.2995734 3.9612014]], shape=(1, 18), dtype=float32)"
1969,[3 3 6 5 1 6 6 0 0 0 0 0 0 0 0 4 0 0 0 0 0 0 0 0 0],"tf.Tensor([ 3.5221977  3.3563337  2.2374294  3.6044118  3.5674002 11.       ], shape=(6,), dtype=float32)",0.0,[4 1 0 0 0 0 0 6 6 5 1 4 0 0 0 4 0 0 0 0 0 0 0 0 0],False,"tf.Tensor(
[[3.5221977 3.3563337 2.2374294 3.6044118 3.5674002 2.7609105 2.5740242
  3.2591274 3.8501055 2.5088327 3.399812  2.4480405 4.2869344 2.5594904
  4.1957293 4.121671  4.2982893 4.0871987]], shape=(1, 18), dtype=float32)"
1970,[4 1 0 0 0 0 0 6 6 5 1 4 0 0 0 4 0 0 0 0 0 0 0 0 0],"tf.Tensor([ 3.1630816  3.1666222  1.8804078  2.9111261  3.6076286 11.       ], shape=(6,), dtype=float32)",0.5,[4 2 5 4 4 4 3 0 0 0 0 0 0 0 0 4 0 0 0 0 0 0 0 0 0],False,"tf.Tensor(
[[3.1630816 3.1666222 1.8804078 2.9111261 3.6076286 2.9811952 3.1954226
  3.0112858 3.713461  2.1170256 3.324799  2.706244  4.207518  3.0445857
  4.020368  3.7409039 4.4707756 3.630401 ]], shape=(1, 18), dtype=float32)"
1971,[4 2 5 4 4 4 3 0 0 0 0 0 0 0 0 4 0 0 0 0 0 0 0 0 0],"tf.Tensor([3.2551644 2.8137462 2.1630957 3.5724351 2.6150258 9.       ], shape=(6,), dtype=float32)",0.0,[4 3 5 4 4 4 3 0 0 0 0 0 0 0 0 4 0 0 0 0 0 0 0 0 0],False,"tf.Tensor(
[[3.2551644 2.8137462 2.1630957 3.5724351 2.6150258 2.323408  2.4313908
  3.4193845 3.1910193 2.207186  3.1384242 2.5873914 3.6311677 1.670365
  4.0271225 4.001732  3.936909  3.9484508]], shape=(1, 18), dtype=float32)"
1972,[4 3 5 4 4 4 3 0 0 0 0 0 0 0 0 4 0 0 0 0 0 0 0 0 0],"tf.Tensor([3.2843711 2.8250732 2.2616994 3.642146  2.6666012 9.       ], shape=(6,), dtype=float32)",0.0,[5 1 0 0 0 0 0 5 4 4 4 3 0 0 0 4 0 0 0 0 0 0 0 0 0],False,"tf.Tensor(
[[3.2843711 2.8250732 2.2616994 3.642146  2.6666012 2.33056   2.5399733
  3.466671  3.2747133 2.28849   3.2432792 2.6172068 3.7419057 1.6764288
  4.1283393 4.087379  3.9791453 4.036691 ]], shape=(1, 18), dtype=float32)"
1973,[5 1 0 0 0 0 0 5 4 4 4 3 0 0 0 4 0 0 0 0 0 0 0 0 0],"tf.Tensor([ 2.902574   2.9404435  1.6281875  2.7001338  3.3329825 11.       ], shape=(6,), dtype=float32)",0.5,[5 2 2 2 6 4 5 0 0 0 0 0 0 0 0 4 0 0 0 0 0 0 0 0 0],False,"tf.Tensor(
[[2.902574  2.9404435 1.6281875 2.7001338 3.3329825 2.9280207 3.0613952
  2.7300975 3.4399939 1.7011062 2.9203725 2.5331514 3.9379888 2.8520312
  3.6831574 3.5556202 4.174671  3.3786144]], shape=(1, 18), dtype=float32)"
1974,[5 2 2 2 6 4 5 0 0 0 0 0 0 0 0 4 0 0 0 0 0 0 0 0 0],"tf.Tensor([ 3.480216   2.8041737  2.0952275  3.9321275  2.0821886 12.       ], shape=(6,), dtype=float32)",0.0,[5 3 2 2 6 4 5 0 0 0 0 0 0 0 0 4 0 0 0 0 0 0 0 0 0],False,"tf.Tensor(
[[3.480216  2.8041737 2.0952275 3.9321275 2.0821886 2.256708  1.6217017
  3.4213107 2.8923967 2.0568428 3.3988435 2.2848873 3.4015198 1.351577
  3.8874426 4.043931  3.3966992 4.23884  ]], shape=(1, 18), dtype=float32)"
1975,[5 3 2 2 6 4 5 0 0 0 0 0 0 0 0 4 0 0 0 0 0 0 0 0 0],"tf.Tensor([ 3.4836311  2.7920306  2.1745665  3.966869   2.1105752 12.       ], shape=(6,), dtype=float32)",38.0,[6 1 0 0 0 0 0 2 2 6 4 5 0 0 0 4 0 0 0 0 0 0 0 0 19],False,"tf.Tensor(
[[3.4836311 2.7920306 2.1745665 3.966869  2.1105752 2.273551  1.7290965
  3.4513702 2.9492042 2.1251736 3.4841611 2.3072162 3.4994915 1.3644735
  3.9858816 4.1211123 3.4104187 4.3119297]], shape=(1, 18), dtype=float32)"
1976,[6 1 0 0 0 0 0 2 2 6 4 5 0 0 0 4 0 0 0 0 0 0 0 0 19],"tf.Tensor([ 3.0106869  2.7441757  3.508746   3.6058767  2.5920954 11.       ], shape=(6,), dtype=float32)",0.5,[6 2 3 4 2 2 3 0 0 0 0 0 0 0 0 4 0 0 0 0 0 0 0 0 19],False,"tf.Tensor(
[[3.0106869 2.7441757 3.508746  3.6058767 2.5920954 2.3299825 4.04368
  3.8594382 3.8848345 3.200763  3.8825216 3.4209752 4.8103824 2.4898143
  4.8892474 3.868692  4.967568  3.7360036]], shape=(1, 18), dtype=float32)"
1977,[6 2 3 4 2 2 3 0 0 0 0 0 0 0 0 4 0 0 0 0 0 0 0 0 19],[0 1 1 0 0 0],0.0,[6 3 3 4 2 2 3 0 0 0 0 0 0 0 0 4 0 0 0 0 0 0 0 0 19],False,"tf.Tensor(
[[2.8562546 2.2553632 3.0010118 3.1831303 1.6496276 1.5890002 3.5023499
  4.213612  3.6601121 3.7934346 3.8407178 3.1517055 3.5022178 1.5656004
  5.0083613 3.776544  3.3992763 3.9778173]], shape=(1, 18), dtype=float32)"
1978,[6 3 3 4 2 2 3 0 0 0 0 0 0 0 0 4 0 0 0 0 0 0 0 0 19],"tf.Tensor([2.8724463 2.248122  3.1461449 3.198473  1.7470262 9.       ], shape=(6,), dtype=float32)",0.0,[7 1 0 0 0 0 0 3 4 2 2 3 0 0 0 4 0 0 0 0 0 0 0 0 19],False,"tf.Tensor(
[[2.8724463 2.248122  3.1461449 3.198473  1.7470262 1.61289   3.6472406
  4.2346454 3.7896163 3.85803   3.912734  3.1574404 3.6870525 1.5393603
  5.1456065 3.843875  3.4601562 4.055517 ]], shape=(1, 18), dtype=float32)"
1979,[7 1 0 0 0 0 0 3 4 2 2 3 0 0 0 4 0 0 0 0 0 0 0 0 19],[0 1 0 0 1 8],0.2,[7 2 3 1 0 0 0 5 0 4 2 0 0 0 0 4 0 0 0 0 0 0 0 0 19],False,"tf.Tensor(
[[2.9654593 1.946203  3.048469  3.2109914 1.6710154 1.72919   3.309382
  4.093929  3.1717227 3.0993252 3.639469  3.2072601 3.6504788 1.4950213
  4.4209094 3.3870492 3.8873057 3.6564772]], shape=(1, 18), dtype=float32)"
1980,[7 2 3 1 0 0 0 5 0 4 2 0 0 0 0 4 0 0 0 0 0 0 0 0 19],"tf.Tensor([2.8130844 2.358384  3.4815028 3.780922  2.0900953 9.       ], shape=(6,), dtype=float32)",0.30000000000000004,[7 3 3 1 5 4 2 0 0 0 0 0 0 0 0 4 0 0 0 0 0 0 0 0 19],False,"tf.Tensor(
[[2.8130844 2.358384  3.4815028 3.780922  2.0900953 2.0269325 3.944734
  4.001522  3.5757365 3.6235983 3.6273057 3.3751166 4.6230655 1.4706647
  5.6652136 3.7804577 4.8863626 4.2032814]], shape=(1, 18), dtype=float32)"
1981,[7 3 3 1 5 4 2 0 0 0 0 0 0 0 0 4 0 0 0 0 0 0 0 0 19],"tf.Tensor([2.8473194 1.7179068 2.9914389 3.731994  1.0937312 9.       ], shape=(6,), dtype=float32)",60.0,[8 1 0 0 0 0 0 2 3 6 4 1 0 0 0 4 0 0 0 0 0 30 0 0 19],False,"tf.Tensor(
[[2.8473194 1.7179068 2.9914389 3.731994  1.0937312 1.6642717 3.652565
  4.4533925 3.2569401 3.671794  4.2900968 3.543142  3.4310865 1.1300411
  5.3728237 4.147318  3.3305442 4.5272875]], shape=(1, 18), dtype=float32)"
1982,[8 1 0 0 0 0 0 2 3 6 4 1 0 0 0 4 0 0 0 0 0 30 0 0 19],"tf.Tensor([2.1655107  1.8373888  1.6653569  1.7986933  0.24194235 1.        ], shape=(6,), dtype=float32)",0.4,[8 2 5 3 4 2 0 0 0 0 0 1 0 0 0 4 0 0 0 0 0 30 0 0 19],False,"tf.Tensor(
[[ 2.1655107   1.8373888   1.6653569   1.7986933   0.24194235  2.8306785
   3.0594468   1.7385232   2.7769241   1.5961758   1.1540117  -1.2398756
  -0.0137933   1.2648361   1.0023925   1.4406432   1.3493403   2.3965428 ]], shape=(1, 18), dtype=float32)"
1983,[8 2 5 3 4 2 0 0 0 0 0 1 0 0 0 4 0 0 0 0 0 30 0 0 19],"tf.Tensor([1.8824694  1.4411309  1.8366816  1.8733265  0.22209725 1.        ], shape=(6,), dtype=float32)",0.0,[8 3 5 3 4 2 0 0 0 0 0 5 0 0 0 4 0 0 0 0 0 30 0 0 19],False,"tf.Tensor(
[[ 1.8824694   1.4411309   1.8366816   1.8733265   0.22209725  1.5906929
   2.8886971   2.4464552   1.8909897   2.0868697   1.5294511  -0.555847
   0.7311403   1.9463563   1.7276319   1.016371    1.4650303   1.9003353 ]], shape=(1, 18), dtype=float32)"
1984,[8 3 5 3 4 2 0 0 0 0 0 5 0 0 0 4 0 0 0 0 0 30 0 0 19],"tf.Tensor([2.2087512  1.46097    2.0459282  2.434435   0.96440387 9.        ], shape=(6,), dtype=float32)",0.0,[9 1 0 0 0 0 0 5 3 4 2 6 0 0 0 4 0 0 0 0 0 30 0 0 19],False,"tf.Tensor(
[[ 2.2087512   1.46097     2.0459282   2.434435    0.96440387  1.2738792
   2.3309984   2.324772    2.1988504   1.8170931   2.1534386  -0.3719808
   1.8961723   2.1842349   2.531414    1.3484758   1.5385845   1.8882191 ]], shape=(1, 18), dtype=float32)"
1985,[9 1 0 0 0 0 0 5 3 4 2 6 0 0 0 4 0 0 0 0 0 30 0 0 19],"tf.Tensor([2.1780617 2.0386722 1.6866293 2.643943  0.9046919 1.       ], shape=(6,), dtype=float32)",0.5,[9 2 5 4 2 6 6 0 0 0 0 0 0 0 0 4 0 0 0 0 0 30 0 0 19],False,"tf.Tensor(
[[ 2.1780617  2.0386722  1.6866293  2.643943   0.9046919  2.2884429
   3.1617613  1.6474249  2.1039395  1.5882925  1.900022  -1.3884463
   1.347034   1.7019551  1.716946   1.9684157  1.6861784  2.4226556]], shape=(1, 18), dtype=float32)"
1986,[9 2 5 4 2 6 6 0 0 0 0 0 0 0 0 4 0 0 0 0 0 30 0 0 19],"tf.Tensor([2.0143728 1.6823146 1.708872  2.098375  0.7013443 1.       ], shape=(6,), dtype=float32)",0.0,[9 3 5 4 2 6 6 0 0 0 0 0 0 0 0 4 0 0 0 0 0 30 0 0 19],False,"tf.Tensor(
[[ 2.0143728   1.6823146   1.708872    2.098375    0.7013443   1.6039807
   3.1737962   2.7045555   1.9798591   1.8318697   1.8482097  -0.22219723
   1.3324916   2.261532    1.6731561   1.3103904   1.8126385   1.7464337 ]], shape=(1, 18), dtype=float32)"
1987,[9 3 5 4 2 6 6 0 0 0 0 0 0 0 0 4 0 0 0 0 0 30 0 0 19],"tf.Tensor([1.9749445  1.6750768  1.7001113  2.1437562  0.71146727 1.        ], shape=(6,), dtype=float32)",4.0,[10 1 0 0 0 0 0 5 4 2 6 6 0 2 0 4 0 0 0 0 0 30 0 0 19],False,"tf.Tensor(
[[ 1.9749445   1.6750768   1.7001113   2.1437562   0.71146727  1.7206557
   3.308866    2.7174053   2.0227146   1.9134632   1.8593376  -0.26502886
   1.405569    2.2153835   1.7823588   1.4301335   1.9161512   1.7831607 ]], shape=(1, 18), dtype=float32)"
1988,[10 1 0 0 0 0 0 5 4 2 6 6 0 2 0 4 0 0 0 0 0 30 0 0 19],[1 0 0 0 0 6],0.1,[10 2 2 0 0 0 0 0 1 1 2 4 0 2 0 4 0 0 0 0 0 30 0 0 19],False,"tf.Tensor(
[[ 2.4240248  2.649496   1.6210512  2.8810217  1.5512189  1.8453963
   2.517848   1.572998   2.0393882  1.5177295  2.2515607 -1.1348172
   1.7210591  2.151585   1.6813393  1.7305646  1.6242546  2.4616294]], shape=(1, 18), dtype=float32)"
1989,[10 2 2 0 0 0 0 0 1 1 2 4 0 2 0 4 0 0 0 0 0 30 0 0 19],"tf.Tensor([2.128051   1.7060325  1.8735964  1.9537354  0.32820556 1.        ], shape=(6,), dtype=float32)",0.30000000000000004,[10 3 2 1 1 2 0 0 0 0 0 6 0 2 0 4 0 0 0 0 0 30 0 0 19],False,"tf.Tensor(
[[ 2.128051    1.7060325   1.8735964   1.9537354   0.32820556  1.7746264
   2.8545036   2.1058836   2.1702952   1.9557264   1.4463112  -0.9655989
   0.5020335   1.8371178   1.4152203   1.0585587   1.2206349   2.204898  ]], shape=(1, 18), dtype=float32)"
1990,[10 3 2 1 1 2 0 0 0 0 0 6 0 2 0 4 0 0 0 0 0 30 0 0 19],"tf.Tensor([2.332236  1.7124563 2.0736647 2.1640868 0.8207949 1.       ], shape=(6,), dtype=float32)",4.0,[11 1 0 0 0 0 0 2 1 4 6 5 0 4 0 4 0 0 0 0 0 30 0 0 19],False,"tf.Tensor(
[[ 2.332236   1.7124563  2.0736647  2.1640868  0.8207949  1.3074813
   2.4843159  2.320597   2.1993077  1.9318863  1.6875404 -0.7140403
   1.2581564  2.2294672  1.9951319  0.9744261  1.4198734  2.0870597]], shape=(1, 18), dtype=float32)"
1991,[11 1 0 0 0 0 0 2 1 4 6 5 0 4 0 4 0 0 0 0 0 30 0 0 19],[0 0 0 0 1 6],0.1,[11 2 3 0 0 0 0 3 3 1 6 0 0 4 0 4 0 0 0 0 0 30 0 0 19],False,"tf.Tensor(
[[ 2.8756638   2.2989776   1.9526271   2.2109551   1.281108    1.687791
   1.4928769   1.7415447   3.1257656   1.5359395   2.1462078  -0.46949106
   1.3403887   2.389984    1.6149292   0.9223169   1.105109    2.308835  ]], shape=(1, 18), dtype=float32)"
1992,[11 2 3 0 0 0 0 3 3 1 6 0 0 4 0 4 0 0 0 0 0 30 0 0 19],"tf.Tensor([ 2.2428057   2.183703    1.95961     2.0197244  -0.02769616  1.        ], shape=(6,), dtype=float32)",0.4,[11 3 3 3 3 1 6 0 0 0 0 0 0 4 0 4 0 0 0 0 0 30 0 0 19],False,"tf.Tensor(
[[ 2.2428057   2.183703    1.95961     2.0197244  -0.02769616  1.9458799
   3.194089    2.4437332   1.8905252   1.9242275   1.6685444  -0.9150457
   0.35988012  1.9885117   0.85825336  1.081125    1.1338378   2.2913072 ]], shape=(1, 18), dtype=float32)"
1993,[11 3 3 3 3 1 6 0 0 0 0 0 0 4 0 4 0 0 0 0 0 30 0 0 19],"tf.Tensor([2.645971  1.8214303 2.1344802 1.7648313 0.9498931 3.       ], shape=(6,), dtype=float32)",-8.0,[12 1 0 0 0 0 0 3 4 1 3 3 0 4 0 0 0 0 0 0 0 30 0 0 19],False,"tf.Tensor(
[[2.645971   1.8214303  2.1344802  1.7648313  0.9498931  1.3575827
  1.9240094  2.681362   2.782805   1.9633703  2.2391272  0.53513336
  1.1883646  2.7476146  1.472552   0.7320781  0.9793261  2.05608   ]], shape=(1, 18), dtype=float32)"
1994,[12 1 0 0 0 0 0 3 4 1 3 3 0 4 0 0 0 0 0 0 0 30 0 0 19],[ 0  1  1  0  1 12],0.30000000000000004,[12 2 2 5 5 0 0 3 0 0 5 0 0 4 0 0 0 0 0 0 0 30 0 0 19],False,"tf.Tensor(
[[ 2.467245    1.9643149   2.1248286   2.5408766   0.77419925  1.8190163
   3.266438    2.3855395   2.1911705   1.7909001   2.277014   -0.54157543
   1.4665196   2.1881096   1.6907903   1.633917    1.3763545   2.332029  ]], shape=(1, 18), dtype=float32)"
1995,[12 2 2 5 5 0 0 3 0 0 5 0 0 4 0 0 0 0 0 0 0 30 0 0 19],"tf.Tensor([2.7303436 1.7548643 2.1416986 2.413802  1.4367777 3.       ], shape=(6,), dtype=float32)",0.2,[12 3 2 5 5 3 5 0 0 0 0 0 0 4 0 0 0 0 0 0 0 30 0 0 19],False,"tf.Tensor(
[[2.7303436  1.7548643  2.1416986  2.413802   1.4367777  1.667659
  2.248098   2.6208692  2.9272676  2.2020893  2.9147277  0.71807086
  2.0720835  2.7681675  2.2071288  1.4692467  1.4339699  2.4052184 ]], shape=(1, 18), dtype=float32)"
1996,[12 3 2 5 5 3 5 0 0 0 0 0 0 4 0 0 0 0 0 0 0 30 0 0 19],"tf.Tensor([2.7364907 1.9253854 2.0626135 2.074458  1.8845147 3.       ], shape=(6,), dtype=float32)",0.0,[13 1 0 0 0 0 0 3 2 5 2 5 0 4 0 0 0 0 0 0 0 30 0 0 19],False,"tf.Tensor(
[[2.7364907 1.9253854 2.0626135 2.074458  1.8845147 1.7154671 2.4510126
  2.8765385 3.2990735 1.9890547 3.0135148 1.3339748 2.2683518 3.096255
  2.0663373 1.5826116 1.7454678 2.122043 ]], shape=(1, 18), dtype=float32)"
1997,[13 1 0 0 0 0 0 3 2 5 2 5 0 4 0 0 0 0 0 0 0 30 0 0 19],"tf.Tensor([2.6195118 1.6787883 2.20405   2.7690406 1.1076847 3.       ], shape=(6,), dtype=float32)",0.5,[13 2 2 2 2 4 5 0 0 0 0 0 0 4 0 0 0 0 0 0 0 30 0 0 19],False,"tf.Tensor(
[[ 2.6195118  1.6787883  2.20405    2.7690406  1.1076847  2.295937
   2.723298   2.119347   3.1651783  1.6775888  2.9239957 -0.0884972
   2.2899044  2.4471033  2.4588842  1.929525   1.6996591  2.3602087]], shape=(1, 18), dtype=float32)"
1998,[13 2 2 2 2 4 5 0 0 0 0 0 0 4 0 0 0 0 0 0 0 30 0 0 19],"tf.Tensor([2.4976645 1.734623  2.09555   1.9805249 0.8434093 1.       ], shape=(6,), dtype=float32)",0.0,[13 3 2 2 2 4 5 0 0 0 0 0 0 4 0 0 0 0 0 0 0 30 0 0 19],False,"tf.Tensor(
[[2.4976645  1.734623   2.09555    1.9805249  0.8434093  1.6463097
  2.931131   2.8827305  2.6469018  2.022618   2.5249727  0.52714586
  1.2864121  2.7105832  1.5198355  1.0944058  1.385906   1.9917917 ]], shape=(1, 18), dtype=float32)"
1999,[13 3 2 2 2 4 5 0 0 0 0 0 0 4 0 0 0 0 0 0 0 30 0 0 19],"tf.Tensor([2.4615808 1.7438436 2.089281  2.010221  0.8237314 1.       ], shape=(6,), dtype=float32)",4.0,[14 1 0 0 0 0 0 2 2 2 4 5 0 6 0 0 0 0 0 0 0 30 0 0 19],True,"tf.Tensor(
[[2.4615808  1.7438436  2.089281   2.010221   0.8237314  1.7348347
  3.088984   2.8917236  2.6699994  2.0738595  2.5248792  0.47782558
  1.3150419  2.6703932  1.5676863  1.1845595  1.4628867  2.0095174 ]], shape=(1, 18), dtype=float32)"
