,0,1,2,3,4,5
0,[10 2 3 4 4 3 0 0 0 6 0 0 0 0 0 0 0 0 0 0 0 0 30 0 0],"tf.Tensor([ 1.7984693   2.0365121   1.2164116   1.1405013   0.97865516 11.        ], shape=(6,), dtype=float32)",0.1,[10 3 3 4 4 3 6 0 0 0 0 0 0 0 0 0 0 0 0 0 0 0 30 0 0],False,"tf.Tensor(
[[ 1.7984693   2.0365121   1.2164116   1.1405013   0.97865516  0.2229768
   0.3581716   1.528092    1.7798694   0.28740934  0.06680462 -0.7050739
   0.9058834  -0.29361963  1.9113468   1.2086506   1.9913647  -0.35051554]], shape=(1, 18), dtype=float32)"
1,[10 3 3 4 4 3 6 0 0 0 0 0 0 0 0 0 0 0 0 0 0 0 30 0 0],"tf.Tensor([1.752386   1.8564726  1.1889763  0.90561366 1.3210212  3.        ], shape=(6,), dtype=float32)",16.0,[11 1 0 0 0 0 0 3 4 1 4 3 0 0 0 8 0 0 0 0 0 0 30 0 0],False,"tf.Tensor(
[[ 1.752386    1.8564726   1.1889763   0.90561366  1.3210212   0.3879292
   0.7680111   1.1787024   2.31251     0.2526138  -0.06535521 -0.9978105
   0.8704854  -0.3184758   1.903857    1.3440464   1.752115   -0.14127058]], shape=(1, 18), dtype=float32)"
2,[11 1 0 0 0 0 0 3 4 1 4 3 0 0 0 8 0 0 0 0 0 0 30 0 0],"tf.Tensor([ 2.112977   1.9003522  1.211523   1.3175501  1.7643944 11.       ], shape=(6,), dtype=float32)",0.5,[11 2 2 4 1 1 2 0 0 0 0 0 0 0 0 8 0 0 0 0 0 0 30 0 0],False,"tf.Tensor(
[[ 2.112977    1.9003522   1.211523    1.3175501   1.7643944   0.49751517
   0.7373011   1.2673911   1.9527851  -0.12853685  0.12641835 -1.0227336
   1.7199107  -0.38975382  2.3036778   1.0599475   3.2515454  -0.67447585]], shape=(1, 18), dtype=float32)"
3,[11 2 2 4 1 1 2 0 0 0 0 0 0 0 0 8 0 0 0 0 0 0 30 0 0],[0 1 1 1 0 8],0.0,[11 3 2 4 1 1 2 0 0 0 0 0 0 0 0 8 0 0 0 0 0 0 30 0 0],False,"tf.Tensor(
[[ 1.9125146   2.2039297   1.4237108   1.0160147   1.498044    0.3995663
   0.5311509   1.5942887   2.1614904   0.29814568 -0.14041013 -1.0587485
   1.4491304  -0.28554147  2.1833937   1.0400296   2.473907   -0.5033546 ]], shape=(1, 18), dtype=float32)"
4,[11 3 2 4 1 1 2 0 0 0 0 0 0 0 0 8 0 0 0 0 0 0 30 0 0],"tf.Tensor([ 1.9872042  2.2396     1.4113524  1.0808414  1.5216982 11.       ], shape=(6,), dtype=float32)",0.0,[12 1 0 0 0 0 0 2 4 1 1 2 0 0 0 8 0 0 0 0 0 0 30 0 0],False,"tf.Tensor(
[[ 1.9872042   2.2396      1.4113524   1.0808414   1.5216982   0.44323272
   0.5313275   1.6122121   2.1487944   0.26649684 -0.10514078 -1.0463164
   1.4992993  -0.27534032  2.2044218   1.0728521   2.5827422  -0.50729907]], shape=(1, 18), dtype=float32)"
5,[12 1 0 0 0 0 0 2 4 1 1 2 0 0 0 8 0 0 0 0 0 0 30 0 0],"tf.Tensor([ 2.04385    2.1348608  1.1513886  1.3179324  1.8252704 11.       ], shape=(6,), dtype=float32)",0.5,[12 2 6 3 6 2 6 0 0 0 0 0 0 0 0 8 0 0 0 0 0 0 30 0 0],False,"tf.Tensor(
[[ 2.04385     2.1348608   1.1513886   1.3179324   1.8252704   0.5315397
   0.3495819   1.5348016   1.7895262  -0.15618119  0.15665698 -1.0070318
   1.8217758  -0.30442083  2.2070682   1.1141186   3.2033958  -0.6624931 ]], shape=(1, 18), dtype=float32)"
6,[12 2 6 3 6 2 6 0 0 0 0 0 0 0 0 8 0 0 0 0 0 0 30 0 0],[ 0  1  1  0  0 10],0.0,[12 3 6 3 6 2 6 0 0 0 0 0 0 0 0 8 0 0 0 0 0 0 30 0 0],False,"tf.Tensor(
[[ 1.903073    2.5201821   1.3211946   0.84930634  1.9087291   0.60329556
   0.8017876   1.190691    3.0073307   0.55397934 -0.5144037  -1.4415219
   1.1775874   0.17278397  2.2148702   1.0297244   2.3351614  -0.22426182]], shape=(1, 18), dtype=float32)"
7,[12 3 6 3 6 2 6 0 0 0 0 0 0 0 0 8 0 0 0 0 0 0 30 0 0],"tf.Tensor([1.947637  2.55961   1.320337  0.8714367 1.8908662 3.       ], shape=(6,), dtype=float32)",-16.0,[13 1 0 0 0 0 0 6 3 6 2 6 0 0 0 0 0 0 0 0 0 0 30 0 0],False,"tf.Tensor(
[[ 1.947637    2.55961     1.320337    0.8714367   1.8908662   0.5992526
   0.77866304  1.2184806   2.986766    0.5679512  -0.50754833 -1.4149896
   1.2112166   0.15178728  2.2446613   1.0500154   2.3521388  -0.22521043]], shape=(1, 18), dtype=float32)"
8,[13 1 0 0 0 0 0 6 3 6 2 6 0 0 0 0 0 0 0 0 0 0 30 0 0],"tf.Tensor([ 2.7731373  1.4969633  1.398673   1.5174718  1.2215008 11.       ], shape=(6,), dtype=float32)",0.5,[13 2 4 4 2 5 3 0 0 0 0 0 0 0 0 0 0 0 0 0 0 0 30 0 0],False,"tf.Tensor(
[[ 2.7731373   1.4969633   1.398673    1.5174718   1.2215008   0.71632457
   0.920404    1.1897348   1.9755796  -0.14522213  0.5795567  -0.4800831
   1.4239945  -0.06436917  2.2148206   1.3926185   2.9832332  -0.21226269]], shape=(1, 18), dtype=float32)"
9,[13 2 4 4 2 5 3 0 0 0 0 0 0 0 0 0 0 0 0 0 0 0 30 0 0],"tf.Tensor([2.0560455 1.861247  1.2431312 1.1432207 1.3304335 3.       ], shape=(6,), dtype=float32)",0.0,[13 3 4 4 2 5 3 0 0 0 0 0 0 0 0 0 0 0 0 0 0 0 30 0 0],False,"tf.Tensor(
[[ 2.0560455   1.861247    1.2431312   1.1432207   1.3304335   0.5452914
   0.87243164  1.1915941   2.285644    0.1375151   0.09232551 -0.89238465
   1.1056792  -0.34430155  2.0131698   1.4406266   2.1705637  -0.16459712]], shape=(1, 18), dtype=float32)"
10,[13 3 4 4 2 5 3 0 0 0 0 0 0 0 0 0 0 0 0 0 0 0 30 0 0],[0 1 1 0 1 9],60.0,[14 1 0 0 0 0 0 4 4 2 5 3 0 0 0 0 0 0 0 0 0 30 30 0 0],True,"tf.Tensor(
[[ 2.1222038   1.8879675   1.2511146   1.1966127   1.3597934   0.57824266
   0.8752529   1.2013036   2.2986927   0.11056009  0.11678851 -0.89615035
   1.1547111  -0.3346518   2.0424213   1.4628648   2.2722635  -0.16419077]], shape=(1, 18), dtype=float32)"
11,[1 1 0 0 0 0 0 2 1 3 5 4 0 0 0 0 0 0 0 0 0 0 0 0 0],"tf.Tensor([1.0688735  1.0223892  0.7175971  0.47133386 1.0809953  3.        ], shape=(6,), dtype=float32)",0.30000000000000004,[1 2 2 1 4 0 0 0 0 3 4 0 0 0 0 0 0 0 0 0 0 0 0 0 0],False,"tf.Tensor(
[[ 1.0688735   1.0223892   0.7175971   0.47133386  1.0809953   0.539152
   0.8435009   0.16452454  1.2148438  -0.28855848  0.42719942  0.17011629
   1.0909656   0.8782012   0.5473175   0.71708727  1.1889833  -0.1385626 ]], shape=(1, 18), dtype=float32)"
12,[1 2 2 1 4 0 0 0 0 3 4 0 0 0 0 0 0 0 0 0 0 0 0 0 0],"tf.Tensor([ 0.9877792   1.159162    0.609521    0.60206854  1.0251718  10.        ], shape=(6,), dtype=float32)",0.0,[1 3 2 1 4 0 0 0 0 6 1 0 0 0 0 0 0 0 0 0 0 0 0 0 0],False,"tf.Tensor(
[[0.9877792  1.159162   0.609521   0.60206854 1.0251718  0.17353433
  0.32221133 0.1383586  0.883356   0.02846994 0.17344753 0.06604972
  0.7915863  0.7141262  0.6740431  0.9212157  0.84270746 0.15178119]], shape=(1, 18), dtype=float32)"
13,[1 3 2 1 4 0 0 0 0 6 1 0 0 0 0 0 0 0 0 0 0 0 0 0 0],"tf.Tensor([1.219936  1.1397822 0.8870108 0.8125579 1.0246081 7.       ], shape=(6,), dtype=float32)",0.0,[2 1 0 0 0 0 0 2 1 3 5 4 0 0 0 0 0 0 0 0 0 0 0 0 0],False,"tf.Tensor(
[[ 1.219936    1.1397822   0.8870108   0.8125579   1.0246081   0.2055465
   0.15333179  0.23476516  0.94927746  0.05583837  0.44652194 -0.21247916
   1.1687577   0.5847463   0.6576969   1.1289656   0.62234443  0.34060794]], shape=(1, 18), dtype=float32)"
14,[2 1 0 0 0 0 0 2 1 3 5 4 0 0 0 0 0 0 0 0 0 0 0 0 0],"tf.Tensor([1.1798544  1.0130543  0.743961   0.51535416 1.1525936  3.        ], shape=(6,), dtype=float32)",0.30000000000000004,[2 2 3 5 2 0 0 0 0 3 2 0 0 0 0 0 0 0 0 0 0 0 0 0 0],False,"tf.Tensor(
[[ 1.1798544   1.0130543   0.743961    0.51535416  1.1525936   0.61870074
   0.97254884  0.17738727  1.3115381  -0.3033317   0.37355578  0.15306212
   1.1148373   0.939915    0.6019029   0.8011429   1.3084245  -0.12592313]], shape=(1, 18), dtype=float32)"
15,[2 2 3 5 2 0 0 0 0 3 2 0 0 0 0 0 0 0 0 0 0 0 0 0 0],"tf.Tensor([ 1.3914107   1.2083765   1.0392455   0.67709464  1.0807104  10.        ], shape=(6,), dtype=float32)",0.1,[2 3 3 5 2 3 0 0 0 0 6 0 0 0 0 0 0 0 0 0 0 0 0 0 0],False,"tf.Tensor(
[[ 1.3914107   1.2083765   1.0392455   0.67709464  1.0807104   0.09556614
   0.40421522  0.3747148   1.1913483   0.11561124  0.5367164  -0.05667947
   1.0579562   0.6925152   0.6670301   1.2689973   0.7454145   0.11654322]], shape=(1, 18), dtype=float32)"
16,[2 3 3 5 2 3 0 0 0 0 6 0 0 0 0 0 0 0 0 0 0 0 0 0 0],"tf.Tensor([1.3401934 1.0469416 0.9856041 0.8511359 1.3166952 3.       ], shape=(6,), dtype=float32)",0.0,[3 1 0 0 0 0 0 3 5 4 1 2 0 0 0 0 0 0 0 0 0 0 0 0 0],False,"tf.Tensor(
[[ 1.3401934   1.0469416   0.9856041   0.8511359   1.3166952   0.11636026
   0.21338548  0.600937    1.3345001   0.2562924   0.4795496  -0.22792338
   1.0214499   0.17152618  0.7830043   1.0159943   0.7592312   0.2490686 ]], shape=(1, 18), dtype=float32)"
17,[3 1 0 0 0 0 0 3 5 4 1 2 0 0 0 0 0 0 0 0 0 0 0 0 0],"tf.Tensor([1.4459513  0.95456094 0.9637015  1.0239433  1.0825968  7.        ], shape=(6,), dtype=float32)",0.5,[3 2 5 6 1 1 5 0 0 0 0 0 0 0 0 0 0 0 0 0 0 0 0 0 0],False,"tf.Tensor(
[[ 1.4459513   0.95456094  0.9637015   1.0239433   1.0825968   0.25534147
   0.38262707  0.5880049   0.94768625 -0.06809801  0.69827574  0.01710388
   1.224907    0.48347628  0.61682135  1.171574    0.90611744  0.31344706]], shape=(1, 18), dtype=float32)"
18,[3 2 5 6 1 1 5 0 0 0 0 0 0 0 0 0 0 0 0 0 0 0 0 0 0],"tf.Tensor([ 1.6851369  1.3169609  1.3982233  1.2207775  1.450746  10.       ], shape=(6,), dtype=float32)",0.0,[3 3 5 6 1 1 5 0 0 0 0 0 0 0 0 0 0 0 0 0 0 0 0 0 0],False,"tf.Tensor(
[[ 1.6851369   1.3169609   1.3982233   1.2207775   1.450746    0.18024737
   0.30976623  0.52908975  1.513264    0.1462346   0.6741146  -0.466555
   1.5377679   0.26421857  1.1077594   1.6424798   0.72677517  0.5029002 ]], shape=(1, 18), dtype=float32)"
19,[3 3 5 6 1 1 5 0 0 0 0 0 0 0 0 0 0 0 0 0 0 0 0 0 0],"tf.Tensor([ 1.7813399  1.3252596  1.4990788  1.2635454  1.4795089 10.       ], shape=(6,), dtype=float32)",0.0,[4 1 0 0 0 0 0 5 6 1 1 5 0 0 0 0 0 0 0 0 0 0 0 0 0],False,"tf.Tensor(
[[ 1.7813399   1.3252596   1.4990788   1.2635454   1.4795089   0.24669479
   0.38567138  0.57322663  1.6637063   0.12495206  0.69554216 -0.5254624
   1.5711334   0.2319575   1.1502596   1.6680398   0.80594957  0.47553822]], shape=(1, 18), dtype=float32)"
20,[4 1 0 0 0 0 0 5 6 1 1 5 0 0 0 0 0 0 0 0 0 0 0 0 0],"tf.Tensor([1.5217457  1.4109827  0.92495275 0.867202   1.4104156  7.        ], shape=(6,), dtype=float32)",0.4,[4 2 5 1 2 4 0 0 0 0 1 0 0 0 0 0 0 0 0 0 0 0 0 0 0],False,"tf.Tensor(
[[ 1.5217457   1.4109827   0.92495275  0.867202    1.4104156   0.2623518
   0.2944849   0.6155563   1.2351414  -0.08813062  0.552064   -0.08329894
   1.3287747   0.5115883   0.7870573   1.0748069   0.8657271   0.34872708]], shape=(1, 18), dtype=float32)"
21,[4 2 5 1 2 4 0 0 0 0 1 0 0 0 0 0 0 0 0 0 0 0 0 0 0],[0 1 0 1 0 0],0.1,[4 3 5 1 2 4 1 0 0 0 0 0 0 0 0 0 0 0 0 0 0 0 0 0 0],False,"tf.Tensor(
[[ 1.3116177   0.6521179   0.9549096   1.02715     1.2078388   0.18179238
   0.55597484  0.5578406   1.018241   -0.1437871   0.41164124  0.10139782
   1.2426044  -0.15906504  0.85553974  1.3672571   0.7876072   0.563132  ]], shape=(1, 18), dtype=float32)"
22,[4 3 5 1 2 4 1 0 0 0 0 0 0 0 0 0 0 0 0 0 0 0 0 0 0],"tf.Tensor([ 1.3857794   0.72441125  1.0468212   1.0194197   1.35374    10.        ], shape=(6,), dtype=float32)",0.0,[5 1 0 0 0 0 0 5 1 2 5 4 0 0 0 0 0 0 0 0 0 0 0 0 0],False,"tf.Tensor(
[[ 1.3857794   0.72441125  1.0468212   1.0194197   1.35374     0.2590786
   0.61792845  0.52029747  1.1891649  -0.14327298  0.40915805  0.00650676
   1.3620085  -0.10158229  0.89010143  1.389049    0.8477565   0.5525261 ]], shape=(1, 18), dtype=float32)"
23,[5 1 0 0 0 0 0 5 1 2 5 4 0 0 0 0 0 0 0 0 0 0 0 0 0],"tf.Tensor([1.6768439 1.2726007 0.9019094 0.5209339 1.4222648 3.       ], shape=(6,), dtype=float32)",0.4,[5 2 6 4 1 5 0 0 0 0 5 0 0 0 0 0 0 0 0 0 0 0 0 0 0],False,"tf.Tensor(
[[ 1.6768439   1.2726007   0.9019094   0.5209339   1.4222648   1.0135978
   1.0860962   0.4150558   1.830697   -0.38937676  0.13719413  0.03006612
   1.4309244   1.0171704   0.86312664  0.9578099   1.6038418  -0.03898614]], shape=(1, 18), dtype=float32)"
24,[5 2 6 4 1 5 0 0 0 0 5 0 0 0 0 0 0 0 0 0 0 0 0 0 0],[1 1 1 1 1 9],0.1,[5 3 6 4 1 5 5 0 0 0 0 0 0 0 0 0 0 0 0 0 0 0 0 0 0],False,"tf.Tensor(
[[ 1.5887315   0.96241575  0.9204751   1.1239706   1.6121643   0.36690396
   0.51850563  0.56130254  1.3029054  -0.07875308  0.40297347  0.00334552
   1.4978805   0.16651489  0.90893286  1.4882716   0.94967335  0.6592548 ]], shape=(1, 18), dtype=float32)"
25,[5 3 6 4 1 5 5 0 0 0 0 0 0 0 0 0 0 0 0 0 0 0 0 0 0],[ 0  1  0  0  0 10],0.0,[6 1 0 0 0 0 0 6 4 1 6 5 0 0 0 0 0 0 0 0 0 0 0 0 0],False,"tf.Tensor(
[[ 1.8135132   1.3315507   1.2653413   1.2170037   1.9045022   0.41805995
   0.42596388  0.5518112   1.7018847  -0.00839367  0.55465615 -0.25114036
   1.7796855   0.31702775  1.0325865   1.4997536   1.0853044   0.5795884 ]], shape=(1, 18), dtype=float32)"
26,[6 1 0 0 0 0 0 6 4 1 6 5 0 0 0 0 0 0 0 0 0 0 0 0 0],"tf.Tensor([1.8808277  1.5599505  1.1719799  0.69051945 1.7877212  3.        ], shape=(6,), dtype=float32)",0.4,[6 2 1 5 5 3 0 0 0 0 6 0 0 0 0 0 0 0 0 0 0 0 0 0 0],False,"tf.Tensor(
[[ 1.8808277   1.5599505   1.1719799   0.69051945  1.7877212   1.0976107
   1.2033541   0.43451712  2.1519     -0.56189346  0.22774364 -0.17105077
   1.7533839   0.93793625  1.0614368   1.2386909   1.6964581   0.05582156]], shape=(1, 18), dtype=float32)"
27,[6 2 1 5 5 3 0 0 0 0 6 0 0 0 0 0 0 0 0 0 0 0 0 0 0],"tf.Tensor([ 1.8912187   0.7626372   1.2469085   1.4867557   0.98436624 10.        ], shape=(6,), dtype=float32)",0.1,[6 3 1 5 5 3 6 0 0 0 0 0 0 0 0 0 0 0 0 0 0 0 0 0 0],False,"tf.Tensor(
[[ 1.8912187   0.7626372   1.2469085   1.4867557   0.98436624  0.24922208
   0.23038319  0.8831433   1.4045634  -0.04369431  0.8301099  -0.14129081
   1.0549067  -0.58045954  1.192749    2.0186832   0.40547717  0.9422349 ]], shape=(1, 18), dtype=float32)"
28,[6 3 1 5 5 3 6 0 0 0 0 0 0 0 0 0 0 0 0 0 0 0 0 0 0],[1 1 1 0 1 9],0.0,[7 1 0 0 0 0 0 1 5 5 2 3 0 0 0 0 0 0 0 0 0 0 0 0 0],False,"tf.Tensor(
[[ 2.334892    1.5353847   1.7355484   1.5751835   1.3800132   0.35650444
   0.11712162  1.0070713   1.9801259   0.09349449  0.9355184  -0.5228258
   1.6078589   0.05940268  1.2562292   1.7542093   0.8713886   0.6643481 ]], shape=(1, 18), dtype=float32)"
29,[7 1 0 0 0 0 0 1 5 5 2 3 0 0 0 0 0 0 0 0 0 0 0 0 0],"tf.Tensor([ 1.9333515  1.2190251  1.1993669  1.2333338  1.6322007 11.       ], shape=(6,), dtype=float32)",0.5,[7 2 1 1 1 3 1 0 0 0 0 0 0 0 0 0 0 0 0 0 0 0 0 0 0],False,"tf.Tensor(
[[ 1.9333515   1.2190251   1.1993669   1.2333338   1.6322007   0.7373341
   1.0678722   0.45794338  1.5476975  -0.35144028  0.58132744  0.12661405
   1.7035395   1.0910904   0.7489774   1.448883    1.7725312   0.1732369 ]], shape=(1, 18), dtype=float32)"
30,[7 2 1 1 1 3 1 0 0 0 0 0 0 0 0 0 0 0 0 0 0 0 0 0 0],"tf.Tensor([1.4829077  0.6665213  0.84451866 0.8474949  1.1627855  3.        ], shape=(6,), dtype=float32)",0.0,[7 3 1 1 1 3 1 0 0 0 0 0 0 0 0 0 0 0 0 0 0 0 0 0 0],False,"tf.Tensor(
[[ 1.4829077   0.6665213   0.84451866  0.8474949   1.1627855   0.5465659
   0.62238705  0.6071964   1.291438   -0.2065497   0.31325072  0.20330477
   1.0624651   0.16111796  0.42972168  1.2725551   0.74695987  0.5641191 ]], shape=(1, 18), dtype=float32)"
31,[7 3 1 1 1 3 1 0 0 0 0 0 0 0 0 0 0 0 0 0 0 0 0 0 0],"tf.Tensor([1.5478055  0.7072126  0.94352406 0.8454959  1.213548   3.        ], shape=(6,), dtype=float32)",0.0,[8 1 0 0 0 0 0 1 1 1 3 1 0 0 0 0 0 0 0 0 0 0 0 0 0],False,"tf.Tensor(
[[ 1.5478055   0.7072126   0.94352406  0.8454959   1.213548    0.5590045
   0.59861124  0.6285565   1.4201192  -0.1739744   0.34664255  0.1550039
   1.0763934   0.1596779   0.45987776  1.2704731   0.7456733   0.531044  ]], shape=(1, 18), dtype=float32)"
32,[8 1 0 0 0 0 0 1 1 1 3 1 0 0 0 0 0 0 0 0 0 0 0 0 0],"tf.Tensor([1.7516235 1.0972507 0.8225029 0.9194014 1.2805688 3.       ], shape=(6,), dtype=float32)",0.4,[8 2 5 1 1 3 0 0 0 5 0 0 0 0 0 0 0 0 0 0 0 0 0 0 0],False,"tf.Tensor(
[[ 1.7516235   1.0972507   0.8225029   0.9194014   1.2805688   0.65035146
   0.6806045   0.5518389   1.4049045  -0.10745028  0.16420427  0.3144104
   1.1919965   0.93022156  0.5272319   1.2243699   1.2549714   0.41320148]], shape=(1, 18), dtype=float32)"
33,[8 2 5 1 1 3 0 0 0 5 0 0 0 0 0 0 0 0 0 0 0 0 0 0 0],"tf.Tensor([2.0257478  1.0499235  1.2492579  0.95619404 1.2097459  3.        ], shape=(6,), dtype=float32)",0.1,[8 3 5 1 1 3 5 0 0 0 0 0 0 0 0 0 0 0 0 0 0 0 0 0 0],False,"tf.Tensor(
[[ 2.0257478   1.0499235   1.2492579   0.95619404  1.2097459   0.964294
   0.9707588   0.5973865   2.0472047  -0.29133442  0.29111224 -0.16670437
   1.4147979   0.66359454  0.69420815  1.0875267   1.5185617   0.15390506]], shape=(1, 18), dtype=float32)"
34,[8 3 5 1 1 3 5 0 0 0 0 0 0 0 0 0 0 0 0 0 0 0 0 0 0],"tf.Tensor([1.9540716 1.27428   1.1334372 1.4123733 1.6966386 7.       ], shape=(6,), dtype=float32)",0.0,[9 1 0 0 0 0 0 5 1 1 1 3 0 0 0 0 0 0 0 0 0 0 0 0 0],False,"tf.Tensor(
[[ 1.9540716   1.27428     1.1334372   1.4123733   1.6966386   0.63882744
   0.5850611   0.5830754   1.5486795  -0.21626908  0.47701824 -0.20507355
   1.8358713   0.48674     0.8499827   1.6586727   1.2041963   0.70480204]], shape=(1, 18), dtype=float32)"
35,[9 1 0 0 0 0 0 5 1 1 1 3 0 0 0 0 0 0 0 0 0 0 0 0 0],"tf.Tensor([1.9546232 1.2217242 0.6519082 1.1577901 1.4611292 7.       ], shape=(6,), dtype=float32)",0.4,[9 2 5 5 5 4 0 0 0 2 0 0 0 0 0 0 0 0 0 0 0 0 0 0 0],False,"tf.Tensor(
[[ 1.9546232   1.2217242   0.6519082   1.1577901   1.4611292   0.80953205
   0.7811542   0.8962623   1.2830943  -0.29675344  0.35382688  0.09065218
   1.5343469   1.0517366   0.77029955  1.2419999   1.418074    0.45300657]], shape=(1, 18), dtype=float32)"
36,[9 2 5 5 5 4 0 0 0 2 0 0 0 0 0 0 0 0 0 0 0 0 0 0 0],"tf.Tensor([ 2.4716177  1.3300747  1.6182879  1.5814395  1.9463551 10.       ], shape=(6,), dtype=float32)",0.1,[9 3 5 5 5 4 2 0 0 0 0 0 0 0 0 0 0 0 0 0 0 0 0 0 0],False,"tf.Tensor(
[[ 2.4716177   1.3300747   1.6182879   1.5814395   1.9463551   0.43542486
   1.0902586   1.153343    2.030186   -0.39753985  0.746464    0.08030323
   1.8636919  -0.05467653  1.1284802   2.412879    1.2375392   0.81279635]], shape=(1, 18), dtype=float32)"
37,[9 3 5 5 5 4 2 0 0 0 0 0 0 0 0 0 0 0 0 0 0 0 0 0 0],"tf.Tensor([ 2.4664314  1.3475025  1.7853451  1.7054772  2.0224724 10.       ], shape=(6,), dtype=float32)",0.0,[10 1 0 0 0 0 0 5 5 4 5 4 0 0 0 0 0 0 0 0 0 0 0 0 0],False,"tf.Tensor(
[[ 2.4664314   1.3475025   1.7853451   1.7054772   2.0224724   0.27578074
   0.94922125  1.1999465   2.0022967  -0.29617745  0.8092625  -0.06146219
   1.9687691  -0.28915972  1.2721831   2.54805     1.0768605   0.9349667 ]], shape=(1, 18), dtype=float32)"
38,[10 1 0 0 0 0 0 5 5 4 5 4 0 0 0 0 0 0 0 0 0 0 0 0 0],"tf.Tensor([ 2.6789453  1.9189755  1.2816548  1.431555   2.1709113 11.       ], shape=(6,), dtype=float32)",0.5,[10 2 6 6 2 4 6 0 0 0 0 0 0 0 0 0 0 0 0 0 0 0 0 0 0],False,"tf.Tensor(
[[ 2.6789453   1.9189755   1.2816548   1.431555    2.1709113   1.1322749
   1.3027761   0.8210405   2.205814   -0.45684832  0.4726535   0.18080135
   2.206107    1.6756101   1.1117368   1.6235393   2.4326115   0.22521688]], shape=(1, 18), dtype=float32)"
39,[10 2 6 6 2 4 6 0 0 0 0 0 0 0 0 0 0 0 0 0 0 0 0 0 0],"tf.Tensor([2.7127194 1.8555988 1.6192605 1.7909565 2.2619846 7.       ], shape=(6,), dtype=float32)",0.0,[10 3 6 6 2 4 6 0 0 0 0 0 0 0 0 0 0 0 0 0 0 0 0 0 0],False,"tf.Tensor(
[[ 2.7127194   1.8555988   1.6192605   1.7909565   2.2619846   0.78508675
   0.69389546  0.915583    2.2792656  -0.17758672  0.6653428  -0.35392874
   2.3058696   0.6213751   1.1769592   2.1603434   1.5746475   0.8222319 ]], shape=(1, 18), dtype=float32)"
40,[10 3 6 6 2 4 6 0 0 0 0 0 0 0 0 0 0 0 0 0 0 0 0 0 0],"tf.Tensor([2.7568054 1.8401865 1.749146  1.8202357 2.331854  3.       ], shape=(6,), dtype=float32)",8.0,[11 1 0 0 0 0 0 6 6 2 4 6 0 0 0 4 0 0 0 0 0 0 0 0 0],False,"tf.Tensor(
[[ 2.7568054   1.8401865   1.749146    1.8202357   2.331854    0.77406
   0.7496474   0.9300804   2.3703287  -0.18773231  0.6972604  -0.40149587
   2.357982    0.53702885  1.2234765   2.2566476   1.5680302   0.8233593 ]], shape=(1, 18), dtype=float32)"
41,[11 1 0 0 0 0 0 6 6 2 4 6 0 0 0 4 0 0 0 0 0 0 0 0 0],"tf.Tensor([2.4466853 1.8850337 1.2889775 1.2779541 1.8604448 7.       ], shape=(6,), dtype=float32)",0.5,[11 2 2 4 2 3 6 0 0 0 0 0 0 0 0 4 0 0 0 0 0 0 0 0 0],False,"tf.Tensor(
[[ 2.4466853   1.8850337   1.2889775   1.2779541   1.8604448   0.80873257
   0.6591016   1.1480476   1.9681616  -0.29545707  0.46452457 -0.23154716
   2.0265727   0.74171716  1.3517036   1.6006272   1.5412072   0.55476034]], shape=(1, 18), dtype=float32)"
42,[11 2 2 4 2 3 6 0 0 0 0 0 0 0 0 4 0 0 0 0 0 0 0 0 0],[1 1 1 0 0 5],0.0,[11 3 2 4 2 3 6 0 0 0 0 0 0 0 0 4 0 0 0 0 0 0 0 0 0],False,"tf.Tensor(
[[ 2.1347604   1.1391339   1.0766088   1.6026449   1.3125646   0.7471978
   0.52930385  0.74133444  1.6906158  -0.02410627  0.3941049  -0.11174478
   1.4130605   0.39615324  0.89796156  1.9150406   1.0058353   0.97063357]], shape=(1, 18), dtype=float32)"
43,[11 3 2 4 2 3 6 0 0 0 0 0 0 0 0 4 0 0 0 0 0 0 0 0 0],"tf.Tensor([ 2.178239   1.1733258  1.1514392  1.5856183  1.3385088 10.       ], shape=(6,), dtype=float32)",0.0,[12 1 0 0 0 0 0 2 4 2 3 6 0 0 0 4 0 0 0 0 0 0 0 0 0],False,"tf.Tensor(
[[ 2.178239    1.1733258   1.1514392   1.5856183   1.3385088   0.77153945
   0.4975473   0.7493334   1.802995   -0.00418812  0.43595642 -0.16375293
   1.437658    0.3787166   0.8984861   1.9106617   0.9652019   0.95910144]], shape=(1, 18), dtype=float32)"
44,[12 1 0 0 0 0 0 2 4 2 3 6 0 0 0 4 0 0 0 0 0 0 0 0 0],"tf.Tensor([2.3752303 1.4818672 1.1133461 1.271428  1.8857853 3.       ], shape=(6,), dtype=float32)",0.5,[12 2 1 3 1 3 4 0 0 0 0 0 0 0 0 4 0 0 0 0 0 0 0 0 0],False,"tf.Tensor(
[[ 2.3752303   1.4818672   1.1133461   1.271428    1.8857853   0.67037886
   0.5204585   1.0729997   1.8451219  -0.13758826  0.37133867  0.16638373
   1.768413    0.50767446  0.89155346  1.478436    1.4991891   0.69101137]], shape=(1, 18), dtype=float32)"
45,[12 2 1 3 1 3 4 0 0 0 0 0 0 0 0 4 0 0 0 0 0 0 0 0 0],"tf.Tensor([ 1.9520762   1.002513    0.88536507  1.3286592   1.3674705  10.        ], shape=(6,), dtype=float32)",0.0,[12 3 1 3 1 3 4 0 0 0 0 0 0 0 0 4 0 0 0 0 0 0 0 0 0],False,"tf.Tensor(
[[ 1.9520762   1.002513    0.88536507  1.3286592   1.3674705   0.7441031
   0.5603951   0.8297924   1.485165   -0.15861025  0.2600627   0.19430463
   1.3477703   0.40089795  0.6400834   1.7333245   1.0023041   0.89154136]], shape=(1, 18), dtype=float32)"
46,[12 3 1 3 1 3 4 0 0 0 0 0 0 0 0 4 0 0 0 0 0 0 0 0 0],"tf.Tensor([ 2.0491233  1.0554063  0.9845447  1.3050812  1.4004071 10.       ], shape=(6,), dtype=float32)",0.0,[13 1 0 0 0 0 0 1 3 1 3 4 0 0 0 4 0 0 0 0 0 0 0 0 0],False,"tf.Tensor(
[[ 2.0491233   1.0554063   0.9845447   1.3050812   1.4004071   0.76269436
   0.57001585  0.87362444  1.6455197  -0.10650659  0.30701178  0.18917729
   1.3589066   0.44787633  0.6583702   1.7049525   1.0323488   0.84122014]], shape=(1, 18), dtype=float32)"
47,[13 1 0 0 0 0 0 1 3 1 3 4 0 0 0 4 0 0 0 0 0 0 0 0 0],"tf.Tensor([2.2971187  1.2649025  0.88116366 1.2490703  1.8365078  3.        ], shape=(6,), dtype=float32)",0.4,[13 2 1 3 5 3 0 0 0 3 0 0 0 0 0 4 0 0 0 0 0 0 0 0 0],False,"tf.Tensor(
[[ 2.2971187   1.2649025   0.88116366  1.2490703   1.8365078   0.87624747
   0.42337817  0.8952341   1.8862448  -0.13437536  0.28912485  0.26766664
   1.55014     0.48263168  0.72198296  1.550852    1.2026564   0.89369935]], shape=(1, 18), dtype=float32)"
48,[13 2 1 3 5 3 0 0 0 3 0 0 0 0 0 4 0 0 0 0 0 0 0 0 0],"tf.Tensor([ 2.3603048  0.8685718  1.1955501  1.5194305  1.3710868 10.       ], shape=(6,), dtype=float32)",0.1,[13 3 1 3 5 3 3 0 0 0 0 0 0 0 0 4 0 0 0 0 0 0 0 0 0],False,"tf.Tensor(
[[ 2.3603048   0.8685718   1.1955501   1.5194305   1.3710868   0.8561956
   0.8257048   0.98246753  1.8413488  -0.37790596  0.5174543   0.26338995
   1.478814   -0.08734438  0.94518876  2.220601    1.0258402   1.0650002 ]], shape=(1, 18), dtype=float32)"
49,[13 3 1 3 5 3 3 0 0 0 0 0 0 0 0 4 0 0 0 0 0 0 0 0 0],[0 1 0 1 0 4],10.0,[14 1 0 0 0 0 0 1 3 2 5 3 0 0 0 4 5 0 0 0 0 0 0 0 0],True,"tf.Tensor(
[[ 2.4097848   0.8911614   1.2260536   1.7420869   1.3621011   0.84695184
   0.37316477  1.0262284   1.7768983  -0.23892814  0.61008173  0.12680538
   1.5008194  -0.3361364   1.0391926   2.450721    0.68186307  1.4058197 ]], shape=(1, 18), dtype=float32)"
50,[1 1 0 0 0 0 0 6 6 4 2 6 0 0 0 0 0 0 0 0 0 0 0 0 0],"tf.Tensor([1.6456571 1.3925678 1.2177322 1.001867  1.4694966 7.       ], shape=(6,), dtype=float32)",0.5,[1 2 6 6 4 2 6 0 0 0 0 0 0 0 0 0 0 0 0 0 0 0 0 0 0],False,"tf.Tensor(
[[ 1.6456571   1.3925678   1.2177322   1.001867    1.4694966   0.16415986
   0.2881474   0.6861723   1.3693769  -0.00186592  0.86587495 -0.07153758
   1.3816237   0.3758316   0.9896396   1.2633679   1.0120645   0.2731629 ]], shape=(1, 18), dtype=float32)"
51,[1 2 6 6 4 2 6 0 0 0 0 0 0 0 0 0 0 0 0 0 0 0 0 0 0],"tf.Tensor([1.788841  1.5051255 1.2796713 1.4121842 1.9049147 7.       ], shape=(6,), dtype=float32)",0.0,[1 3 6 6 4 2 6 0 0 0 0 0 0 0 0 0 0 0 0 0 0 0 0 0 0],False,"tf.Tensor(
[[ 1.788841    1.5051255   1.2796713   1.4121842   1.9049147   0.36269185
   0.47267446  0.4253279   1.747322    0.03624813  0.6479602  -0.4810861
   1.8540637   0.2568021   1.3550191   1.8267331   0.9907904   0.6887095 ]], shape=(1, 18), dtype=float32)"
52,[1 3 6 6 4 2 6 0 0 0 0 0 0 0 0 0 0 0 0 0 0 0 0 0 0],"tf.Tensor([1.854097  1.5376414 1.3792454 1.4446383 1.9377718 7.       ], shape=(6,), dtype=float32)",0.0,[2 1 0 0 0 0 0 6 6 4 2 6 0 0 0 0 0 0 0 0 0 0 0 0 0],False,"tf.Tensor(
[[ 1.854097    1.5376414   1.3792454   1.4446383   1.9377718   0.36846796
   0.4599254   0.44872278  1.8266175   0.0340184   0.68245715 -0.52601737
   1.9112313   0.23089257  1.3883125   1.8414178   1.0170405   0.68390495]], shape=(1, 18), dtype=float32)"
53,[2 1 0 0 0 0 0 6 6 4 2 6 0 0 0 0 0 0 0 0 0 0 0 0 0],[0 0 0 0 1 4],0.1,[2 2 4 0 0 0 0 4 6 3 6 0 0 0 0 0 0 0 0 0 0 0 0 0 0],False,"tf.Tensor(
[[ 1.6919502   1.468289    1.1729482   0.98182034  1.5713897   0.23801744
   0.35084185  0.6893545   1.4253421  -0.02342585  0.8115698  -0.03347074
   1.4627278   0.50122327  0.9932207   1.2823147   1.0887836   0.27760816]], shape=(1, 18), dtype=float32)"
54,[2 2 4 0 0 0 0 4 6 3 6 0 0 0 0 0 0 0 0 0 0 0 0 0 0],"tf.Tensor([1.5422797  1.4697715  0.69863534 1.1596289  1.975351   7.        ], shape=(6,), dtype=float32)",0.30000000000000004,[2 3 4 4 6 6 0 0 0 6 0 0 0 0 0 0 0 0 0 0 0 0 0 0 0],False,"tf.Tensor(
[[ 1.5422797   1.4697715   0.69863534  1.1596289   1.975351    0.5566123
   0.5950526   0.17682406  1.3235354  -0.13522714  0.54408497  0.03633766
   1.8526238   0.9565211   0.906184    1.4218825   1.330985    0.528215  ]], shape=(1, 18), dtype=float32)"
55,[2 3 4 4 6 6 0 0 0 6 0 0 0 0 0 0 0 0 0 0 0 0 0 0 0],"tf.Tensor([ 1.7615855  1.4447314  1.076336   1.3885777  1.7307957 10.       ], shape=(6,), dtype=float32)",0.0,[3 1 0 0 0 0 0 6 3 3 1 4 0 0 0 0 0 0 0 0 0 0 0 0 0],False,"tf.Tensor(
[[ 1.7615855   1.4447314   1.076336    1.3885777   1.7307957   0.32946143
   0.6435379   0.5681718   1.5188344  -0.19365968  0.6306904  -0.14144656
   1.7008636   0.17238227  1.2596666   1.9464809   1.0087932   0.7428761 ]], shape=(1, 18), dtype=float32)"
56,[3 1 0 0 0 0 0 6 3 3 1 4 0 0 0 0 0 0 0 0 0 0 0 0 0],"tf.Tensor([1.386444  1.289162  0.7966363 0.6148665 1.4258989 7.       ], shape=(6,), dtype=float32)",0.30000000000000004,[3 2 1 3 1 0 0 0 0 5 5 0 0 0 0 0 0 0 0 0 0 0 0 0 0],False,"tf.Tensor(
[[ 1.386444    1.289162    0.7966363   0.6148665   1.4258989   0.46910825
   0.39325938  0.5251533   1.2699063  -0.11204575  0.37342316  0.00587374
   1.3075237   0.62949115  0.7852844   0.9136631   1.0376612   0.21504575]], shape=(1, 18), dtype=float32)"
57,[3 2 1 3 1 0 0 0 0 5 5 0 0 0 0 0 0 0 0 0 0 0 0 0 0],[1 1 1 0 0 8],0.1,[3 3 1 3 1 5 0 0 0 0 6 0 0 0 0 0 0 0 0 0 0 0 0 0 0],False,"tf.Tensor(
[[ 1.50272322e+00  1.12730944e+00  1.04442871e+00  8.66425514e-01
   1.16615808e+00  4.09971386e-01  8.42755675e-01  1.26460627e-01
   1.23360121e+00 -1.00385785e-01  3.53104711e-01 -2.50472650e-02
   1.22801113e+00  1.09020996e+00  7.35526562e-01  1.36225724e+00
   1.34635878e+00  1.49798393e-03]], shape=(1, 18), dtype=float32)"
58,[3 3 1 3 1 5 0 0 0 0 6 0 0 0 0 0 0 0 0 0 0 0 0 0 0],"tf.Tensor([ 1.13633     0.6094238   0.8259965   0.92618835  0.79737794 10.        ], shape=(6,), dtype=float32)",0.0,[4 1 0 0 0 0 0 1 3 2 5 1 0 0 0 0 0 0 0 0 0 0 0 0 0],False,"tf.Tensor(
[[ 1.13633     0.6094238   0.8259965   0.92618835  0.79737794  0.12585893
   0.19633092  0.51853573  0.78206086 -0.05508001  0.46167755 -0.14170974
   0.9299981  -0.19109762  0.7434977   1.0800819   0.5270597   0.49459955]], shape=(1, 18), dtype=float32)"
59,[4 1 0 0 0 0 0 1 3 2 5 1 0 0 0 0 0 0 0 0 0 0 0 0 0],"tf.Tensor([ 1.3438962   1.0008364   0.85908496  0.7833557   0.9888394  11.        ], shape=(6,), dtype=float32)",0.30000000000000004,[4 2 2 2 5 0 0 0 0 6 1 0 0 0 0 0 0 0 0 0 0 0 0 0 0],False,"tf.Tensor(
[[ 1.3438962   1.0008364   0.85908496  0.7833557   0.9888394   0.45906472
   0.7125377   0.27683154  1.1616763  -0.08726667  0.26749748  0.12813604
   0.8903637   1.0214844   0.6662745   0.8764071   1.342708   -0.04619945]], shape=(1, 18), dtype=float32)"
60,[4 2 2 2 5 0 0 0 0 6 1 0 0 0 0 0 0 0 0 0 0 0 0 0 0],"tf.Tensor([ 1.552175    1.4921118   0.90539914  0.96365297  1.1293367  10.        ], shape=(6,), dtype=float32)",0.2,[4 3 2 2 5 6 1 0 0 0 0 0 0 0 0 0 0 0 0 0 0 0 0 0 0],False,"tf.Tensor(
[[ 1.552175    1.4921118   0.90539914  0.96365297  1.1293367   0.3732038
   0.5120127   0.26393962  1.1551032  -0.04079942  0.28173196 -0.0718273
   1.371539    1.1128179   0.6650026   1.4463857   0.9882631   0.38550138]], shape=(1, 18), dtype=float32)"
61,[4 3 2 2 5 6 1 0 0 0 0 0 0 0 0 0 0 0 0 0 0 0 0 0 0],"tf.Tensor([ 1.7200382  0.9140992  1.3379021  1.2925153  1.0915159 10.       ], shape=(6,), dtype=float32)",0.0,[5 1 0 0 0 0 0 2 2 2 2 5 0 0 0 0 0 0 0 0 0 0 0 0 0],False,"tf.Tensor(
[[ 1.7200382   0.9140992   1.3379021   1.2925153   1.0915159  -0.0912085
   0.44382843  1.0452552   1.1515424  -0.10797599  0.866253    0.01295617
   1.229958   -0.36146188  1.0003781   1.7828017   0.5739816   0.6503803 ]], shape=(1, 18), dtype=float32)"
62,[5 1 0 0 0 0 0 2 2 2 2 5 0 0 0 0 0 0 0 0 0 0 0 0 0],"tf.Tensor([1.382142  1.0181392 0.781005  0.6076708 1.1855302 3.       ], shape=(6,), dtype=float32)",0.30000000000000004,[5 2 3 4 5 0 0 0 0 6 5 0 0 0 0 0 0 0 0 0 0 0 0 0 0],False,"tf.Tensor(
[[ 1.382142    1.0181392   0.781005    0.6076708   1.1855302   0.53986984
   0.6591339   0.48113653  1.2606932  -0.15439868  0.38551217  0.12271339
   1.1471846   0.72444034  0.6285714   0.8796735   1.1404922   0.08023673]], shape=(1, 18), dtype=float32)"
63,[5 2 3 4 5 0 0 0 0 6 5 0 0 0 0 0 0 0 0 0 0 0 0 0 0],"tf.Tensor([ 2.0886595  1.7791947  1.250032   1.1244965  1.5727726 10.       ], shape=(6,), dtype=float32)",0.2,[5 3 3 4 5 6 5 0 0 0 0 0 0 0 0 0 0 0 0 0 0 0 0 0 0],False,"tf.Tensor(
[[ 2.0886595   1.7791947   1.250032    1.1244965   1.5727726   0.44937268
   0.8231554   0.39723244  1.6326711  -0.04086068  0.41793174  0.07066066
   1.615398    1.4208156   0.9800439   1.8932484   1.4300233   0.2745367 ]], shape=(1, 18), dtype=float32)"
64,[5 3 3 4 5 6 5 0 0 0 0 0 0 0 0 0 0 0 0 0 0 0 0 0 0],"tf.Tensor([ 2.1998694  1.5543699  1.6694452  1.5606278  1.5819849 10.       ], shape=(6,), dtype=float32)",0.0,[6 1 0 0 0 0 0 3 4 5 3 5 0 0 0 0 0 0 0 0 0 0 0 0 0],False,"tf.Tensor(
[[ 2.1998694   1.5543699   1.6694452   1.5606278   1.5819849   0.05273419
   0.25893438  1.0846846   1.799122    0.12039444  0.96913016 -0.35173148
   1.7180686  -0.03825564  1.3635364   1.8821243   0.8585986   0.69260764]], shape=(1, 18), dtype=float32)"
65,[6 1 0 0 0 0 0 3 4 5 3 5 0 0 0 0 0 0 0 0 0 0 0 0 0],"tf.Tensor([1.9622743  1.4253334  1.1205934  0.99599445 1.716357   3.        ], shape=(6,), dtype=float32)",0.5,[6 2 6 4 2 1 1 0 0 0 0 0 0 0 0 0 0 0 0 0 0 0 0 0 0],False,"tf.Tensor(
[[ 1.9622743   1.4253334   1.1205934   0.99599445  1.716357    0.69669604
   1.0648371   0.58039767  1.7540494  -0.15028714  0.5876697   0.21465012
   1.6139677   1.3219763   0.79083776  1.3000624   1.7516673   0.01168214]], shape=(1, 18), dtype=float32)"
66,[6 2 6 4 2 1 1 0 0 0 0 0 0 0 0 0 0 0 0 0 0 0 0 0 0],"tf.Tensor([ 1.603498   0.9432287  1.1781085  1.0870216  1.5299605 10.       ], shape=(6,), dtype=float32)",0.0,[6 3 6 4 2 1 1 0 0 0 0 0 0 0 0 0 0 0 0 0 0 0 0 0 0],False,"tf.Tensor(
[[ 1.603498    0.9432287   1.1781085   1.0870216   1.5299605   0.39844343
   0.6592082   0.5828326   1.5316093  -0.09085378  0.36389256 -0.2239941
   1.4151953  -0.00350741  0.8973366   1.562887    0.84704715  0.57789916]], shape=(1, 18), dtype=float32)"
67,[6 3 6 4 2 1 1 0 0 0 0 0 0 0 0 0 0 0 0 0 0 0 0 0 0],[1 1 0 0 1 7],0.0,[7 1 0 0 0 0 0 6 4 2 1 1 0 0 0 0 0 0 0 0 0 0 0 0 0],False,"tf.Tensor(
[[ 1.7162536   0.97906613  1.2722051   1.1098056   1.5598718   0.445151
   0.72996473  0.6332119   1.6686864  -0.10013483  0.37951    -0.23603424
   1.4600346   0.03291168  0.9136646   1.5979782   0.9196248   0.54733276]], shape=(1, 18), dtype=float32)"
68,[7 1 0 0 0 0 0 6 4 2 1 1 0 0 0 0 0 0 0 0 0 0 0 0 0],"tf.Tensor([1.8117149  1.1884654  0.64936936 1.3548919  1.4105186  7.        ], shape=(6,), dtype=float32)",0.4,[7 2 2 1 3 6 0 0 0 5 0 0 0 0 0 0 0 0 0 0 0 0 0 0 0],False,"tf.Tensor(
[[ 1.8117149   1.1884654   0.64936936  1.3548919   1.4105186   0.6871085
   0.7011046   0.70805335  1.2268262  -0.3004195   0.5623613  -0.01058789
   1.5181855   0.94858336  0.75390494  1.1761634   1.3317767   0.50105524]], shape=(1, 18), dtype=float32)"
69,[7 2 2 1 3 6 0 0 0 5 0 0 0 0 0 0 0 0 0 0 0 0 0 0 0],"tf.Tensor([1.8542709 0.9839975 1.0848092 1.1215626 1.2144113 3.       ], shape=(6,), dtype=float32)",0.1,[7 3 2 1 3 6 5 0 0 0 0 0 0 0 0 0 0 0 0 0 0 0 0 0 0],False,"tf.Tensor(
[[ 1.8542709   0.9839975   1.0848092   1.1215626   1.2144113   0.6224521
   0.9615724   0.6994707   1.576235   -0.39209312  0.4621572   0.06348887
   1.3900188   0.33889088  0.7335973   1.5134896   1.1961136   0.44674402]], shape=(1, 18), dtype=float32)"
70,[7 3 2 1 3 6 5 0 0 0 0 0 0 0 0 0 0 0 0 0 0 0 0 0 0],"tf.Tensor([ 1.7713621  1.1101297  1.2406794  1.3725251  1.260436  10.       ], shape=(6,), dtype=float32)",0.0,[8 1 0 0 0 0 0 2 1 2 3 6 0 0 0 0 0 0 0 0 0 0 0 0 0],False,"tf.Tensor(
[[ 1.7713621   1.1101297   1.2406794   1.3725251   1.260436    0.1963346
   0.3999116   0.8086512   1.2872124  -0.13185677  0.7763022  -0.10459334
   1.4949356   0.06761134  0.88207453  1.6987271   0.6961664   0.70709   ]], shape=(1, 18), dtype=float32)"
71,[8 1 0 0 0 0 0 2 1 2 3 6 0 0 0 0 0 0 0 0 0 0 0 0 0],"tf.Tensor([1.9777842 1.2772592 0.967493  0.906093  1.3275667 3.       ], shape=(6,), dtype=float32)",0.5,[8 2 1 4 6 6 1 0 0 0 0 0 0 0 0 0 0 0 0 0 0 0 0 0 0],False,"tf.Tensor(
[[ 1.9777842   1.2772592   0.967493    0.906093    1.3275667   0.695026
   0.86253536  0.80472493  1.6087855  -0.25081253  0.5055849   0.25804478
   1.4055023   0.87980217  0.80918     1.2083142   1.5336536   0.17305957]], shape=(1, 18), dtype=float32)"
72,[8 2 1 4 6 6 1 0 0 0 0 0 0 0 0 0 0 0 0 0 0 0 0 0 0],[1 0 0 0 0 4],0.0,[8 3 1 4 6 6 1 0 0 0 0 0 0 0 0 0 0 0 0 0 0 0 0 0 0],False,"tf.Tensor(
[[ 2.3028257   1.2056243   1.5004051   1.5931715   1.2887734   0.17613667
   0.33415523  1.493469    1.5274541  -0.37144637  0.96379507  0.03279179
   1.3618855  -0.536131    1.0629019   2.2547262   0.72726744  0.84409845]], shape=(1, 18), dtype=float32)"
73,[8 3 1 4 6 6 1 0 0 0 0 0 0 0 0 0 0 0 0 0 0 0 0 0 0],"tf.Tensor([ 2.2893665  1.1668458  1.5761962  1.5820527  1.339776  10.       ], shape=(6,), dtype=float32)",0.0,[9 1 0 0 0 0 0 1 4 6 6 1 0 0 0 0 0 0 0 0 0 0 0 0 0],False,"tf.Tensor(
[[ 2.2893665   1.1668458   1.5761962   1.5820527   1.339776    0.17522517
   0.3756215   1.4686341   1.5895888  -0.3691563   0.97745556  0.00310992
   1.3937329  -0.569066    1.0741814   2.291647    0.7006159   0.82277006]], shape=(1, 18), dtype=float32)"
74,[9 1 0 0 0 0 0 1 4 6 6 1 0 0 0 0 0 0 0 0 0 0 0 0 0],"tf.Tensor([ 2.4016008  1.5527127  1.4138517  1.4693987  1.6116648 11.       ], shape=(6,), dtype=float32)",0.5,[9 2 2 5 3 2 1 0 0 0 0 0 0 0 0 0 0 0 0 0 0 0 0 0 0],False,"tf.Tensor(
[[ 2.4016008   1.5527127   1.4138517   1.4693987   1.6116648   0.95575297
   1.3695807   0.3516833   1.879306   -0.4440065   0.29567403  0.19632846
   1.7708386   1.6720316   1.0438335   1.8186055   2.2915447   0.14347126]], shape=(1, 18), dtype=float32)"
75,[9 2 2 5 3 2 1 0 0 0 0 0 0 0 0 0 0 0 0 0 0 0 0 0 0],"tf.Tensor([ 2.0580852   0.89700335  1.4001094   1.2285352   1.5377548  10.        ], shape=(6,), dtype=float32)",0.0,[9 3 2 5 3 2 1 0 0 0 0 0 0 0 0 0 0 0 0 0 0 0 0 0 0],False,"tf.Tensor(
[[ 2.0580852   0.89700335  1.4001094   1.2285352   1.5377548   0.5824379
   0.8986261   0.9219909   1.8793176  -0.25641525  0.5818643   0.10779289
   1.3899971  -0.02133391  0.7527083   2.0325038   0.81021047  0.7139962 ]], shape=(1, 18), dtype=float32)"
76,[9 3 2 5 3 2 1 0 0 0 0 0 0 0 0 0 0 0 0 0 0 0 0 0 0],"tf.Tensor([ 2.1427114   0.95826817  1.4967      1.2313898   1.5972111  10.        ], shape=(6,), dtype=float32)",0.0,[10 1 0 0 0 0 0 2 5 3 2 1 0 0 0 0 0 0 0 0 0 0 0 0 0],False,"tf.Tensor(
[[ 2.1427114   0.95826817  1.4967      1.2313898   1.5972111   0.5836391
   0.9029722   0.9565277   2.011799   -0.22002716  0.62988406  0.08911659
   1.4107544   0.00516679  0.7820049   2.0452461   0.8273661   0.68478507]], shape=(1, 18), dtype=float32)"
77,[10 1 0 0 0 0 0 2 5 3 2 1 0 0 0 0 0 0 0 0 0 0 0 0 0],"tf.Tensor([2.2746065 1.4296798 1.0116665 1.4571493 1.8974793 7.       ], shape=(6,), dtype=float32)",0.5,[10 2 1 2 1 4 1 0 0 0 0 0 0 0 0 0 0 0 0 0 0 0 0 0 0],False,"tf.Tensor(
[[ 2.2746065   1.4296798   1.0116665   1.4571493   1.8974793   0.90416557
   1.1504121   0.7515863   1.7350613  -0.31026274  0.52767     0.14247826
   1.9520212   1.3720454   0.72787726  1.5339969   1.8768486   0.42309105]], shape=(1, 18), dtype=float32)"
78,[10 2 1 2 1 4 1 0 0 0 0 0 0 0 0 0 0 0 0 0 0 0 0 0 0],"tf.Tensor([ 1.9623674   0.82647675  1.0841335   1.0937037   1.5910261  10.        ], shape=(6,), dtype=float32)",0.0,[10 3 1 2 1 4 1 0 0 0 0 0 0 0 0 0 0 0 0 0 0 0 0 0 0],False,"tf.Tensor(
[[ 1.9623674   0.82647675  1.0841335   1.0937037   1.5910261   0.7337039
   0.91473377  0.80754983  1.7211976  -0.32055217  0.36930197  0.3461331
   1.4205608   0.19125652  0.5149292   1.7733043   0.9807652   0.77727675]], shape=(1, 18), dtype=float32)"
79,[10 3 1 2 1 4 1 0 0 0 0 0 0 0 0 0 0 0 0 0 0 0 0 0 0],"tf.Tensor([2.024403  0.870884  1.1905272 1.0793978 1.6219761 3.       ], shape=(6,), dtype=float32)",8.0,[11 1 0 0 0 0 0 1 2 1 4 1 0 0 0 4 0 0 0 0 0 0 0 0 0],False,"tf.Tensor(
[[ 2.024403    0.870884    1.1905272   1.0793978   1.6219761   0.7371794
   0.9014937   0.82956016  1.8570906  -0.27210045  0.4025597   0.30245894
   1.4258811   0.20268139  0.54840875  1.744659    0.98459566  0.7295108 ]], shape=(1, 18), dtype=float32)"
80,[11 1 0 0 0 0 0 1 2 1 4 1 0 0 0 4 0 0 0 0 0 0 0 0 0],[1 1 0 0 1 7],0.30000000000000004,[11 2 6 4 4 0 0 0 0 4 1 0 0 0 0 4 0 0 0 0 0 0 0 0 0],False,"tf.Tensor(
[[ 1.8748828   1.0575485   0.6543888   1.0802566   1.3392112   0.67249364
   0.2834466   0.6276601   1.3165784  -0.0382278   0.02520254  0.37291715
   1.1563717   0.6699466   0.6393181   1.3754716   1.0532743   0.8326953 ]], shape=(1, 18), dtype=float32)"
81,[11 2 6 4 4 0 0 0 0 4 1 0 0 0 0 4 0 0 0 0 0 0 0 0 0],"tf.Tensor([2.31447   1.0881724 1.3052183 1.2240847 1.4669015 3.       ], shape=(6,), dtype=float32)",0.2,[11 3 6 4 4 4 1 0 0 0 0 0 0 0 0 4 0 0 0 0 0 0 0 0 0],False,"tf.Tensor(
[[ 2.31447     1.0881724   1.3052183   1.2240847   1.4669015   0.8237624
   0.99962664  0.6181548   1.9718636  -0.17532946  0.23498511  0.00608201
   1.5940969   0.63206756  1.0235507   1.782429    1.5662539   0.46196496]], shape=(1, 18), dtype=float32)"
82,[11 3 6 4 4 4 1 0 0 0 0 0 0 0 0 4 0 0 0 0 0 0 0 0 0],"tf.Tensor([ 2.0220652   0.85148156  1.2088368   1.5006078   1.5283675  10.        ], shape=(6,), dtype=float32)",0.0,[12 1 0 0 0 0 0 6 4 3 3 4 0 0 0 4 0 0 0 0 0 0 0 0 0],False,"tf.Tensor(
[[ 2.0220652   0.85148156  1.2088368   1.5006078   1.5283675   0.4964345
   0.6654014   1.0433173   1.4600632  -0.28795427  0.32998234  0.03959466
   1.6504753  -0.43687823  1.1835654   2.0578582   1.04886     0.9569242 ]], shape=(1, 18), dtype=float32)"
83,[12 1 0 0 0 0 0 6 4 3 3 4 0 0 0 4 0 0 0 0 0 0 0 0 0],"tf.Tensor([2.4963882  1.535599   0.83696276 1.5256509  1.7123045  7.        ], shape=(6,), dtype=float32)",0.4,[12 2 3 2 4 2 0 0 0 3 0 0 0 0 0 4 0 0 0 0 0 0 0 0 0],False,"tf.Tensor(
[[ 2.4963882   1.535599    0.83696276  1.5256509   1.7123045   0.9542402
   0.8568077   1.1801202   1.5615307  -0.4146648   0.40629548  0.08007441
   1.9823475   1.0339378   1.1701571   1.6010021   1.7554244   0.70588595]], shape=(1, 18), dtype=float32)"
84,[12 2 3 2 4 2 0 0 0 3 0 0 0 0 0 4 0 0 0 0 0 0 0 0 0],"tf.Tensor([ 2.101391   0.7186021  1.0720034  1.2792498  1.2925502 10.       ], shape=(6,), dtype=float32)",0.1,[12 3 3 2 4 2 3 0 0 0 0 0 0 0 0 4 0 0 0 0 0 0 0 0 0],False,"tf.Tensor(
[[ 2.101391    0.7186021   1.0720034   1.2792498   1.2925502   0.87357616
   0.8476207   0.6844944   1.683278   -0.3389851   0.3124109   0.20045891
   1.3987995   0.08502375  0.9294653   1.7952802   1.1665488   0.8040586 ]], shape=(1, 18), dtype=float32)"
85,[12 3 3 2 4 2 3 0 0 0 0 0 0 0 0 4 0 0 0 0 0 0 0 0 0],"tf.Tensor([ 2.183437    0.87977785  1.049674    1.5487142   1.354964   10.        ], shape=(6,), dtype=float32)",0.0,[13 1 0 0 0 0 0 3 2 2 4 2 0 0 0 4 0 0 0 0 0 0 0 0 0],False,"tf.Tensor(
[[ 2.183437    0.87977785  1.049674    1.5487142   1.354964    0.7512546
   0.4672856   0.9028984   1.5853317  -0.18039568  0.43470037  0.13175493
   1.425237   -0.03840023  0.9500505   2.0578682   0.86803424  1.1272255 ]], shape=(1, 18), dtype=float32)"
86,[13 1 0 0 0 0 0 3 2 2 4 2 0 0 0 4 0 0 0 0 0 0 0 0 0],"tf.Tensor([2.2603989 1.239784  0.6668751 1.3954158 1.7362809 3.       ], shape=(6,), dtype=float32)",0.4,[13 2 1 2 6 5 0 0 0 1 0 0 0 0 0 4 0 0 0 0 0 0 0 0 0],False,"tf.Tensor(
[[ 2.2603989   1.239784    0.6668751   1.3954158   1.7362809   0.9908019
   0.5374391   0.758569    1.6661034  -0.2285391   0.07548927  0.28794375
   1.5578665   0.72331405  0.82843286  1.5501405   1.4925326   0.91544026]], shape=(1, 18), dtype=float32)"
87,[13 2 1 2 6 5 0 0 0 1 0 0 0 0 0 4 0 0 0 0 0 0 0 0 0],"tf.Tensor([ 2.1784222  0.6746822  1.028816   1.6345595  1.400917  10.       ], shape=(6,), dtype=float32)",0.1,[13 3 1 2 6 5 1 0 0 0 0 0 0 0 0 4 0 0 0 0 0 0 0 0 0],False,"tf.Tensor(
[[ 2.1784222   0.6746822   1.028816    1.6345595   1.400917    0.7417345
   0.60068667  1.1259724   1.420798   -0.5058548   0.46136147  0.36182147
   1.493613   -0.57149273  1.0693537   2.4476683   0.87930274  1.2615345 ]], shape=(1, 18), dtype=float32)"
88,[13 3 1 2 6 5 1 0 0 0 0 0 0 0 0 4 0 0 0 0 0 0 0 0 0],"tf.Tensor([ 2.2556152  0.6858852  1.1212294  1.7342008  1.424812  10.       ], shape=(6,), dtype=float32)",0.0,[14 1 0 0 0 0 0 1 2 6 6 5 0 0 0 4 0 0 0 0 0 0 0 0 0],True,"tf.Tensor(
[[ 2.2556152   0.6858852   1.1212294   1.7342008   1.424812    0.7380141
   0.49958578  1.1734325   1.4560553  -0.44221526  0.5303078   0.29984245
   1.5470449  -0.60934675  1.1187288   2.5687819   0.80876684  1.3291367 ]], shape=(1, 18), dtype=float32)"
89,[1 1 0 0 0 0 0 2 3 4 5 5 0 0 0 0 0 0 0 0 0 0 0 0 0],"tf.Tensor([1.2919621 1.1348118 0.949306  0.657362  1.2967869 7.       ], shape=(6,), dtype=float32)",0.4,[1 2 2 3 4 5 0 0 0 0 2 0 0 0 0 0 0 0 0 0 0 0 0 0 0],False,"tf.Tensor(
[[ 1.2919621   1.1348118   0.949306    0.657362    1.2967869   0.34112594
   0.80156344  0.26781258  1.2657138  -0.16061515  0.69085383  0.19734964
   1.2817847   0.9309739   0.59383416  1.0393555   1.1214207  -0.03891163]], shape=(1, 18), dtype=float32)"
90,[1 2 2 3 4 5 0 0 0 0 2 0 0 0 0 0 0 0 0 0 0 0 0 0 0],[0 0 0 0 0 9],0.0,[1 3 2 3 4 5 0 0 0 0 6 0 0 0 0 0 0 0 0 0 0 0 0 0 0],False,"tf.Tensor(
[[ 1.2432742   0.7285244   1.1012461   1.0874202   0.83152735 -0.08538236
   0.36916906  0.70666033  0.9457529  -0.08739442  0.61369354  0.03649791
   0.8717055  -0.447435    0.96123916  1.4450375   0.57142633  0.44135267]], shape=(1, 18), dtype=float32)"
91,[1 3 2 3 4 5 0 0 0 0 6 0 0 0 0 0 0 0 0 0 0 0 0 0 0],"tf.Tensor([ 1.1334904   0.80683964  0.8895943   1.0523934   0.92373276 10.        ], shape=(6,), dtype=float32)",60.0,[2 1 0 0 0 0 0 2 3 4 5 5 0 0 0 0 0 0 0 0 0 0 30 0 0],False,"tf.Tensor(
[[ 1.1334904   0.80683964  0.8895943   1.0523934   0.92373276  0.07442879
   0.31188405  0.4478596   0.85407054 -0.09457842  0.5657646  -0.17839451
   1.04528    -0.16499381  0.8910484   1.3540939   0.5131709   0.5367499 ]], shape=(1, 18), dtype=float32)"
92,[2 1 0 0 0 0 0 2 3 4 5 5 0 0 0 0 0 0 0 0 0 0 30 0 0],"tf.Tensor([1.6887574  0.5730808  1.5271366  1.2605636  0.21207426 9.        ], shape=(6,), dtype=float32)",0.30000000000000004,[2 2 3 5 5 0 0 0 4 0 0 1 0 0 0 0 0 0 0 0 0 0 30 0 0],False,"tf.Tensor(
[[ 1.6887574   0.5730808   1.5271366   1.2605636   0.21207426  0.0170747
   0.7933429   1.1293933   1.4155924   0.29495865  0.5093533  -0.5281227
   0.6107789  -0.95661646  1.9806933   1.1762459   1.9347545  -0.37560374]], shape=(1, 18), dtype=float32)"
93,[2 2 3 5 5 0 0 0 4 0 0 1 0 0 0 0 0 0 0 0 0 0 30 0 0],"tf.Tensor([1.667092  1.9045737 1.5922163 1.3224573 0.8914262 9.       ], shape=(6,), dtype=float32)",0.1,[2 3 3 5 5 4 0 0 0 0 0 3 0 0 0 0 0 0 0 0 0 0 30 0 0],False,"tf.Tensor(
[[ 1.667092    1.9045737   1.5922163   1.3224573   0.8914262  -0.08737386
   0.7031584   1.5895069   1.7460784   0.21445853  0.39744508 -0.6233238
   0.86222476 -0.41519493  1.995138    1.8809974   1.661135   -0.49443072]], shape=(1, 18), dtype=float32)"
94,[2 3 3 5 5 4 0 0 0 0 0 3 0 0 0 0 0 0 0 0 0 0 30 0 0],[0 1 0 0 1 7],0.0,[3 1 0 0 0 0 0 3 1 5 5 4 0 0 0 0 0 0 0 0 0 0 30 0 0],False,"tf.Tensor(
[[ 1.495738    1.50732     1.5963556   1.1799593   0.8205342  -0.1045712
   0.58386713  1.4002252   1.5009717   0.09702858  0.42481458 -0.48866916
   0.9750087  -0.60765296  1.8870474   1.4433175   1.7434257  -0.49805778]], shape=(1, 18), dtype=float32)"
95,[3 1 0 0 0 0 0 3 1 5 5 4 0 0 0 0 0 0 0 0 0 0 30 0 0],"tf.Tensor([ 1.8025281   0.68734735  1.4454772   1.229054    0.43474868 11.        ], shape=(6,), dtype=float32)",0.30000000000000004,[3 2 6 4 6 0 0 0 6 0 0 4 0 0 0 0 0 0 0 0 0 0 30 0 0],False,"tf.Tensor(
[[ 1.8025281   0.68734735  1.4454772   1.229054    0.43474868  0.12953943
   0.8495605   1.0743244   1.470748    0.23322174  0.4738214  -0.53524125
   0.7501435  -0.7453491   1.9012718   1.0983015   2.101968   -0.37032208]], shape=(1, 18), dtype=float32)"
96,[3 2 6 4 6 0 0 0 6 0 0 4 0 0 0 0 0 0 0 0 0 0 30 0 0],[1 0 0 1 1 5],0.1,[3 3 6 4 6 4 0 0 6 0 0 0 0 0 0 0 0 0 0 0 0 0 30 0 0],False,"tf.Tensor(
[[ 1.8945552   1.7707392   1.6221678   1.5209131   0.8076842   0.00895359
   0.9001654   1.4695915   1.8343294   0.19616029  0.54030997 -0.60009974
   0.8214452  -0.40359294  2.075934    2.1046019   1.7763808  -0.37155798]], shape=(1, 18), dtype=float32)"
97,[3 3 6 4 6 4 0 0 6 0 0 0 0 0 0 0 0 0 0 0 0 0 30 0 0],[1 0 0 1 1 7],0.0,[4 1 0 0 0 0 0 6 6 4 6 1 0 0 0 0 0 0 0 0 0 0 30 0 0],False,"tf.Tensor(
[[ 1.7642565e+00  2.0444951e+00  1.5454432e+00  1.3805673e+00
   1.1975632e+00 -1.1896864e-03  6.6283453e-01  1.6734942e+00
   1.8161597e+00 -1.6619209e-02  4.2855832e-01 -6.6087472e-01
   1.0434762e+00 -5.3793555e-01  2.1169786e+00  1.9890615e+00
   2.0007281e+00 -5.7617378e-01]], shape=(1, 18), dtype=float32)"
98,[4 1 0 0 0 0 0 6 6 4 6 1 0 0 0 0 0 0 0 0 0 0 30 0 0],"tf.Tensor([ 2.301802    1.032391    1.6316893   1.6133354   0.36071268 11.        ], shape=(6,), dtype=float32)",0.4,[4 2 2 5 6 5 0 0 0 0 0 6 0 0 0 0 0 0 0 0 0 0 30 0 0],False,"tf.Tensor(
[[ 2.3018019e+00  1.0323910e+00  1.6316893e+00  1.6133354e+00
   3.6071268e-01  8.6567573e-02  8.6049944e-01  1.5605347e+00
   1.6417689e+00  3.6590919e-04  8.7286073e-01 -4.7145420e-01
   8.6369526e-01 -8.7740409e-01  2.1938982e+00  1.6274933e+00
   2.3572934e+00 -3.3946013e-01]], shape=(1, 18), dtype=float32)"
99,[4 2 2 5 6 5 0 0 0 0 0 6 0 0 0 0 0 0 0 0 0 0 30 0 0],"tf.Tensor([1.462393  1.5585351 1.3545108 1.1045992 0.6827315 9.       ], shape=(6,), dtype=float32)",0.0,[4 3 2 5 6 5 0 0 0 0 0 5 0 0 0 0 0 0 0 0 0 0 30 0 0],False,"tf.Tensor(
[[ 1.462393    1.5585351   1.3545108   1.1045992   0.6827315  -0.05399758
   0.37765026  1.409796    1.3569772   0.16763791  0.32947505 -0.4589582
   0.83314896 -0.43763444  1.7327468   1.2549595   1.6050986  -0.40751517]], shape=(1, 18), dtype=float32)"
100,[4 3 2 5 6 5 0 0 0 0 0 5 0 0 0 0 0 0 0 0 0 0 30 0 0],"tf.Tensor([1.4764853  1.5724367  1.4075881  1.1181529  0.84471273 9.        ], shape=(6,), dtype=float32)",0.0,[5 1 0 0 0 0 0 2 5 6 5 1 0 0 0 0 0 0 0 0 0 0 30 0 0],False,"tf.Tensor(
[[ 1.4764853   1.5724367   1.4075881   1.1181529   0.84471273 -0.03481901
   0.40131813  1.4131266   1.405832    0.11800689  0.3300792  -0.50670284
   0.9632385  -0.5057999   1.8198581   1.2712854   1.7778585  -0.47472954]], shape=(1, 18), dtype=float32)"
101,[5 1 0 0 0 0 0 2 5 6 5 1 0 0 0 0 0 0 0 0 0 0 30 0 0],"tf.Tensor([2.0204704  1.1965955  1.4229772  1.495317   0.36182895 9.        ], shape=(6,), dtype=float32)",0.4,[5 2 4 5 4 5 0 0 0 0 0 5 0 0 0 0 0 0 0 0 0 0 30 0 0],False,"tf.Tensor(
[[ 2.0204704   1.1965955   1.4229772   1.495317    0.36182895  0.0893076
   0.7185198   1.4150516   1.5531543   0.22918855  0.552066   -0.6271145
   0.721895   -0.70368904  2.0362809   1.4998683   2.036099   -0.24560282]], shape=(1, 18), dtype=float32)"
102,[5 2 4 5 4 5 0 0 0 0 0 5 0 0 0 0 0 0 0 0 0 0 30 0 0],"tf.Tensor([ 1.5809333  1.4111534  1.4527979  1.1902616  0.7791939 11.       ], shape=(6,), dtype=float32)",0.0,[5 3 4 5 4 5 0 0 0 0 0 4 0 0 0 0 0 0 0 0 0 0 30 0 0],False,"tf.Tensor(
[[ 1.5809333   1.4111534   1.4527979   1.1902616   0.7791939   0.02727398
   0.5907252   1.3173081   1.4604363   0.06179523  0.41756648 -0.478512
   0.9375436  -0.53496575  1.809792    1.3886844   1.8111713  -0.40746218]], shape=(1, 18), dtype=float32)"
103,[5 3 4 5 4 5 0 0 0 0 0 4 0 0 0 0 0 0 0 0 0 0 30 0 0],"tf.Tensor([ 1.6526182  1.5078785  1.4379015  1.1967521  0.8772302 11.       ], shape=(6,), dtype=float32)",0.0,[6 1 0 0 0 0 0 4 5 4 5 2 0 0 0 0 0 0 0 0 0 0 30 0 0],False,"tf.Tensor(
[[ 1.6526182   1.5078785   1.4379015   1.1967521   0.8772302   0.08007773
   0.5558747   1.3851163   1.5086899   0.00619939  0.4007307  -0.50023335
   1.0107383  -0.53713584  1.8508571   1.3861827   1.9365177  -0.42506343]], shape=(1, 18), dtype=float32)"
104,[6 1 0 0 0 0 0 4 5 4 5 2 0 0 0 0 0 0 0 0 0 0 30 0 0],"tf.Tensor([ 2.2083557  1.078344   1.3367032  1.4853458  0.5576663 11.       ], shape=(6,), dtype=float32)",0.4,[6 2 4 5 2 6 0 0 0 0 0 1 0 0 0 0 0 0 0 0 0 0 30 0 0],False,"tf.Tensor(
[[ 2.2083557   1.078344    1.3367032   1.4853458   0.5576663   0.2891801
   0.8170804   1.3759336   1.6149508   0.06405662  0.6304168  -0.61945075
   0.8841783  -0.64251333  2.0429504   1.4819905   2.3658981  -0.2672608 ]], shape=(1, 18), dtype=float32)"
105,[6 2 4 5 2 6 0 0 0 0 0 1 0 0 0 0 0 0 0 0 0 0 30 0 0],"tf.Tensor([ 1.659872   1.55625    1.4077685  1.1403944  1.0221744 11.       ], shape=(6,), dtype=float32)",0.1,[6 3 4 5 2 6 1 0 0 0 0 0 0 0 0 0 0 0 0 0 0 0 30 0 0],False,"tf.Tensor(
[[ 1.659872    1.55625     1.4077685   1.1403944   1.0221744   0.13628256
   0.53512174  1.4143143   1.574738   -0.10165468  0.35945258 -0.5254317
   1.0721136  -0.580355    1.8554538   1.3602937   2.038975   -0.4592625 ]], shape=(1, 18), dtype=float32)"
106,[6 3 4 5 2 6 1 0 0 0 0 0 0 0 0 0 0 0 0 0 0 0 30 0 0],[ 1  1  0  1  0 10],-60.0,[7 1 0 0 0 0 0 4 5 2 6 6 0 0 0 0 0 0 0 0 0 0 0 0 0],False,"tf.Tensor(
[[ 1.6849637   1.6271665   1.3969162   1.1131039   1.1127601   0.18057162
   0.4936932   1.4272673   1.6629417  -0.15172425  0.30536416 -0.5598783
   1.0911678  -0.56764364  1.870343    1.3326665   2.109083   -0.4532958 ]], shape=(1, 18), dtype=float32)"
107,[7 1 0 0 0 0 0 4 5 2 6 6 0 0 0 0 0 0 0 0 0 0 0 0 0],"tf.Tensor([2.0413938 1.6612874 1.344887  0.8803728 1.9411368 3.       ], shape=(6,), dtype=float32)",0.4,[7 2 3 4 5 6 0 0 0 0 4 0 0 0 0 0 0 0 0 0 0 0 0 0 0],False,"tf.Tensor(
[[ 2.0413938   1.6612874   1.344887    0.8803728   1.9411368   0.9331894
   1.3008265   0.48999125  2.2133145  -0.42476824  0.39922065 -0.01802019
   1.8158827   1.1444128   1.0746979   1.4067403   1.8984609  -0.01310959]], shape=(1, 18), dtype=float32)"
108,[7 2 3 4 5 6 0 0 0 0 4 0 0 0 0 0 0 0 0 0 0 0 0 0 0],"tf.Tensor([ 2.0711153   0.94917685  1.3945161   1.6097286   1.2424775  10.        ], shape=(6,), dtype=float32)",0.1,[7 3 3 4 5 6 4 0 0 0 0 0 0 0 0 0 0 0 0 0 0 0 0 0 0],False,"tf.Tensor(
[[ 2.0711153   0.94917685  1.3945161   1.6097286   1.2424775  -0.06583967
   0.5222484   1.2827915   1.1942894  -0.13410887  0.875526    0.1099005
   1.4462576  -0.47750562  1.1926299   2.1895275   0.7104707   0.92517084]], shape=(1, 18), dtype=float32)"
109,[7 3 3 4 5 6 4 0 0 0 0 0 0 0 0 0 0 0 0 0 0 0 0 0 0],[0 0 0 0 0 9],60.0,[8 1 0 0 0 0 0 3 4 5 6 6 0 0 0 0 0 0 0 0 0 30 0 0 0],False,"tf.Tensor(
[[ 2.2789927   1.4336393   1.6781834   1.5884485   1.7119926   0.10427003
   0.49975303  1.1639844   1.7987758  -0.05433348  0.92970043 -0.16629513
   1.7721461  -0.12838173  1.2575195   2.0995703   0.9154681   0.77549267]], shape=(1, 18), dtype=float32)"
110,[8 1 0 0 0 0 0 3 4 5 6 6 0 0 0 0 0 0 0 0 0 30 0 0 0],"tf.Tensor([ 1.1803527   2.7128186   0.09213172  1.4004152   1.7774773  11.        ], shape=(6,), dtype=float32)",0.4,[8 2 5 3 1 6 0 0 0 3 0 0 0 0 0 0 0 0 0 0 0 30 0 0 0],False,"tf.Tensor(
[[ 1.1803527e+00  2.7128186e+00  9.2131719e-02  1.4004152e+00
   1.7774773e+00  1.1497923e+00  1.4951096e+00  9.0094995e-01
   1.6987287e-03 -1.4794179e+00 -9.2773062e-01 -2.8063939e+00
   1.2657127e+00  9.6006507e-01  1.0593504e-02  1.0378797e+00
   1.6987953e+00 -1.6914219e-01]], shape=(1, 18), dtype=float32)"
111,[8 2 5 3 1 6 0 0 0 3 0 0 0 0 0 0 0 0 0 0 0 30 0 0 0],"tf.Tensor([ 0.4528039   2.2599697  -0.70668185  1.2239652   1.1663445   2.        ], shape=(6,), dtype=float32)",0.0,[8 3 5 3 1 6 0 0 0 6 0 0 0 0 0 0 0 0 0 0 0 30 0 0 0],False,"tf.Tensor(
[[ 0.4528039   2.2599697  -0.70668185  1.2239652   1.1663445   0.7363483
   1.0975977   2.1519136  -1.2759175  -1.3027374  -0.8942808  -3.105037
   0.46351913  0.75170696 -0.792272    0.5675422   1.6520824  -1.152217  ]], shape=(1, 18), dtype=float32)"
112,[8 3 5 3 1 6 0 0 0 6 0 0 0 0 0 0 0 0 0 0 0 30 0 0 0],[1 1 1 0 1 9],-60.0,[9 1 0 0 0 0 0 5 3 4 1 6 0 0 0 0 0 0 0 0 0 0 0 0 0],False,"tf.Tensor(
[[ 0.65882653  2.342179   -0.4786888   1.1525164   1.1386411   0.9724487
   0.97434783  2.26179    -0.6044179  -1.0939723  -0.7043863  -3.0098662
   0.41758057  0.7813698  -0.4956383   0.5822075   1.8961152  -1.2189927 ]], shape=(1, 18), dtype=float32)"
113,[9 1 0 0 0 0 0 5 3 4 1 6 0 0 0 0 0 0 0 0 0 0 0 0 0],[0 0 1 1 1 7],0.30000000000000004,[9 2 2 3 4 0 0 5 6 0 0 0 0 0 0 0 0 0 0 0 0 0 0 0 0],False,"tf.Tensor(
[[ 2.2544816   1.5140678   1.0613884   1.087806    1.8724625   0.9276337
   0.96477306  0.83869404  1.804002   -0.35772178  0.48308027  0.18303443
   1.9084064   1.1776425   0.8965413   1.3865608   1.8083013   0.28676632]], shape=(1, 18), dtype=float32)"
114,[9 2 2 3 4 0 0 5 6 0 0 0 0 0 0 0 0 0 0 0 0 0 0 0 0],"tf.Tensor([2.4298978 1.2512261 1.3265707 1.8061547 1.9550585 7.       ], shape=(6,), dtype=float32)",0.2,[9 3 2 3 4 5 6 0 0 0 0 0 0 0 0 0 0 0 0 0 0 0 0 0 0],False,"tf.Tensor(
[[ 2.4298978   1.2512261   1.3265707   1.8061547   1.9550585   0.57682407
   0.938962    1.1232878   1.6485736  -0.22282979  0.7182357  -0.04051482
   2.0809574   0.5708147   1.2451594   1.8754328   1.6354623   0.70805985]], shape=(1, 18), dtype=float32)"
115,[9 3 2 3 4 5 6 0 0 0 0 0 0 0 0 0 0 0 0 0 0 0 0 0 0],"tf.Tensor([ 2.3699894  1.4559147  1.5572871  1.5927541  1.558066  10.       ], shape=(6,), dtype=float32)",60.0,[10 1 0 0 0 0 0 3 5 2 3 4 0 0 0 0 0 0 0 0 0 0 30 0 0],False,"tf.Tensor(
[[ 2.3699894   1.4559147   1.5572871   1.5927541   1.558066    0.5426977
   0.52015346  0.9318731   1.9587952  -0.1700059   0.8844589  -0.18438789
   1.7626909   0.29996005  1.0496187   1.9654912   1.0304713   0.74101484]], shape=(1, 18), dtype=float32)"
116,[10 1 0 0 0 0 0 3 5 2 3 4 0 0 0 0 0 0 0 0 0 0 30 0 0],"tf.Tensor([ 2.1859484  1.2118441  1.0803949  1.4264672  0.9957627 11.       ], shape=(6,), dtype=float32)",0.5,[10 2 3 2 1 4 2 0 0 0 0 0 0 0 0 0 0 0 0 0 0 0 30 0 0],False,"tf.Tensor(
[[ 2.1859484   1.2118441   1.0803949   1.4264672   0.9957627   0.5304587
   0.7738001   1.1935861   1.6639555  -0.08610414  0.40917307 -0.76780903
   1.0435425  -0.48139375  1.9381151   1.3645829   2.6744456  -0.34083462]], shape=(1, 18), dtype=float32)"
117,[10 2 3 2 1 4 2 0 0 0 0 0 0 0 0 0 0 0 0 0 0 0 30 0 0],"tf.Tensor([ 1.8937219   1.5979756   0.99471706  1.1641314   1.3769709  11.        ], shape=(6,), dtype=float32)",0.0,[10 3 3 2 1 4 2 0 0 0 0 0 0 0 0 0 0 0 0 0 0 0 30 0 0],False,"tf.Tensor(
[[ 1.8937219   1.5979756   0.99471706  1.1641314   1.3769709   0.5599079
   0.6055484   1.2260435   1.6653703  -0.32559043  0.31712463 -0.6633492
   1.225848   -0.3344733   1.6912303   1.398163    2.3674276  -0.31579256]], shape=(1, 18), dtype=float32)"
118,[10 3 3 2 1 4 2 0 0 0 0 0 0 0 0 0 0 0 0 0 0 0 30 0 0],"tf.Tensor([ 1.9430959  1.6362439  0.991351   1.2035172  1.4186739 11.       ], shape=(6,), dtype=float32)",0.0,[11 1 0 0 0 0 0 3 2 1 4 2 0 0 0 0 0 0 0 0 0 0 30 0 0],False,"tf.Tensor(
[[ 1.9430959   1.6362439   0.991351    1.2035172   1.4186739   0.58917844
   0.6016897   1.2371749   1.6824309  -0.34432963  0.3256006  -0.6789206
   1.2684046  -0.32024327  1.7154868   1.4127496   2.4598756  -0.32294923]], shape=(1, 18), dtype=float32)"
119,[11 1 0 0 0 0 0 3 2 1 4 2 0 0 0 0 0 0 0 0 0 0 30 0 0],"tf.Tensor([ 2.2045493   1.3331686   0.88855857  1.384639    1.301767   11.        ], shape=(6,), dtype=float32)",0.4,[11 2 3 4 2 6 0 0 0 3 0 0 0 0 0 0 0 0 0 0 0 0 30 0 0],False,"tf.Tensor(
[[ 2.2045493   1.3331686   0.88855857  1.384639    1.301767    0.7080125
   0.83726364  0.9630208   1.7592254  -0.25716767  0.30608782 -0.7902001
   1.1098697  -0.30946082  1.7358825   1.2836176   2.8217282  -0.32252666]], shape=(1, 18), dtype=float32)"
120,[11 2 3 4 2 6 0 0 0 3 0 0 0 0 0 0 0 0 0 0 0 0 30 0 0],"tf.Tensor([ 1.8874836  1.8147907  1.1468223  1.1689038  1.2893411 11.       ], shape=(6,), dtype=float32)",0.1,[11 3 3 4 2 6 3 0 0 0 0 0 0 0 0 0 0 0 0 0 0 0 30 0 0],False,"tf.Tensor(
[[ 1.8874836   1.8147907   1.1468223   1.1689038   1.2893411   0.41042653
   0.4885988   1.3867474   1.7438507  -0.03913865  0.21958968 -0.7494306
   1.2070743  -0.34182513  1.872689    1.3137152   2.271546   -0.33704627]], shape=(1, 18), dtype=float32)"
121,[11 3 3 4 2 6 3 0 0 0 0 0 0 0 0 0 0 0 0 0 0 0 30 0 0],"tf.Tensor([ 1.9511185  1.7594358  1.239578   1.1295011  1.3054132 11.       ], shape=(6,), dtype=float32)",0.0,[12 1 0 0 0 0 0 3 4 2 2 6 0 0 0 0 0 0 0 0 0 0 30 0 0],False,"tf.Tensor(
[[ 1.9511185   1.7594358   1.239578    1.1295011   1.3054132   0.45475733
   0.72911686  1.2756844   2.0298634   0.01730325  0.17818919 -0.8260504
   1.159638   -0.39479715  1.9536309   1.4079431   2.168964   -0.23641565]], shape=(1, 18), dtype=float32)"
122,[12 1 0 0 0 0 0 3 4 2 2 6 0 0 0 0 0 0 0 0 0 0 30 0 0],"tf.Tensor([ 2.2266865  1.2342552  1.0311688  1.4137354  1.0966884 11.       ], shape=(6,), dtype=float32)",0.5,[12 2 1 3 5 6 1 0 0 0 0 0 0 0 0 0 0 0 0 0 0 0 30 0 0],False,"tf.Tensor(
[[ 2.2266865   1.2342552   1.0311688   1.4137354   1.0966884   0.55315197
   0.7742257   1.1121709   1.6810393  -0.12021708  0.402084   -0.75635093
   1.0623971  -0.40070915  1.8831049   1.2894315   2.7221284  -0.34917784]], shape=(1, 18), dtype=float32)"
123,[12 2 1 3 5 6 1 0 0 0 0 0 0 0 0 0 0 0 0 0 0 0 30 0 0],"tf.Tensor([2.0236964 1.9370404 1.3336766 1.1468441 1.2017516 3.       ], shape=(6,), dtype=float32)",0.0,[12 3 1 3 5 6 1 0 0 0 0 0 0 0 0 0 0 0 0 0 0 0 30 0 0],False,"tf.Tensor(
[[ 2.0236964   1.9370404   1.3336766   1.1468441   1.2017516   0.41571593
   0.7294518   1.3552502   2.2285333   0.3318534   0.03703132 -0.9736789
   1.1014124  -0.39538693  2.1586602   1.3787807   2.0591588  -0.17895919]], shape=(1, 18), dtype=float32)"
124,[12 3 1 3 5 6 1 0 0 0 0 0 0 0 0 0 0 0 0 0 0 0 30 0 0],"tf.Tensor([2.0877652 1.9813026 1.3357954 1.20246   1.2307645 3.       ], shape=(6,), dtype=float32)",0.0,[13 1 0 0 0 0 0 1 3 5 6 1 0 0 0 0 0 0 0 0 0 0 30 0 0],False,"tf.Tensor(
[[ 2.0877652   1.9813026   1.3357954   1.20246     1.2307645   0.44358546
   0.72576535  1.389349    2.2406826   0.303296    0.05132109 -0.994641
   1.1406292  -0.39699197  2.1932502   1.4205865   2.1524749  -0.18152186]], shape=(1, 18), dtype=float32)"
125,[13 1 0 0 0 0 0 1 3 5 6 1 0 0 0 0 0 0 0 0 0 0 30 0 0],"tf.Tensor([ 2.3154373  1.7067503  0.8264353  1.3588376  1.2287141 11.       ], shape=(6,), dtype=float32)",0.4,[13 2 5 2 3 4 0 0 0 6 0 0 0 0 0 0 0 0 0 0 0 0 30 0 0],False,"tf.Tensor(
[[ 2.3154373   1.7067503   0.8264353   1.3588376   1.2287141   0.84689784
   0.74620795  1.0938673   1.9092443   0.04586978  0.13444433 -0.81298476
   0.97467333  0.05915136  1.8937871   1.3989896   2.7256496  -0.18561947]], shape=(1, 18), dtype=float32)"
126,[13 2 5 2 3 4 0 0 0 6 0 0 0 0 0 0 0 0 0 0 0 0 30 0 0],[ 1  0  0  0  1 10],0.0,[13 3 5 2 3 4 0 0 0 4 0 0 0 0 0 0 0 0 0 0 0 0 30 0 0],False,"tf.Tensor(
[[ 2.159998    2.0208      1.0566616   1.2706192   1.3078696   0.57776415
   0.5347291   1.3619648   1.9498277   0.03165108  0.20815712 -0.75339276
   1.1617495  -0.11841488  1.9028807   1.3854269   2.369437   -0.18910596]], shape=(1, 18), dtype=float32)"
127,[13 3 5 2 3 4 0 0 0 4 0 0 0 0 0 0 0 0 0 0 0 0 30 0 0],"tf.Tensor([ 2.086576   1.9648982  0.9574618  1.2512617  1.5121096 11.       ], shape=(6,), dtype=float32)",0.0,[14 1 0 0 0 0 0 5 2 4 3 4 0 0 0 0 0 0 0 0 0 0 30 0 0],True,"tf.Tensor(
[[ 2.086576    1.9648982   0.9574618   1.2512617   1.5121096   0.65479255
   0.6055151   1.2673484   1.970717   -0.09425655  0.16067976 -0.8702638
   1.2386059  -0.18804616  1.8534695   1.4100164   2.5261366  -0.2641045 ]], shape=(1, 18), dtype=float32)"
128,[1 1 0 0 0 0 0 3 5 2 2 6 0 0 0 0 0 0 0 0 0 0 0 0 0],"tf.Tensor([1.1762875  0.99857455 0.9614479  0.67654264 1.0844216  3.        ], shape=(6,), dtype=float32)",0.4,[1 2 3 5 2 6 0 0 0 0 1 0 0 0 0 0 0 0 0 0 0 0 0 0 0],False,"tf.Tensor(
[[ 1.1762875   0.99857455  0.9614479   0.67654264  1.0844216   0.12092053
   0.42071083  0.47489315  1.1373274  -0.01273884  0.68764466  0.00247929
   0.962796    0.32071704  0.6959479   0.9396711   0.7613988   0.09846811]], shape=(1, 18), dtype=float32)"
129,[1 2 3 5 2 6 0 0 0 0 1 0 0 0 0 0 0 0 0 0 0 0 0 0 0],"tf.Tensor([ 1.3382007  0.6879518  1.0736444  0.9165857  1.203448  10.       ], shape=(6,), dtype=float32)",0.1,[1 3 3 5 2 6 1 0 0 0 0 0 0 0 0 0 0 0 0 0 0 0 0 0 0],False,"tf.Tensor(
[[ 1.3382007   0.6879518   1.0736444   0.9165857   1.203448    0.1775139
   0.7067706   0.58987737  1.2421927  -0.14910021  0.49755877 -0.05844199
   1.0288827  -0.2688502   0.90357035  1.5511314   0.6465349   0.45869824]], shape=(1, 18), dtype=float32)"
130,[1 3 3 5 2 6 1 0 0 0 0 0 0 0 0 0 0 0 0 0 0 0 0 0 0],"tf.Tensor([ 1.4435171   0.77332443  1.2061983   0.93403614  1.2907667  10.        ], shape=(6,), dtype=float32)",0.0,[2 1 0 0 0 0 0 3 5 2 2 6 0 0 0 0 0 0 0 0 0 0 0 0 0],False,"tf.Tensor(
[[ 1.4435171   0.77332443  1.2061983   0.93403614  1.2907667   0.21418431
   0.6671461   0.6048511   1.3950984  -0.1449475   0.5378823  -0.10870951
   1.1405151  -0.23860568  0.9415177   1.4934276   0.74070096  0.42276308]], shape=(1, 18), dtype=float32)"
131,[2 1 0 0 0 0 0 3 5 2 2 6 0 0 0 0 0 0 0 0 0 0 0 0 0],"tf.Tensor([1.2422992 1.0515733 0.9285343 0.6907414 1.1711882 3.       ], shape=(6,), dtype=float32)",0.4,[2 2 5 4 3 4 0 0 0 0 6 0 0 0 0 0 0 0 0 0 0 0 0 0 0],False,"tf.Tensor(
[[ 1.2422992   1.0515733   0.9285343   0.6907414   1.1711882   0.18449676
   0.4891056   0.4821298   1.2116654  -0.02712148  0.64944583  0.04532824
   1.0262597   0.4198501   0.68487054  0.9692677   0.83889794  0.1158891 ]], shape=(1, 18), dtype=float32)"
132,[2 2 5 4 3 4 0 0 0 0 6 0 0 0 0 0 0 0 0 0 0 0 0 0 0],"tf.Tensor([1.2940825  1.1921979  0.96022695 0.9148855  1.473542   3.        ], shape=(6,), dtype=float32)",0.1,[2 3 5 4 3 4 6 0 0 0 0 0 0 0 0 0 0 0 0 0 0 0 0 0 0],False,"tf.Tensor(
[[1.2940825  1.1921979  0.96022695 0.9148855  1.473542   0.12900165
  0.41639677 0.5085491  1.3374267  0.07016908 0.4705608  0.0982269
  1.1240333  0.24228474 0.8709233  1.2239704  0.90999335 0.2729177 ]], shape=(1, 18), dtype=float32)"
133,[2 3 5 4 3 4 6 0 0 0 0 0 0 0 0 0 0 0 0 0 0 0 0 0 0],[0 0 1 1 0 3],16.0,[3 1 0 0 0 0 0 5 4 3 1 4 0 0 0 8 0 0 0 0 0 0 0 0 0],False,"tf.Tensor(
[[ 1.6897795   1.4531562   1.1941167   1.1742319   1.7849762   0.41239715
   0.44599506  0.4183969   1.7333186  -0.02753914  0.5766098  -0.3590019
   1.6900972   0.33040482  1.1300976   1.472644    1.0325086   0.5291854 ]], shape=(1, 18), dtype=float32)"
134,[3 1 0 0 0 0 0 5 4 3 1 4 0 0 0 8 0 0 0 0 0 0 0 0 0],"tf.Tensor([0.9073403 1.2998883 0.503966  0.8602576 0.8393683 7.       ], shape=(6,), dtype=float32)",0.2,[3 2 2 4 0 0 0 0 0 2 4 1 0 0 0 8 0 0 0 0 0 0 0 0 0],False,"tf.Tensor(
[[ 0.9073403   1.2998883   0.503966    0.8602576   0.8393683   0.18639964
  -0.5672773   0.95606077  0.477134   -0.1962585   0.05679006 -0.79350686
   1.0498161  -0.02824252  0.8783767   0.6503236   1.0002629   0.02891092]], shape=(1, 18), dtype=float32)"
135,[3 2 2 4 0 0 0 0 0 2 4 1 0 0 0 8 0 0 0 0 0 0 0 0 0],"tf.Tensor([ 0.8495103   0.7174437   0.10234441  0.91123843  0.5883523  10.        ], shape=(6,), dtype=float32)",0.1,[3 3 2 4 4 0 0 0 0 1 0 4 0 0 0 8 0 0 0 0 0 0 0 0 0],False,"tf.Tensor(
[[ 0.8495103   0.7174437   0.10234441  0.91123843  0.5883523   0.1726954
  -0.25232336  0.664226    0.15287584 -0.1521935   0.18512008 -0.1993362
   0.7407492  -0.06009505  0.4322535   0.8147829   0.6092811   0.4516677 ]], shape=(1, 18), dtype=float32)"
136,[3 3 2 4 4 0 0 0 0 1 0 4 0 0 0 8 0 0 0 0 0 0 0 0 0],"tf.Tensor([ 1.1946007  0.7628283  0.5288643  1.1762114  0.6059155 10.       ], shape=(6,), dtype=float32)",0.0,[4 1 0 0 0 0 0 2 4 6 3 3 0 0 0 8 0 0 0 0 0 0 0 0 0],False,"tf.Tensor(
[[ 1.1946007   0.7628283   0.5288643   1.1762114   0.6059155   0.1192682
  -0.14947477  0.87374055  0.4366877  -0.09533437  0.34937826 -0.3067428
   0.863584   -0.4183721   0.82830817  1.140707    0.7299916   0.54033005]], shape=(1, 18), dtype=float32)"
137,[4 1 0 0 0 0 0 2 4 6 3 3 0 0 0 8 0 0 0 0 0 0 0 0 0],"tf.Tensor([1.0973372  0.98389196 0.4355585  1.100634   0.5768696  7.        ], shape=(6,), dtype=float32)",0.30000000000000004,[4 2 3 4 4 0 0 0 0 2 0 3 0 0 0 8 0 0 0 0 0 0 0 0 0],False,"tf.Tensor(
[[ 1.0973372   0.98389196  0.4355585   1.100634    0.5768696   0.25465795
  -0.36612138  0.78444046  0.32328197 -0.37839198  0.34799343 -0.35925654
   0.9962053  -0.18548498  0.6453827   0.9603316   0.70080936  0.4966188 ]], shape=(1, 18), dtype=float32)"
138,[4 2 3 4 4 0 0 0 0 2 0 3 0 0 0 8 0 0 0 0 0 0 0 0 0],"tf.Tensor([ 1.2459892  0.8466969  0.4011349  1.1346831  0.6582914 10.       ], shape=(6,), dtype=float32)",0.0,[4 3 3 4 4 0 0 0 0 2 0 5 0 0 0 8 0 0 0 0 0 0 0 0 0],False,"tf.Tensor(
[[ 1.2459892   0.8466969   0.4011349   1.1346831   0.6582914   0.21443817
  -0.16967675  0.8977502   0.36896035 -0.1927215   0.26330987 -0.16623354
   0.9181669  -0.22002417  0.7119643   1.0717312   0.80139405  0.5893643 ]], shape=(1, 18), dtype=float32)"
139,[4 3 3 4 4 0 0 0 0 2 0 5 0 0 0 8 0 0 0 0 0 0 0 0 0],"tf.Tensor([ 1.3516203   0.89252067  0.61836237  1.1808114   0.69982624 10.        ], shape=(6,), dtype=float32)",0.0,[5 1 0 0 0 0 0 3 4 3 4 1 0 0 0 8 0 0 0 0 0 0 0 0 0],False,"tf.Tensor(
[[ 1.3516203   0.89252067  0.61836237  1.1808114   0.69982624  0.08860835
  -0.09539796  1.0151188   0.5258587  -0.11293024  0.39137655 -0.19635183
   0.95751303 -0.32113987  0.82463795  1.1482174   0.82841015  0.5301315 ]], shape=(1, 18), dtype=float32)"
140,[5 1 0 0 0 0 0 3 4 3 4 1 0 0 0 8 0 0 0 0 0 0 0 0 0],"tf.Tensor([ 1.1468759   1.1252029   0.25204012  1.3051252   0.66657126 10.        ], shape=(6,), dtype=float32)",0.30000000000000004,[5 2 5 3 2 0 0 0 0 5 0 6 0 0 0 8 0 0 0 0 0 0 0 0 0],False,"tf.Tensor(
[[ 1.1468759   1.1252029   0.25204012  1.3051252   0.66657126  0.13335252
  -0.5241911   0.82744175  0.28637058 -0.07471845  0.31405094 -0.5575401
   1.004624   -0.05678991  0.6964049   1.046932    0.66887605  0.6292028 ]], shape=(1, 18), dtype=float32)"
141,[5 2 5 3 2 0 0 0 0 5 0 6 0 0 0 8 0 0 0 0 0 0 0 0 0],"tf.Tensor([1.3109053  0.9482396  0.55727786 0.806121   0.9698132  7.        ], shape=(6,), dtype=float32)",0.1,[5 3 5 3 2 6 0 0 0 6 0 0 0 0 0 8 0 0 0 0 0 0 0 0 0],False,"tf.Tensor(
[[ 1.3109053   0.9482396   0.55727786  0.806121    0.9698132   0.2323829
   0.20473969  0.78103083  0.8736367  -0.10483083  0.39468262  0.14789908
   0.9279326   0.24400014  0.5543073   0.91778123  0.8311108   0.35098952]], shape=(1, 18), dtype=float32)"
142,[5 3 5 3 2 6 0 0 0 6 0 0 0 0 0 8 0 0 0 0 0 0 0 0 0],"tf.Tensor([ 1.3818095   1.2009785   0.358406    0.91657007  0.8531718  11.        ], shape=(6,), dtype=float32)",0.0,[6 1 0 0 0 0 0 5 3 6 2 6 0 0 0 8 0 0 0 0 0 0 0 0 0],False,"tf.Tensor(
[[ 1.3818095   1.2009785   0.358406    0.91657007  0.8531718   0.5882624
  -0.10290339  0.6487537   0.9613709  -0.29689586  0.1219128  -0.22216806
   0.9782095   0.1634154   0.6343053   0.73523253  1.0105121   0.49102592]], shape=(1, 18), dtype=float32)"
143,[6 1 0 0 0 0 0 5 3 6 2 6 0 0 0 8 0 0 0 0 0 0 0 0 0],"tf.Tensor([1.3864424 1.2786771 0.925631  0.8940525 1.0647243 7.       ], shape=(6,), dtype=float32)",0.4,[6 2 6 1 4 3 0 0 0 0 3 0 0 0 0 8 0 0 0 0 0 0 0 0 0],False,"tf.Tensor(
[[ 1.38644242e+00  1.27867711e+00  9.25630987e-01  8.94052505e-01
   1.06472433e+00  3.53623122e-01  1.81689441e-01  8.00591648e-01
   1.15734887e+00 -1.22861475e-01  2.70987868e-01 -3.66549820e-01
   1.27853537e+00  1.97820365e-04  1.15686405e+00  9.90833640e-01
   1.13224149e+00  2.25496158e-01]], shape=(1, 18), dtype=float32)"
144,[6 2 6 1 4 3 0 0 0 0 3 0 0 0 0 8 0 0 0 0 0 0 0 0 0],"tf.Tensor([ 1.1679336   0.66977537  0.2624566   1.5494276   0.857643   10.        ], shape=(6,), dtype=float32)",0.1,[6 3 6 1 4 3 3 0 0 0 0 0 0 0 0 8 0 0 0 0 0 0 0 0 0],False,"tf.Tensor(
[[ 1.1679336   0.66977537  0.2624566   1.5494276   0.857643    0.07217404
  -0.00197719  0.3605806   0.44956616  0.0319289   0.45042405 -0.43311402
   1.0811919  -0.3287481   0.9307129   1.6532142   0.5098462   0.98710364]], shape=(1, 18), dtype=float32)"
145,[6 3 6 1 4 3 3 0 0 0 0 0 0 0 0 8 0 0 0 0 0 0 0 0 0],"tf.Tensor([ 1.3957685   0.83836985  0.42491436  1.6370869   0.7309725  10.        ], shape=(6,), dtype=float32)",0.0,[7 1 0 0 0 0 0 6 1 4 5 3 0 0 0 8 0 0 0 0 0 0 0 0 0],False,"tf.Tensor(
[[ 1.3957685   0.83836985  0.42491436  1.6370869   0.7309725   0.21189028
  -0.15234369  0.51395863  0.51315093 -0.06299706  0.48804092 -0.4265634
   1.16563    -0.29596174  0.98369604  1.5425919   0.57728404  1.0771663 ]], shape=(1, 18), dtype=float32)"
146,[7 1 0 0 0 0 0 6 1 4 5 3 0 0 0 8 0 0 0 0 0 0 0 0 0],"tf.Tensor([1.513659   1.1892571  0.7022077  1.2261388  0.87473416 7.        ], shape=(6,), dtype=float32)",0.30000000000000004,[7 2 5 4 4 0 0 0 0 3 0 4 0 0 0 8 0 0 0 0 0 0 0 0 0],False,"tf.Tensor(
[[ 1.513659    1.1892571   0.7022077   1.2261388   0.87473416  0.20826647
  -0.07669836  0.70222604  1.0814114   0.32562554  0.25319535 -0.48292878
   1.1735728   0.09162007  1.1607335   0.9700439   0.8837272   0.661078  ]], shape=(1, 18), dtype=float32)"
147,[7 2 5 4 4 0 0 0 0 3 0 4 0 0 0 8 0 0 0 0 0 0 0 0 0],"tf.Tensor([ 1.6331004   0.9866279   0.61053705  1.1878849   0.83020496 10.        ], shape=(6,), dtype=float32)",0.0,[7 3 5 4 4 0 0 0 0 4 0 3 0 0 0 8 0 0 0 0 0 0 0 0 0],False,"tf.Tensor(
[[ 1.6331004   0.9866279   0.61053705  1.1878849   0.83020496  0.34322134
  -0.00769841  1.0304557   0.7317534  -0.18162978  0.31912753  0.02277375
   1.1028196  -0.02894229  0.81857973  1.1257854   1.0480682   0.61634773]], shape=(1, 18), dtype=float32)"
148,[7 3 5 4 4 0 0 0 0 4 0 3 0 0 0 8 0 0 0 0 0 0 0 0 0],"tf.Tensor([ 1.5624775   1.0319722   0.55027807  1.0945203   0.8572161  11.        ], shape=(6,), dtype=float32)",0.0,[8 1 0 0 0 0 0 5 4 5 4 4 0 0 0 8 0 0 0 0 0 0 0 0 0],False,"tf.Tensor(
[[ 1.5624775   1.0319722   0.55027807  1.0945203   0.8572161   0.38930908
   0.02286178  1.0256544   0.7475969  -0.25965393  0.26449332  0.04567276
   1.1435924   0.05588368  0.75961345  0.9973244   1.1480068   0.4971003 ]], shape=(1, 18), dtype=float32)"
149,[8 1 0 0 0 0 0 5 4 5 4 4 0 0 0 8 0 0 0 0 0 0 0 0 0],"tf.Tensor([1.7730418  1.2531863  0.81685513 1.3463919  1.0266716  7.        ], shape=(6,), dtype=float32)",0.4,[8 2 2 2 5 1 0 0 0 4 0 0 0 0 0 8 0 0 0 0 0 0 0 0 0],False,"tf.Tensor(
[[ 1.7730418   1.2531863   0.81685513  1.3463919   1.0266716   0.34986392
  -0.03728481  0.9016137   1.022947   -0.10673968  0.42383975 -0.17674264
   1.383928    0.01216735  1.06256     1.2487851   1.0296466   0.7504468 ]], shape=(1, 18), dtype=float32)"
150,[8 2 2 2 5 1 0 0 0 4 0 0 0 0 0 8 0 0 0 0 0 0 0 0 0],"tf.Tensor([ 1.4021711   0.85025406  0.2601474   1.2842927   0.65067464 10.        ], shape=(6,), dtype=float32)",0.0,[8 3 2 2 5 1 0 0 0 5 0 0 0 0 0 8 0 0 0 0 0 0 0 0 0],False,"tf.Tensor(
[[ 1.4021711   0.85025406  0.2601474   1.2842927   0.65067464  0.48656046
  -0.22466916  0.7248327   0.45763758 -0.3098715   0.2669717  -0.05056544
   1.0347183  -0.13276163  0.75773704  1.1788856   0.83183646  0.88229954]], shape=(1, 18), dtype=float32)"
151,[8 3 2 2 5 1 0 0 0 5 0 0 0 0 0 8 0 0 0 0 0 0 0 0 0],"tf.Tensor([ 1.3913293   0.9024097   0.32969525  1.2322586   0.7160639  10.        ], shape=(6,), dtype=float32)",0.0,[9 1 0 0 0 0 0 2 2 2 5 1 0 0 0 8 0 0 0 0 0 0 0 0 0],False,"tf.Tensor(
[[ 1.3913293   0.9024097   0.32969525  1.2322586   0.7160639   0.4979937
  -0.15933508  0.70770454  0.5402403  -0.3695711   0.24118477 -0.07109021
   1.1009369  -0.11471812  0.76532024  1.1233542   0.8775843   0.8112045 ]], shape=(1, 18), dtype=float32)"
152,[9 1 0 0 0 0 0 2 2 2 5 1 0 0 0 8 0 0 0 0 0 0 0 0 0],"tf.Tensor([ 1.5010581   1.0913996   0.36393625  1.1832936   1.0027634  10.        ], shape=(6,), dtype=float32)",0.4,[9 2 6 6 4 6 0 0 0 3 0 0 0 0 0 8 0 0 0 0 0 0 0 0 0],False,"tf.Tensor(
[[ 1.5010581   1.0913996   0.36393625  1.1832936   1.0027634   0.27624682
  -0.2651775   0.48062867  0.84239215  0.16554935  0.24945414 -0.21612996
   1.0567691   0.3112165   0.67187953  1.2251744   0.70180565  0.8565125 ]], shape=(1, 18), dtype=float32)"
153,[9 2 6 6 4 6 0 0 0 3 0 0 0 0 0 8 0 0 0 0 0 0 0 0 0],[1 1 1 1 0 1],0.1,[9 3 6 6 4 6 3 0 0 0 0 0 0 0 0 8 0 0 0 0 0 0 0 0 0],False,"tf.Tensor(
[[ 2.1991773   1.3648659   0.927566    1.5935106   1.0355837   0.45927405
  -0.08618987  1.3073413   1.0827503  -0.27216697  0.47676116 -0.16055876
   1.4291884  -0.14761904  1.14803     1.517987    1.3325894   0.7946733 ]], shape=(1, 18), dtype=float32)"
154,[9 3 6 6 4 6 3 0 0 0 0 0 0 0 0 8 0 0 0 0 0 0 0 0 0],"tf.Tensor([ 2.2497108  1.137161   1.0098614  1.8510997  1.0352919 10.       ], shape=(6,), dtype=float32)",0.0,[10 1 0 0 0 0 0 6 6 5 4 6 0 0 0 8 0 0 0 0 0 0 0 0 0],False,"tf.Tensor(
[[ 2.2497108   1.137161    1.0098614   1.8510997   1.0352919   0.48787284
  -0.13014698  1.074441    1.1691477  -0.16157229  0.60182685 -0.23942727
   1.4292164  -0.44971302  1.3577976   1.8958422   1.0088633   1.1742163 ]], shape=(1, 18), dtype=float32)"
155,[10 1 0 0 0 0 0 6 6 5 4 6 0 0 0 8 0 0 0 0 0 0 0 0 0],"tf.Tensor([2.1454563 1.5155365 1.2595019 1.3453977 1.5822628 7.       ], shape=(6,), dtype=float32)",0.5,[10 2 2 6 2 2 3 0 0 0 0 0 0 0 0 8 0 0 0 0 0 0 0 0 0],False,"tf.Tensor(
[[ 2.1454563   1.5155365   1.2595019   1.3453977   1.5822628   0.53694993
   0.6203644   0.95097685  1.6725321  -0.25529093  0.4341409  -0.11311585
   1.8626679   0.11637282  1.397489    1.7139058   1.3511009   0.7336536 ]], shape=(1, 18), dtype=float32)"
156,[10 2 2 6 2 2 3 0 0 0 0 0 0 0 0 8 0 0 0 0 0 0 0 0 0],[ 0  1  1  1  1 12],0.0,[10 3 2 6 2 2 3 0 0 0 0 0 0 0 0 8 0 0 0 0 0 0 0 0 0],False,"tf.Tensor(
[[ 1.7444952   1.2727098   0.41041875  1.3471203   0.9415643   0.5044759
  -0.49011484  0.9175206   0.9519217   0.01502403  0.30901423 -0.2273694
   1.1604757   0.18967786  0.7533137   1.3248559   0.90320927  0.8945193 ]], shape=(1, 18), dtype=float32)"
157,[10 3 2 6 2 2 3 0 0 0 0 0 0 0 0 8 0 0 0 0 0 0 0 0 0],"tf.Tensor([ 1.7264787   1.2783773   0.43883508  1.3246496   0.96855533 10.        ], shape=(6,), dtype=float32)",0.0,[11 1 0 0 0 0 0 2 6 2 2 3 0 0 0 8 0 0 0 0 0 0 0 0 0],False,"tf.Tensor(
[[ 1.7264787   1.2783773   0.43883508  1.3246496   0.96855533  0.51940835
  -0.45721468  0.95317024  1.0486484   0.02928115  0.3161862  -0.27491102
   1.1423808   0.1422886   0.78994644  1.2534926   0.9396671   0.81451374]], shape=(1, 18), dtype=float32)"
158,[11 1 0 0 0 0 0 2 6 2 2 3 0 0 0 8 0 0 0 0 0 0 0 0 0],"tf.Tensor([1.7734698 1.3499756 0.6711549 1.4684068 1.1268369 7.       ], shape=(6,), dtype=float32)",0.4,[11 2 1 2 1 2 0 0 0 6 0 0 0 0 0 8 0 0 0 0 0 0 0 0 0],False,"tf.Tensor(
[[ 1.7734698   1.3499756   0.6711549   1.4684068   1.1268369   0.3238748
  -0.10826115  1.1882868   0.83807796 -0.066407    0.19234055 -0.19136202
   1.5798607   0.00490998  1.1148539   1.3050678   1.1984168   0.773414  ]], shape=(1, 18), dtype=float32)"
159,[11 2 1 2 1 2 0 0 0 6 0 0 0 0 0 8 0 0 0 0 0 0 0 0 0],"tf.Tensor([1.4248654  0.8608699  0.40984154 1.0538816  0.82394624 7.        ], shape=(6,), dtype=float32)",0.0,[11 3 1 2 1 2 0 0 0 5 0 0 0 0 0 8 0 0 0 0 0 0 0 0 0],False,"tf.Tensor(
[[ 1.4248654   0.8608699   0.40984154  1.0538816   0.82394624  0.6325915
   0.26578218  0.61631036  0.7776124  -0.5151533   0.17808434  0.04937704
   1.1652702   0.13798088  0.5951599   1.0057076   1.1194918   0.5922358 ]], shape=(1, 18), dtype=float32)"
160,[11 3 1 2 1 2 0 0 0 5 0 0 0 0 0 8 0 0 0 0 0 0 0 0 0],"tf.Tensor([1.3851603  0.9190345  0.4136608  1.0203413  0.85754126 7.        ], shape=(6,), dtype=float32)",0.0,[12 1 0 0 0 0 0 1 2 2 1 2 0 0 0 8 0 0 0 0 0 0 0 0 0],False,"tf.Tensor(
[[ 1.3851603   0.9190345   0.4136608   1.0203413   0.85754126  0.55022675
   0.16288567  0.74185467  0.7402754  -0.44745958  0.16699377  0.02896925
   1.1654481   0.1034507   0.6213848   0.95726395  1.1189824   0.51591116]], shape=(1, 18), dtype=float32)"
161,[12 1 0 0 0 0 0 1 2 2 1 2 0 0 0 8 0 0 0 0 0 0 0 0 0],[1 0 0 1 1 9],0.30000000000000004,[12 2 4 5 1 0 0 0 6 3 0 0 0 0 0 8 0 0 0 0 0 0 0 0 0],False,"tf.Tensor(
[[ 1.4526691   1.0597644   0.29598707  1.1261587   0.99538434  0.54428005
  -0.11302667  0.7819575   0.7760204  -0.09841117  0.05873277 -0.05135656
   1.166718    0.2116991   0.6936497   1.0411198   0.9091607   0.76066494]], shape=(1, 18), dtype=float32)"
162,[12 2 4 5 1 0 0 0 6 3 0 0 0 0 0 8 0 0 0 0 0 0 0 0 0],[ 0  0  0  0  1 12],0.0,[12 3 4 5 1 0 0 0 6 5 0 0 0 0 0 8 0 0 0 0 0 0 0 0 0],False,"tf.Tensor(
[[ 1.5896913e+00  1.3942215e+00  6.8324620e-01  1.2450845e+00
   1.6512731e+00  4.0372282e-01  8.6548246e-02  1.4981318e+00
   8.3455771e-01 -5.0694495e-01  3.2316074e-03 -1.1577038e-01
   2.0157559e+00 -8.8151544e-04  9.3598223e-01  1.2577031e+00
   1.6841512e+00  2.8559852e-01]], shape=(1, 18), dtype=float32)"
163,[12 3 4 5 1 0 0 0 6 5 0 0 0 0 0 8 0 0 0 0 0 0 0 0 0],"tf.Tensor([1.8627604 1.4264215 0.9986797 1.2799882 1.571302  7.       ], shape=(6,), dtype=float32)",0.0,[13 1 0 0 0 0 0 4 6 6 5 1 0 0 0 8 0 0 0 0 0 0 0 0 0],False,"tf.Tensor(
[[ 1.8627604   1.4264215   0.9986797   1.2799882   1.571302    0.47564512
   0.31614608  1.5372822   1.1693614  -0.54187423  0.1997135  -0.07560986
   2.02094     0.16034469  0.94822824  1.2810807   1.808842    0.19192389]], shape=(1, 18), dtype=float32)"
164,[13 1 0 0 0 0 0 4 6 6 5 1 0 0 0 8 0 0 0 0 0 0 0 0 0],"tf.Tensor([2.3710628 1.4157804 0.6874438 1.7195126 1.4147851 7.       ], shape=(6,), dtype=float32)",0.4,[13 2 1 2 3 5 0 0 0 3 0 0 0 0 0 8 0 0 0 0 0 0 0 0 0],False,"tf.Tensor(
[[ 2.3710628   1.4157804   0.6874438   1.7195126   1.4147851   0.8118253
   0.47890064  0.92488486  1.4068332  -0.30582136  0.22507396  0.19114044
   1.8719066   0.5083397   1.1246469   1.5485159   1.6809593   1.062978  ]], shape=(1, 18), dtype=float32)"
165,[13 2 1 2 3 5 0 0 0 3 0 0 0 0 0 8 0 0 0 0 0 0 0 0 0],[0 0 0 1 1 2],0.0,[13 3 1 2 3 5 0 0 0 1 0 0 0 0 0 8 0 0 0 0 0 0 0 0 0],False,"tf.Tensor(
[[ 1.668277    0.7573682   0.5003483   1.4318453   0.9862782   0.6815838
   0.01498912  0.862934    0.7376266  -0.5140229   0.23916775  0.05204549
   1.2877848  -0.37888145  0.90089947  1.5872246   1.0117258   0.985261  ]], shape=(1, 18), dtype=float32)"
166,[13 3 1 2 3 5 0 0 0 1 0 0 0 0 0 8 0 0 0 0 0 0 0 0 0],"tf.Tensor([ 1.711126    0.8075119   0.52008224  1.4708233   1.0649675  10.        ], shape=(6,), dtype=float32)",0.0,[14 1 0 0 0 0 0 1 2 4 3 5 0 0 0 8 0 0 0 0 0 0 0 0 0],True,"tf.Tensor(
[[ 1.711126    0.8075119   0.52008224  1.4708233   1.0649675   0.65404296
  -0.09277498  1.1196392   0.6957611  -0.41793048  0.21025765  0.04743475
   1.3546144  -0.36235598  0.8785299   1.696892    1.0325913   0.96044624]], shape=(1, 18), dtype=float32)"
167,[1 1 0 0 0 0 0 4 6 2 2 2 0 0 0 0 0 0 0 0 0 0 0 0 0],"tf.Tensor([1.2951539  1.0342197  1.0260658  0.95013255 0.92411226 7.        ], shape=(6,), dtype=float32)",0.5,[1 2 4 6 2 2 2 0 0 0 0 0 0 0 0 0 0 0 0 0 0 0 0 0 0],False,"tf.Tensor(
[[ 1.2951539   1.0342197   1.0260658   0.95013255  0.92411226  0.03330627
   0.17195804  0.52747554  0.9259139  -0.02934616  0.6214623  -0.30315426
   1.0191596   0.16419594  0.6433487   1.0102633   0.4668821   0.34471318]], shape=(1, 18), dtype=float32)"
168,[1 2 4 6 2 2 2 0 0 0 0 0 0 0 0 0 0 0 0 0 0 0 0 0 0],"tf.Tensor([ 1.3239229   0.88739455  1.1121676   0.9847734   1.3454144  10.        ], shape=(6,), dtype=float32)",0.0,[1 3 4 6 2 2 2 0 0 0 0 0 0 0 0 0 0 0 0 0 0 0 0 0 0],False,"tf.Tensor(
[[ 1.3239229   0.88739455  1.1121676   0.9847734   1.3454144   0.21777876
   0.5809634   0.43726453  1.3816038  -0.00551825  0.476965   -0.29995015
   1.2304951  -0.07348554  0.99535733  1.4941102   0.6303877   0.4753048 ]], shape=(1, 18), dtype=float32)"
169,[1 3 4 6 2 2 2 0 0 0 0 0 0 0 0 0 0 0 0 0 0 0 0 0 0],"tf.Tensor([ 1.3840171  0.9372755  1.2077463  1.0178266  1.3728112 10.       ], shape=(6,), dtype=float32)",0.0,[2 1 0 0 0 0 0 4 6 2 2 2 0 0 0 0 0 0 0 0 0 0 0 0 0],False,"tf.Tensor(
[[ 1.3840171   0.9372755   1.2077463   1.0178266   1.3728112   0.22311714
   0.54984355  0.45097375  1.4575295   0.00248916  0.51223665 -0.35325858
   1.297346   -0.08260879  1.0370183   1.4835001   0.6650013   0.46652138]], shape=(1, 18), dtype=float32)"
170,[2 1 0 0 0 0 0 4 6 2 2 2 0 0 0 0 0 0 0 0 0 0 0 0 0],[0 1 1 1 0 3],0.30000000000000004,[2 2 4 1 5 0 0 1 0 0 0 2 0 0 0 0 0 0 0 0 0 0 0 0 0],False,"tf.Tensor(
[[ 1.3612049   1.1055938   1.0110425   0.9527931   1.069145    0.1066194
   0.20213518  0.5135594   1.0053966  -0.04717194  0.5939904  -0.2543784
   1.1096492   0.2743995   0.6387777   0.99932647  0.5981591   0.3436118 ]], shape=(1, 18), dtype=float32)"
171,[2 2 4 1 5 0 0 1 0 0 0 2 0 0 0 0 0 0 0 0 0 0 0 0 0],"tf.Tensor([ 1.0976373  0.7915755  0.9026194  1.047033   0.9165977 10.       ], shape=(6,), dtype=float32)",0.2,[2 3 4 1 5 1 2 0 0 0 0 0 0 0 0 0 0 0 0 0 0 0 0 0 0],False,"tf.Tensor(
[[ 1.0976373   0.7915755   0.9026194   1.047033    0.9165977  -0.09331886
   0.43178818  0.57221085  0.84645253 -0.14479676  0.58048177  0.23127976
   0.9675931  -0.24187505  0.8945733   1.3551756   0.641368    0.4343757 ]], shape=(1, 18), dtype=float32)"
172,[2 3 4 1 5 1 2 0 0 0 0 0 0 0 0 0 0 0 0 0 0 0 0 0 0],"tf.Tensor([ 1.2580297   0.87939245  1.074197    1.1615868   1.0756924  10.        ], shape=(6,), dtype=float32)",0.0,[3 1 0 0 0 0 0 3 4 1 5 2 0 0 0 0 0 0 0 0 0 0 0 0 0],False,"tf.Tensor(
[[ 1.2580297   0.87939245  1.074197    1.1615868   1.0756924  -0.00556811
   0.3194093   0.53688085  1.0075679  -0.03904894  0.62317204 -0.07500562
   1.1750267  -0.2009283   1.02257     1.4298664   0.65007025  0.5046173 ]], shape=(1, 18), dtype=float32)"
173,[3 1 0 0 0 0 0 3 4 1 5 2 0 0 0 0 0 0 0 0 0 0 0 0 0],"tf.Tensor([1.2089272  1.0661893  0.86889416 0.6427472  1.2036742  3.        ], shape=(6,), dtype=float32)",0.30000000000000004,[3 2 3 2 5 0 0 0 0 5 4 0 0 0 0 0 0 0 0 0 0 0 0 0 0],False,"tf.Tensor(
[[ 1.2089272   1.0661893   0.86889416  0.6427472   1.2036742   0.60251033
   0.6914277   0.18415254  1.3872097  -0.23864497  0.24572197 -0.10908207
   1.0578389   0.66311735  0.7059268   0.84082186  1.1476084   0.05407744]], shape=(1, 18), dtype=float32)"
174,[3 2 3 2 5 0 0 0 0 5 4 0 0 0 0 0 0 0 0 0 0 0 0 0 0],"tf.Tensor([ 1.5286008  1.5185394  0.8684765  0.8580841  1.3374256 10.       ], shape=(6,), dtype=float32)",0.0,[3 3 3 2 5 0 0 0 0 4 2 0 0 0 0 0 0 0 0 0 0 0 0 0 0],False,"tf.Tensor(
[[ 1.5286008   1.5185394   0.8684765   0.8580841   1.3374256   0.3377267
   0.56263447  0.20675623  1.2451617  -0.02609974  0.26925775  0.04779993
   1.2436731   1.1092037   0.84846467  1.4276967   1.1329957   0.261371  ]], shape=(1, 18), dtype=float32)"
175,[3 3 3 2 5 0 0 0 0 4 2 0 0 0 0 0 0 0 0 0 0 0 0 0 0],"tf.Tensor([ 1.388198    1.1187867   0.9669088   0.94996774  1.20549    10.        ], shape=(6,), dtype=float32)",0.0,[4 1 0 0 0 0 0 3 2 1 6 5 0 0 0 0 0 0 0 0 0 0 0 0 0],False,"tf.Tensor(
[[ 1.388198    1.1187867   0.9669088   0.94996774  1.20549     0.35826817
   0.53729546  0.27443105  1.257606   -0.05511522  0.46846104 -0.20149866
   1.32583     0.53473175  0.82811815  1.3603692   0.8357589   0.36699194]], shape=(1, 18), dtype=float32)"
176,[4 1 0 0 0 0 0 3 2 1 6 5 0 0 0 0 0 0 0 0 0 0 0 0 0],[ 0  1  0  0  1 10],0.2,[4 2 6 1 0 0 0 4 0 2 5 0 0 0 0 0 0 0 0 0 0 0 0 0 0],False,"tf.Tensor(
[[ 1.4027108   0.9967197   0.96023643  0.5022088   1.2934648   0.821573
   1.2291656   0.19267961  1.8039478  -0.45044062  0.27838022  0.11332707
   1.1350156   0.7134887   0.7903746   0.9650381   1.447961   -0.10783742]], shape=(1, 18), dtype=float32)"
177,[4 2 6 1 0 0 0 4 0 2 5 0 0 0 0 0 0 0 0 0 0 0 0 0 0],"tf.Tensor([ 1.4252313   1.6633177   0.40456387  1.063982    1.8220748  11.        ], shape=(6,), dtype=float32)",0.2,[4 3 6 1 4 5 0 0 0 4 0 0 0 0 0 0 0 0 0 0 0 0 0 0 0],False,"tf.Tensor(
[[1.4252313  1.6633177  0.40456387 1.063982   1.8220748  0.62086385
  0.17822365 0.23728105 1.1918831  0.06834863 0.06394388 0.08184853
  1.5337412  0.99965847 1.2252162  1.0226506  1.5909061  0.40566692]], shape=(1, 18), dtype=float32)"
178,[4 3 6 1 4 5 0 0 0 4 0 0 0 0 0 0 0 0 0 0 0 0 0 0 0],"tf.Tensor([1.5721087 1.1006219 1.0902969 0.9713793 1.74189   3.       ], shape=(6,), dtype=float32)",16.0,[5 1 0 0 0 0 0 5 6 6 4 1 0 0 0 8 0 0 0 0 0 0 0 0 0],False,"tf.Tensor(
[[ 1.5721087   1.1006219   1.0902969   0.9713793   1.74189     0.42847282
   0.84122854  0.42896077  1.7423123  -0.18716781  0.43308264 -0.05416847
   1.5342665   0.15295503  1.0403721   1.5067935   1.0372311   0.48242056]], shape=(1, 18), dtype=float32)"
179,[5 1 0 0 0 0 0 5 6 6 4 1 0 0 0 8 0 0 0 0 0 0 0 0 0],"tf.Tensor([1.3012406  1.2785423  0.29904875 1.396599   0.7337164  7.        ], shape=(6,), dtype=float32)",0.30000000000000004,[5 2 6 4 3 0 0 0 0 5 0 1 0 0 0 8 0 0 0 0 0 0 0 0 0],False,"tf.Tensor(
[[ 1.3012406   1.2785423   0.29904875  1.396599    0.7337164   0.36566108
  -0.53392714  0.9253465   0.28843385 -0.41234213  0.2916574  -0.44164705
   1.286292   -0.12779935  0.88152     1.1146638   0.9670731   0.65965694]], shape=(1, 18), dtype=float32)"
180,[5 2 6 4 3 0 0 0 0 5 0 1 0 0 0 8 0 0 0 0 0 0 0 0 0],"tf.Tensor([ 1.3416988   1.03306     0.34853503  0.8793364   0.90317863 11.        ], shape=(6,), dtype=float32)",0.1,[5 3 6 4 3 1 0 0 0 3 0 0 0 0 0 8 0 0 0 0 0 0 0 0 0],False,"tf.Tensor(
[[ 1.3416988   1.03306     0.34853503  0.8793364   0.90317863  0.5483954
  -0.02288068  0.81877416  0.754202   -0.42767158  0.15741517 -0.02662455
   1.0604558   0.19337198  0.524423    0.7793467   1.1371481   0.3441422 ]], shape=(1, 18), dtype=float32)"
181,[5 3 6 4 3 1 0 0 0 3 0 0 0 0 0 8 0 0 0 0 0 0 0 0 0],"tf.Tensor([1.2134906  0.8837124  0.40820006 0.9610445  0.8240915  7.        ], shape=(6,), dtype=float32)",0.0,[6 1 0 0 0 0 0 6 4 1 3 4 0 0 0 8 0 0 0 0 0 0 0 0 0],False,"tf.Tensor(
[[ 1.2134906   0.8837124   0.40820006  0.9610445   0.8240915   0.41200808
  -0.00380835  0.7344851   0.6157234  -0.3367758   0.13549326 -0.09669076
   1.0580353  -0.0640468   0.65832746  0.9063784   0.936961    0.5058302 ]], shape=(1, 18), dtype=float32)"
182,[6 1 0 0 0 0 0 6 4 1 3 4 0 0 0 8 0 0 0 0 0 0 0 0 0],"tf.Tensor([1.3914225 1.3921788 0.8143131 1.1454587 1.1014915 7.       ], shape=(6,), dtype=float32)",0.4,[6 2 6 5 4 5 0 0 0 3 0 0 0 0 0 8 0 0 0 0 0 0 0 0 0],False,"tf.Tensor(
[[ 1.3914225   1.3921788   0.8143131   1.1454587   1.1014915   0.06843115
  -0.28276747  0.9059107   0.9629673   0.13338834  0.02404754 -0.9256706
   1.2564719   0.03947882  1.1547318   0.8431106   0.9838806   0.34283528]], shape=(1, 18), dtype=float32)"
183,[6 2 6 5 4 5 0 0 0 3 0 0 0 0 0 8 0 0 0 0 0 0 0 0 0],"tf.Tensor([ 1.8520141  1.1689215  0.7327994  1.4108295  0.9108473 10.       ], shape=(6,), dtype=float32)",0.0,[6 3 6 5 4 5 0 0 0 3 0 0 0 0 0 8 0 0 0 0 0 0 0 0 0],False,"tf.Tensor(
[[ 1.8520141   1.1689215   0.7327994   1.4108295   0.9108473   0.40721938
  -0.144895    1.0210586   0.8908323  -0.25993574  0.44004303 -0.1723079
   1.1929805  -0.15895924  0.9365723   1.3728179   0.994706    0.8144078 ]], shape=(1, 18), dtype=float32)"
184,[6 3 6 5 4 5 0 0 0 3 0 0 0 0 0 8 0 0 0 0 0 0 0 0 0],"tf.Tensor([ 1.841805   1.1465518  0.8056345  1.3934543  0.9213053 10.       ], shape=(6,), dtype=float32)",0.0,[7 1 0 0 0 0 0 6 5 4 4 5 0 0 0 8 0 0 0 0 0 0 0 0 0],False,"tf.Tensor(
[[ 1.841805    1.1465518   0.8056345   1.3934543   0.9213053   0.3800757
  -0.08203086  1.0360681   0.9271228  -0.25551316  0.44289988 -0.16929704
   1.222058   -0.19870254  0.9618673   1.3702679   1.0128218   0.77720946]], shape=(1, 18), dtype=float32)"
185,[7 1 0 0 0 0 0 6 5 4 4 5 0 0 0 8 0 0 0 0 0 0 0 0 0],"tf.Tensor([1.6481239 1.4695227 0.9763199 1.2264501 1.2695503 7.       ], shape=(6,), dtype=float32)",0.5,[7 2 1 3 5 3 3 0 0 0 0 0 0 0 0 8 0 0 0 0 0 0 0 0 0],False,"tf.Tensor(
[[ 1.6481239   1.4695227   0.9763199   1.2264501   1.2695503   0.42320704
   0.12641817  0.899099    1.2287765  -0.14429557  0.29374743 -0.5138019
   1.5518591   0.00698541  1.2906029   1.3867991   1.1549134   0.4819376 ]], shape=(1, 18), dtype=float32)"
186,[7 2 1 3 5 3 3 0 0 0 0 0 0 0 0 8 0 0 0 0 0 0 0 0 0],"tf.Tensor([ 1.7317587   0.8817929   0.41520947  1.6024405   0.71332705 10.        ], shape=(6,), dtype=float32)",0.0,[7 3 1 3 5 3 3 0 0 0 0 0 0 0 0 8 0 0 0 0 0 0 0 0 0],False,"tf.Tensor(
[[ 1.7317587   0.8817929   0.41520947  1.6024405   0.71332705  0.6601139
  -0.51574427  0.67656976  1.0160971  -0.04235642  0.4215181  -0.4526029
   0.89940315 -0.24311504  0.93119377  1.5625954   0.66987467  1.2084717 ]], shape=(1, 18), dtype=float32)"
187,[7 3 1 3 5 3 3 0 0 0 0 0 0 0 0 8 0 0 0 0 0 0 0 0 0],"tf.Tensor([ 1.7694114  0.8968049  0.4459572  1.6212356  0.6811604 10.       ], shape=(6,), dtype=float32)",0.0,[8 1 0 0 0 0 0 1 3 5 3 3 0 0 0 8 0 0 0 0 0 0 0 0 0],False,"tf.Tensor(
[[ 1.7694114   0.8968049   0.4459572   1.6212356   0.6811604   0.6495829
  -0.5505712   0.67835015  1.039122   -0.03536965  0.48248786 -0.44488785
   0.8865584  -0.24067035  0.935675    1.5636587   0.64228755  1.2278281 ]], shape=(1, 18), dtype=float32)"
188,[8 1 0 0 0 0 0 1 3 5 3 3 0 0 0 8 0 0 0 0 0 0 0 0 0],[1 0 0 0 0 6],0.1,[8 2 5 0 0 0 0 0 4 2 4 3 0 0 0 8 0 0 0 0 0 0 0 0 0],False,"tf.Tensor(
[[ 1.4242414   1.070399    0.4827396   1.1650858   0.66975164  0.2831056
  -0.19271295  0.73859054  0.68116635 -0.12286888  0.38989323 -0.15009299
   0.99020344  0.04673037  0.6961601   0.96583456  0.72077316  0.71184117]], shape=(1, 18), dtype=float32)"
189,[8 2 5 0 0 0 0 0 4 2 4 3 0 0 0 8 0 0 0 0 0 0 0 0 0],[1 1 0 0 1 4],0.2,[8 3 5 4 3 0 0 0 0 2 3 0 0 0 0 8 0 0 0 0 0 0 0 0 0],False,"tf.Tensor(
[[ 1.4681249   1.1579287   0.5004262   1.3531017   1.2273823   0.19712208
  -0.15296754  0.87215054  0.6952792  -0.03946451  0.40597844 -0.25664717
   1.3729633   0.08788581  0.9026253   1.369487    0.8954266   0.6753928 ]], shape=(1, 18), dtype=float32)"
190,[8 3 5 4 3 0 0 0 0 2 3 0 0 0 0 8 0 0 0 0 0 0 0 0 0],"tf.Tensor([ 1.550764    1.0361347   0.37616262  1.2507707   0.8902019  10.        ], shape=(6,), dtype=float32)",0.0,[9 1 0 0 0 0 0 5 4 2 6 2 0 0 0 8 0 0 0 0 0 0 0 0 0],False,"tf.Tensor(
[[ 1.550764    1.0361347   0.37616262  1.2507707   0.8902019   0.4074935
  -0.27586403  0.7506397   0.6375152  -0.10277957  0.25089425 -0.06678398
   1.1454465   0.10074753  0.7937347   1.1939046   0.85889     0.83638453]], shape=(1, 18), dtype=float32)"
191,[9 1 0 0 0 0 0 5 4 2 6 2 0 0 0 8 0 0 0 0 0 0 0 0 0],"tf.Tensor([1.7592155 1.2236902 0.6330285 1.5978459 1.1787643 7.       ], shape=(6,), dtype=float32)",0.4,[9 2 1 1 2 2 0 0 0 2 0 0 0 0 0 8 0 0 0 0 0 0 0 0 0],False,"tf.Tensor(
[[ 1.7592155   1.2236902   0.6330285   1.5978459   1.1787643   0.21417674
  -0.10314392  0.7513826   1.0224663   0.26944795  0.2488371  -0.48744902
   1.4283231   0.12142543  1.1345313   1.3511577   0.9079526   1.0121835 ]], shape=(1, 18), dtype=float32)"
192,[9 2 1 1 2 2 0 0 0 2 0 0 0 0 0 8 0 0 0 0 0 0 0 0 0],"tf.Tensor([ 1.1221434   0.7739144   0.14238617  1.1426055   0.61521447 10.        ], shape=(6,), dtype=float32)",0.0,[9 3 1 1 2 2 0 0 0 5 0 0 0 0 0 8 0 0 0 0 0 0 0 0 0],False,"tf.Tensor(
[[ 1.1221434   0.7739144   0.14238617  1.1426055   0.61521447  0.3765818
  -0.22704412  0.707699    0.30690348 -0.24047224  0.19256599 -0.14514948
   0.93066067 -0.13848001  0.6273361   1.051274    0.77349246  0.7003096 ]], shape=(1, 18), dtype=float32)"
193,[9 3 1 1 2 2 0 0 0 5 0 0 0 0 0 8 0 0 0 0 0 0 0 0 0],"tf.Tensor([1.2232505 0.8785984 0.2532325 1.0068337 0.6973619 7.       ], shape=(6,), dtype=float32)",0.0,[10 1 0 0 0 0 0 1 1 4 2 2 0 0 0 8 0 0 0 0 0 0 0 0 0],False,"tf.Tensor(
[[ 1.2232505   0.8785984   0.2532325   1.0068337   0.6973619   0.49709585
  -0.06628597  0.62722975  0.53035057 -0.4251229   0.18444003 -0.01892636
   0.99851245  0.0266901   0.5510656   0.8983319   0.8681773   0.63351786]], shape=(1, 18), dtype=float32)"
194,[10 1 0 0 0 0 0 1 1 4 2 2 0 0 0 8 0 0 0 0 0 0 0 0 0],"tf.Tensor([1.3685893  0.96502686 0.27046376 1.0148607  0.7573546  7.        ], shape=(6,), dtype=float32)",0.30000000000000004,[10 2 6 2 5 0 0 0 0 3 0 5 0 0 0 8 0 0 0 0 0 0 0 0 0],False,"tf.Tensor(
[[ 1.3685893   0.96502686  0.27046376  1.0148607   0.7573546   0.51382065
  -0.03787723  0.4725394   0.811438   -0.11778527  0.17784221 -0.07484613
   0.9091008   0.23995937  0.60571885  0.8960664   0.8114007   0.70093167]], shape=(1, 18), dtype=float32)"
195,[10 2 6 2 5 0 0 0 0 3 0 5 0 0 0 8 0 0 0 0 0 0 0 0 0],"tf.Tensor([ 2.0314944   1.0795907   0.84347534  1.5483708   1.0641329  10.        ], shape=(6,), dtype=float32)",0.1,[10 3 6 2 5 5 0 0 0 2 0 0 0 0 0 8 0 0 0 0 0 0 0 0 0],False,"tf.Tensor(
[[ 2.0314944   1.0795907   0.84347534  1.5483708   1.0641329   0.28232074
   0.39968202  1.037117    1.1838106  -0.08383553  0.5561532  -0.02180996
   1.2800031  -0.11953643  1.1787393   1.7478784   1.1042769   0.846526  ]], shape=(1, 18), dtype=float32)"
196,[10 3 6 2 5 5 0 0 0 2 0 0 0 0 0 8 0 0 0 0 0 0 0 0 0],"tf.Tensor([ 1.6541134   0.7739809   0.72103333  1.7010307   1.046661   10.        ], shape=(6,), dtype=float32)",0.0,[11 1 0 0 0 0 0 6 2 5 5 3 0 0 0 8 0 0 0 0 0 0 0 0 0],False,"tf.Tensor(
[[ 1.6541134   0.7739809   0.72103333  1.7010307   1.046661    0.30308032
   0.24757224  0.7896501   0.7425044  -0.24622656  0.3551036  -0.2543259
   1.5014749  -0.56219625  1.2365601   1.7877756   1.0465695   1.0319088 ]], shape=(1, 18), dtype=float32)"
197,[11 1 0 0 0 0 0 6 2 5 5 3 0 0 0 8 0 0 0 0 0 0 0 0 0],"tf.Tensor([2.0428028  1.2687763  0.67653984 1.5037684  1.1768026  7.        ], shape=(6,), dtype=float32)",0.4,[11 2 4 1 4 6 0 0 0 3 0 0 0 0 0 8 0 0 0 0 0 0 0 0 0],False,"tf.Tensor(
[[ 2.0428028   1.2687763   0.67653984  1.5037684   1.1768026   0.67618495
   0.21953663  0.8144036   1.187415   -0.07440139  0.18066867 -0.1093519
   1.6568105   0.35936037  1.1801722   1.4070755   1.2958014   0.96334904]], shape=(1, 18), dtype=float32)"
198,[11 2 4 1 4 6 0 0 0 3 0 0 0 0 0 8 0 0 0 0 0 0 0 0 0],"tf.Tensor([ 1.5696245   0.70864     0.60324687  1.636361    0.93552345 10.        ], shape=(6,), dtype=float32)",0.0,[11 3 4 1 4 6 0 0 0 5 0 0 0 0 0 8 0 0 0 0 0 0 0 0 0],False,"tf.Tensor(
[[ 1.5696245   0.70864     0.60324687  1.636361    0.93552345  0.40962458
   0.1890916   0.70145255  0.6038457  -0.3791128   0.29037857 -0.1999639
   1.4319905  -0.53307736  1.1184058   1.7028407   1.0009892   1.0659229 ]], shape=(1, 18), dtype=float32)"
199,[11 3 4 1 4 6 0 0 0 5 0 0 0 0 0 8 0 0 0 0 0 0 0 0 0],"tf.Tensor([ 1.7709529   0.89058506  0.7182273   1.539093    0.9722743  10.        ], shape=(6,), dtype=float32)",0.0,[12 1 0 0 0 0 0 4 1 5 4 6 0 0 0 8 0 0 0 0 0 0 0 0 0],False,"tf.Tensor(
[[ 1.7709529   0.89058506  0.7182273   1.539093    0.9722743   0.56315464
   0.28480348  0.6945598   0.93094575 -0.4448408   0.2996542  -0.12500264
   1.442644   -0.34156632  1.0810938   1.5717875   1.1283835   1.0141791 ]], shape=(1, 18), dtype=float32)"
200,[12 1 0 0 0 0 0 4 1 5 4 6 0 0 0 8 0 0 0 0 0 0 0 0 0],"tf.Tensor([2.1346083 1.3071797 0.975984  1.2290689 1.3080254 7.       ], shape=(6,), dtype=float32)",0.5,[12 2 1 1 3 2 5 0 0 0 0 0 0 0 0 8 0 0 0 0 0 0 0 0 0],False,"tf.Tensor(
[[ 2.1346083   1.3071797   0.975984    1.2290689   1.3080254   0.67771906
   0.501529    0.9555401   1.5733169  -0.01996564  0.23940355 -0.10432762
   1.6072824   0.49010375  1.1335409   1.314385    1.4271978   0.581076  ]], shape=(1, 18), dtype=float32)"
201,[12 2 1 1 3 2 5 0 0 0 0 0 0 0 0 8 0 0 0 0 0 0 0 0 0],"tf.Tensor([ 1.8944287   1.2378854   0.41300958  1.5560596   0.8693189  10.        ], shape=(6,), dtype=float32)",0.0,[12 3 1 1 3 2 5 0 0 0 0 0 0 0 0 8 0 0 0 0 0 0 0 0 0],False,"tf.Tensor(
[[ 1.8944287   1.2378854   0.41300958  1.5560596   0.8693189   0.6984568
  -0.6407142   0.57348067  1.0340029  -0.06120181  0.19711879 -0.25183555
   1.2049682   0.39575294  0.68765366  1.7397233   0.6479343   1.475732  ]], shape=(1, 18), dtype=float32)"
202,[12 3 1 1 3 2 5 0 0 0 0 0 0 0 0 8 0 0 0 0 0 0 0 0 0],"tf.Tensor([ 1.9626249   1.301248    0.48651814  1.5414237   0.88873047 10.        ], shape=(6,), dtype=float32)",0.0,[13 1 0 0 0 0 0 1 1 3 2 5 0 0 0 8 0 0 0 0 0 0 0 0 0],False,"tf.Tensor(
[[ 1.9626249   1.301248    0.48651814  1.5414237   0.88873047  0.681747
  -0.6751673   0.61949503  1.1191036  -0.0083864   0.23591772 -0.25532803
   1.211181    0.42413223  0.71893585  1.7198073   0.66070104  1.4397811 ]], shape=(1, 18), dtype=float32)"
203,[13 1 0 0 0 0 0 1 1 3 2 5 0 0 0 8 0 0 0 0 0 0 0 0 0],"tf.Tensor([1.8417647 1.1123326 0.6388366 1.1569186 1.223686  3.       ], shape=(6,), dtype=float32)",0.4,[13 2 3 3 3 3 0 0 0 2 0 0 0 0 0 8 0 0 0 0 0 0 0 0 0],False,"tf.Tensor(
[[1.8417647  1.1123326  0.6388366  1.1569186  1.223686   0.5472963
  0.22142352 0.791472   1.401109   0.03416238 0.29929042 0.0038604
  1.1577508  0.27336788 0.7896348  1.1728847  1.0593393  0.68206257]], shape=(1, 18), dtype=float32)"
204,[13 2 3 3 3 3 0 0 0 2 0 0 0 0 0 8 0 0 0 0 0 0 0 0 0],"tf.Tensor([ 1.6697522   0.9038695   0.44046342  1.4021543   1.1273937  10.        ], shape=(6,), dtype=float32)",0.0,[13 3 3 3 3 3 0 0 0 4 0 0 0 0 0 8 0 0 0 0 0 0 0 0 0],False,"tf.Tensor(
[[ 1.6697522   0.9038695   0.44046342  1.4021543   1.1273937   0.65250915
  -0.01257933  0.94287497  0.79450345 -0.36740968  0.138901   -0.0106664
   1.36923    -0.22113588  0.9242161   1.4971237   1.1315396   0.89791876]], shape=(1, 18), dtype=float32)"
205,[13 3 3 3 3 3 0 0 0 4 0 0 0 0 0 8 0 0 0 0 0 0 0 0 0],"tf.Tensor([1.8528998 0.9236963 0.6991975 1.3750926 1.0722363 7.       ], shape=(6,), dtype=float32)",24.0,[14 1 0 0 0 0 0 3 3 6 3 3 0 0 0 8 0 0 0 12 0 0 0 0 0],True,"tf.Tensor(
[[ 1.8528998   0.9236963   0.6991975   1.3750926   1.0722363   0.65545493
   0.3054079   0.9017021   1.0594609  -0.378584    0.24032389  0.05250577
   1.4241183  -0.0976184   1.0130231   1.4183939   1.3301563   0.7709258 ]], shape=(1, 18), dtype=float32)"
206,[1 1 0 0 0 0 0 1 6 4 3 1 0 0 0 0 0 0 0 0 0 0 0 0 0],[1 1 0 0 1 1],0.30000000000000004,[1 2 1 6 1 0 0 0 0 4 6 0 0 0 0 0 0 0 0 0 0 0 0 0 0],False,"tf.Tensor(
[[ 1.2927858   0.98946506  1.1739165   0.9229585   0.91629994 -0.13823564
   0.5113801   0.3381764   0.819796    0.02683844  0.7427258  -0.19140443
   1.0435674   0.6202741   0.5901127   1.2737888   0.7364332   0.00515797]], shape=(1, 18), dtype=float32)"
207,[1 2 1 6 1 0 0 0 0 4 6 0 0 0 0 0 0 0 0 0 0 0 0 0 0],"tf.Tensor([1.510262   1.6088343  1.3273367  0.68325967 1.2935497  3.        ], shape=(6,), dtype=float32)",0.1,[1 3 1 6 1 4 0 0 0 0 1 0 0 0 0 0 0 0 0 0 0 0 0 0 0],False,"tf.Tensor(
[[ 1.510262    1.6088343   1.3273367   0.68325967  1.2935497  -0.16947608
   0.2951615   0.5277923   1.4064133   0.3347229   0.5200021   0.09736471
   0.80434227  0.8899101   0.713622    1.0984045   1.2711567  -0.34120512]], shape=(1, 18), dtype=float32)"
208,[1 3 1 6 1 4 0 0 0 0 1 0 0 0 0 0 0 0 0 0 0 0 0 0 0],"tf.Tensor([ 1.1523224  0.545141   1.1380744  0.7569027  0.8542237 10.       ], shape=(6,), dtype=float32)",0.0,[2 1 0 0 0 0 0 1 6 4 3 1 0 0 0 0 0 0 0 0 0 0 0 0 0],False,"tf.Tensor(
[[ 1.1523224   0.545141    1.1380744   0.7569027   0.8542237   0.07568862
   0.48105562  0.63018084  1.081902   -0.00232929  0.42848945 -0.16752212
   0.8354376  -0.3556733   0.78281385  1.1300148   0.5118044   0.30365276]], shape=(1, 18), dtype=float32)"
209,[2 1 0 0 0 0 0 1 6 4 3 1 0 0 0 0 0 0 0 0 0 0 0 0 0],"tf.Tensor([ 1.3934135   0.98141813  1.1584114   1.0254799   0.97328377 10.        ], shape=(6,), dtype=float32)",0.5,[2 2 1 4 5 4 6 0 0 0 0 0 0 0 0 0 0 0 0 0 0 0 0 0 0],False,"tf.Tensor(
[[ 1.3934135   0.98141813  1.1584114   1.0254799   0.97328377  0.01604475
   0.5291049   0.40013197  0.83701944 -0.05005058  0.71490496 -0.12388533
   1.1439351   0.6522213   0.6173859   1.2763292   0.8703133   0.09835004]], shape=(1, 18), dtype=float32)"
210,[2 2 1 4 5 4 6 0 0 0 0 0 0 0 0 0 0 0 0 0 0 0 0 0 0],"tf.Tensor([ 1.7955447  1.3761758  1.4020457  1.3702168  1.2123824 10.       ], shape=(6,), dtype=float32)",0.0,[2 3 1 4 5 4 6 0 0 0 0 0 0 0 0 0 0 0 0 0 0 0 0 0 0],False,"tf.Tensor(
[[ 1.7955447   1.3761758   1.4020457   1.3702168   1.2123824   0.11485881
   0.03858508  0.8075779   1.4783802   0.13498373  0.77669775 -0.54076916
   1.4263127  -0.04060611  1.1650903   1.4972807   0.6600033   0.61675847]], shape=(1, 18), dtype=float32)"
211,[2 3 1 4 5 4 6 0 0 0 0 0 0 0 0 0 0 0 0 0 0 0 0 0 0],"tf.Tensor([1.8452171 1.3974978 1.4887248 1.3913807 1.2599964 3.       ], shape=(6,), dtype=float32)",16.0,[3 1 0 0 0 0 0 1 4 5 4 6 0 0 0 8 0 0 0 0 0 0 0 0 0],False,"tf.Tensor(
[[ 1.8452171   1.3974978   1.4887248   1.3913807   1.2599964   0.10866027
   0.04171043  0.827319    1.5517468   0.14811973  0.80728954 -0.5683496
   1.482024   -0.05163179  1.1965026   1.5161687   0.6774403   0.607532  ]], shape=(1, 18), dtype=float32)"
212,[3 1 0 0 0 0 0 1 4 5 4 6 0 0 0 8 0 0 0 0 0 0 0 0 0],"tf.Tensor([ 1.08996    1.1100385  0.750467   1.0070351  0.8873906 10.       ], shape=(6,), dtype=float32)",0.30000000000000004,[3 2 2 4 4 0 0 0 0 4 0 5 0 0 0 8 0 0 0 0 0 0 0 0 0],False,"tf.Tensor(
[[ 1.08996     1.1100385   0.750467    1.0070351   0.8873906   0.2761789
  -0.01435355  0.60431176  0.76361835 -0.29508463  0.3543883  -0.54398704
   1.0941387  -0.16039525  0.8657254   1.1528778   0.7863696   0.3013605 ]], shape=(1, 18), dtype=float32)"
213,[3 2 2 4 4 0 0 0 0 4 0 5 0 0 0 8 0 0 0 0 0 0 0 0 0],[ 0  1  1  0  1 10],0.2,[3 3 2 4 4 4 5 0 0 0 0 0 0 0 0 8 0 0 0 0 0 0 0 0 0],False,"tf.Tensor(
[[ 1.3998578   0.99802625  0.47263473  1.092628    0.71477485  0.18121137
  -0.25689536  1.0249009   0.5188192  -0.16627076  0.41362095 -0.08969072
   0.86500263 -0.09126152  0.62751347  1.0285716   0.7825207   0.52825266]], shape=(1, 18), dtype=float32)"
214,[3 3 2 4 4 4 5 0 0 0 0 0 0 0 0 8 0 0 0 0 0 0 0 0 0],"tf.Tensor([ 1.7200191  0.9679637  0.524256   1.5758197  0.4592192 10.       ], shape=(6,), dtype=float32)",0.0,[4 1 0 0 0 0 0 2 4 4 4 2 0 0 0 8 0 0 0 0 0 0 0 0 0],False,"tf.Tensor(
[[ 1.7200191   0.9679637   0.524256    1.5758197   0.4592192   0.605222
  -0.52154046  0.56552404  0.8844346  -0.05180991  0.5311576  -0.40636638
   0.8710459  -0.26866716  1.0477772   1.4168653   0.523644    1.1693066 ]], shape=(1, 18), dtype=float32)"
215,[4 1 0 0 0 0 0 2 4 4 4 2 0 0 0 8 0 0 0 0 0 0 0 0 0],"tf.Tensor([ 1.0677654   1.0479956   0.41716832  1.1814367   0.61735606 10.        ], shape=(6,), dtype=float32)",0.30000000000000004,[4 2 3 3 5 0 0 0 0 5 0 6 0 0 0 8 0 0 0 0 0 0 0 0 0],False,"tf.Tensor(
[[ 1.0677654   1.0479956   0.41716832  1.1814367   0.61735606  0.17583328
  -0.4411226   0.7748805   0.344274   -0.22153717  0.35579038 -0.564029
   0.9855719  -0.17061223  0.64115256  1.0189247   0.5984743   0.5095213 ]], shape=(1, 18), dtype=float32)"
216,[4 2 3 3 5 0 0 0 0 5 0 6 0 0 0 8 0 0 0 0 0 0 0 0 0],"tf.Tensor([ 1.4992805   1.0987414   0.63797486  1.0200734   0.9290768  10.        ], shape=(6,), dtype=float32)",0.1,[4 3 3 3 5 6 0 0 0 4 0 0 0 0 0 8 0 0 0 0 0 0 0 0 0],False,"tf.Tensor(
[[ 1.4992805   1.0987414   0.63797486  1.0200734   0.9290768   0.30725095
   0.16473004  0.9035893   0.8933499  -0.23654643  0.38024354 -0.03746848
   1.0600367   0.02999449  0.80195963  1.2446066   0.8185357   0.5565392 ]], shape=(1, 18), dtype=float32)"
217,[4 3 3 3 5 6 0 0 0 4 0 0 0 0 0 8 0 0 0 0 0 0 0 0 0],"tf.Tensor([ 1.5868138   1.1476945   0.51331353  1.440723    0.6318331  10.        ], shape=(6,), dtype=float32)",0.0,[5 1 0 0 0 0 0 3 3 1 5 6 0 0 0 8 0 0 0 0 0 0 0 0 0],False,"tf.Tensor(
[[ 1.5868138   1.1476945   0.51331353  1.440723    0.6318331   0.26908946
  -0.41940385  1.0082132   0.46802607 -0.24853265  0.4617257  -0.30431703
   1.0471576  -0.21484442  0.8532956   1.2798508   0.8079549   0.8010886 ]], shape=(1, 18), dtype=float32)"
218,[5 1 0 0 0 0 0 3 3 1 5 6 0 0 0 8 0 0 0 0 0 0 0 0 0],"tf.Tensor([1.2188888  1.1314085  0.94202167 1.0857732  1.029058   3.        ], shape=(6,), dtype=float32)",0.5,[5 2 4 6 5 6 1 0 0 0 0 0 0 0 0 8 0 0 0 0 0 0 0 0 0],False,"tf.Tensor(
[[ 1.2188888   1.1314085   0.94202167  1.0857732   1.029058    0.12079692
   0.08016241  0.6202864   1.3629272   0.3172315   0.27812073 -1.0086827
   0.9989205  -0.22382332  1.1556652   1.2234479   0.6466666   0.33453143]], shape=(1, 18), dtype=float32)"
219,[5 2 4 6 5 6 1 0 0 0 0 0 0 0 0 8 0 0 0 0 0 0 0 0 0],[ 0  0  0  0  0 11],0.0,[5 3 4 6 5 6 1 0 0 0 0 0 0 0 0 8 0 0 0 0 0 0 0 0 0],False,"tf.Tensor(
[[ 2.1067827   1.0422623   0.9677225   1.7947747   0.7390045   0.38370103
  -0.30684626  1.1145769   0.8962328  -0.28704122  0.75939137 -0.2753071
   1.113172   -0.613026    1.1910126   1.9072412   0.7640545   1.1076645 ]], shape=(1, 18), dtype=float32)"
220,[5 3 4 6 5 6 1 0 0 0 0 0 0 0 0 8 0 0 0 0 0 0 0 0 0],"tf.Tensor([ 2.097934   1.0209368  1.0177277  1.8160595  0.7481214 10.       ], shape=(6,), dtype=float32)",0.0,[6 1 0 0 0 0 0 4 6 5 6 1 0 0 0 8 0 0 0 0 0 0 0 0 0],False,"tf.Tensor(
[[ 2.097934    1.0209368   1.0177277   1.8160595   0.7481214   0.33752316
  -0.32244506  1.1560745   0.8523937  -0.31481373  0.80967206 -0.28124097
   1.1577908  -0.6586748   1.185153    1.9355224   0.75505793  1.0892359 ]], shape=(1, 18), dtype=float32)"
221,[6 1 0 0 0 0 0 4 6 5 6 1 0 0 0 8 0 0 0 0 0 0 0 0 0],"tf.Tensor([ 1.5109633   1.119234    0.51562387  1.5713336   0.81163466 10.        ], shape=(6,), dtype=float32)",0.30000000000000004,[6 2 1 4 3 0 0 0 0 1 0 2 0 0 0 8 0 0 0 0 0 0 0 0 0],False,"tf.Tensor(
[[ 1.5109633   1.119234    0.51562387  1.5713336   0.81163466  0.38896784
  -0.3110349   0.76402295  0.5010903  -0.29785427  0.334845   -0.4494809
   1.3553349  -0.15413849  0.89330804  1.4498335   0.7434549   0.9842624 ]], shape=(1, 18), dtype=float32)"
222,[6 2 1 4 3 0 0 0 0 1 0 2 0 0 0 8 0 0 0 0 0 0 0 0 0],"tf.Tensor([ 1.0824438   0.7509014   0.19771494  1.009726    0.6878834  10.        ], shape=(6,), dtype=float32)",0.0,[6 3 1 4 3 0 0 0 0 5 0 1 0 0 0 8 0 0 0 0 0 0 0 0 0],False,"tf.Tensor(
[[ 1.0824438   0.7509014   0.19771494  1.009726    0.6878834   0.28404468
  -0.23997259  0.78292096  0.49398786 -0.05877644  0.2258354  -0.22086695
   0.71836656 -0.23468609  0.66848993  0.9440948   0.77970403  0.4555899 ]], shape=(1, 18), dtype=float32)"
223,[6 3 1 4 3 0 0 0 0 5 0 1 0 0 0 8 0 0 0 0 0 0 0 0 0],"tf.Tensor([1.0520952  1.0019342  0.15528943 0.9272136  0.6908368  7.        ], shape=(6,), dtype=float32)",0.0,[7 1 0 0 0 0 0 1 4 3 3 1 0 0 0 8 0 0 0 0 0 0 0 0 0],False,"tf.Tensor(
[[ 1.0520952   1.0019342   0.15528943  0.9272136   0.6908368   0.28607786
  -0.3043664   0.9665006   0.22477178 -0.3771695   0.12762532 -0.04889411
   1.0211052   0.01025822  0.56167656  0.72392994  0.97470516  0.37105224]], shape=(1, 18), dtype=float32)"
224,[7 1 0 0 0 0 0 1 4 3 3 1 0 0 0 8 0 0 0 0 0 0 0 0 0],"tf.Tensor([1.1937188  1.1063503  0.17746206 1.2371227  0.6773286  7.        ], shape=(6,), dtype=float32)",0.30000000000000004,[7 2 2 4 5 0 0 0 0 5 0 1 0 0 0 8 0 0 0 0 0 0 0 0 0],False,"tf.Tensor(
[[ 1.1937188   1.1063503   0.17746206  1.2371227   0.6773286   0.28063336
  -0.44659352  0.82332665  0.28684372 -0.18790998  0.22396146 -0.37762904
   1.0128535  -0.00781167  0.6596451   1.0120337   0.75876755  0.6519504 ]], shape=(1, 18), dtype=float32)"
225,[7 2 2 4 5 0 0 0 0 5 0 1 0 0 0 8 0 0 0 0 0 0 0 0 0],"tf.Tensor([1.4000427  1.1347282  0.2880758  1.1885513  0.80967474 7.        ], shape=(6,), dtype=float32)",0.0,[7 3 2 4 5 0 0 0 0 2 0 3 0 0 0 8 0 0 0 0 0 0 0 0 0],False,"tf.Tensor(
[[ 1.4000427   1.1347282   0.2880758   1.1885513   0.80967474  0.3610074
  -0.29935896  1.000275    0.43175584 -0.31456867  0.21451057 -0.0889276
   1.1720866   0.02576671  0.7156648   0.9973968   1.0258527   0.62345177]], shape=(1, 18), dtype=float32)"
226,[7 3 2 4 5 0 0 0 0 2 0 3 0 0 0 8 0 0 0 0 0 0 0 0 0],"tf.Tensor([ 1.4548254   0.7627534   0.58233327  1.3039826   0.7768891  10.        ], shape=(6,), dtype=float32)",0.0,[8 1 0 0 0 0 0 2 4 4 5 1 0 0 0 8 0 0 0 0 0 0 0 0 0],False,"tf.Tensor(
[[ 1.4548254   0.7627534   0.58233327  1.3039826   0.7768891   0.31845003
  -0.06645347  0.8434199   0.7293068  -0.11781245  0.36007822 -0.20016721
   0.99231666 -0.43889254  0.9804811   1.3151389   0.85963213  0.71068746]], shape=(1, 18), dtype=float32)"
227,[8 1 0 0 0 0 0 2 4 4 5 1 0 0 0 8 0 0 0 0 0 0 0 0 0],"tf.Tensor([ 1.5308281  1.0828394  0.3599102  1.4072726  0.8022574 10.       ], shape=(6,), dtype=float32)",0.30000000000000004,[8 2 3 3 1 0 0 0 0 5 0 6 0 0 0 8 0 0 0 0 0 0 0 0 0],False,"tf.Tensor(
[[ 1.5308281   1.0828394   0.3599102   1.4072726   0.8022574   0.3618924
  -0.22583976  0.7159367   0.6256733  -0.08731267  0.31855524 -0.24999261
   1.1072041   0.02463385  0.7885665   1.2366197   0.76005536  0.9354869 ]], shape=(1, 18), dtype=float32)"
228,[8 2 3 3 1 0 0 0 0 5 0 6 0 0 0 8 0 0 0 0 0 0 0 0 0],"tf.Tensor([ 1.4594455   0.89295053  0.7623794   0.7638321   0.89304733 11.        ], shape=(6,), dtype=float32)",0.0,[8 3 3 3 1 0 0 0 0 2 0 5 0 0 0 8 0 0 0 0 0 0 0 0 0],False,"tf.Tensor(
[[ 1.4594455   0.89295053  0.7623794   0.7638321   0.89304733  0.35241306
   0.3445489   0.9304054   1.0784072  -0.14336574  0.24021108  0.13107102
   0.9789651   0.09290971  0.6816963   0.79626644  1.100433    0.24040854]], shape=(1, 18), dtype=float32)"
229,[8 3 3 3 1 0 0 0 0 2 0 5 0 0 0 8 0 0 0 0 0 0 0 0 0],"tf.Tensor([1.2990935  0.90813565 0.65677106 0.8611506  0.825313   2.        ], shape=(6,), dtype=float32)",12.0,[9 1 0 0 0 0 0 3 3 5 1 4 0 0 6 8 0 0 0 0 0 0 0 0 0],False,"tf.Tensor(
[[ 1.29909348e+00  9.08135653e-01  6.56771064e-01  8.61150622e-01
   8.25312972e-01  1.20343432e-01  1.11080945e-01  9.90359724e-01
   8.16677332e-01 -1.09168515e-03  2.99516022e-01 -3.77004445e-02
   9.01818216e-01 -6.43706992e-02  7.18959033e-01  8.46699119e-01
   9.23406899e-01  2.70333916e-01]], shape=(1, 18), dtype=float32)"
230,[9 1 0 0 0 0 0 3 3 5 1 4 0 0 6 8 0 0 0 0 0 0 0 0 0],"tf.Tensor([ 1.6231644   1.5567341   0.40126508  0.5940214   1.1560066  11.        ], shape=(6,), dtype=float32)",0.30000000000000004,[9 2 6 4 6 0 0 0 0 5 6 0 0 0 6 8 0 0 0 0 0 0 0 0 0],False,"tf.Tensor(
[[ 1.6231644   1.5567341   0.40126508  0.5940214   1.1560066   0.5103
   0.18368816  1.170253    1.2362093  -0.11980289  0.13899639  0.2846563
   1.1831036   0.7444729   0.8470028   0.48252803  1.6159288  -0.0297332 ]], shape=(1, 18), dtype=float32)"
231,[9 2 6 4 6 0 0 0 0 5 6 0 0 0 6 8 0 0 0 0 0 0 0 0 0],"tf.Tensor([ 2.3340409   1.557831    0.42851514  1.292604    1.5775002  11.        ], shape=(6,), dtype=float32)",0.1,[9 3 6 4 6 6 0 0 0 4 0 0 0 0 6 8 0 0 0 0 0 0 0 0 0],False,"tf.Tensor(
[[ 2.3340409   1.557831    0.42851514  1.292604    1.5775002   1.1486174
   0.601578    0.8400389   1.6995506  -0.22320789 -0.14936754  0.11274245
   1.6660147   0.7870307   1.1259284   1.3416153   1.8748354   0.82005346]], shape=(1, 18), dtype=float32)"
232,[9 3 6 4 6 6 0 0 0 4 0 0 0 0 6 8 0 0 0 0 0 0 0 0 0],[ 0  0  0  1  1 10],0.0,[10 1 0 0 0 0 0 6 4 4 4 6 0 0 6 8 0 0 0 0 0 0 0 0 0],False,"tf.Tensor(
[[ 2.3799274   2.098973    0.76220804  1.3209003   1.4807723   0.77526987
   0.22311036  1.4371071   1.892833   -0.33159778  0.11308439 -0.2586328
   1.4231062   0.11562692  1.3546693   1.4625591   1.7764362   0.5387185 ]], shape=(1, 18), dtype=float32)"
233,[10 1 0 0 0 0 0 6 4 4 4 6 0 0 6 8 0 0 0 0 0 0 0 0 0],[1 0 1 1 1 5],0.4,[10 2 3 3 4 6 0 0 4 0 0 0 0 0 6 8 0 0 0 0 0 0 0 0 0],False,"tf.Tensor(
[[2.458176   1.9058912  1.0888318  0.9812572  1.4636624  0.6304733
  0.5994656  1.3401884  1.9842764  0.06973019 0.29983383 0.24831393
  1.6943109  0.72112286 1.5871059  1.0895933  1.8764639  0.34378877]], shape=(1, 18), dtype=float32)"
234,[10 2 3 3 4 6 0 0 4 0 0 0 0 0 6 8 0 0 0 0 0 0 0 0 0],"tf.Tensor([ 1.7617015   1.5472643   0.60124195  1.3050061   1.4139552  11.        ], shape=(6,), dtype=float32)",0.1,[10 3 3 3 4 6 4 0 0 0 0 0 0 0 6 8 0 0 0 0 0 0 0 0 0],False,"tf.Tensor(
[[ 1.7617015   1.5472643   0.60124195  1.3050061   1.4139552   0.4847377
   0.05629038  1.6965643   0.87416226 -0.38660458 -0.2220837  -0.17933959
   1.8177849  -0.2223681   1.3318901   1.2219201   1.9732574   0.32367152]], shape=(1, 18), dtype=float32)"
235,[10 3 3 3 4 6 4 0 0 0 0 0 0 0 6 8 0 0 0 0 0 0 0 0 0],"tf.Tensor([2.2507608  2.0739362  0.42518622 1.4958053  1.3787394  3.        ], shape=(6,), dtype=float32)",0.0,[11 1 0 0 0 0 0 3 6 3 4 6 0 0 6 8 0 0 0 0 0 0 0 0 0],False,"tf.Tensor(
[[ 2.2507608   2.0739362   0.42518622  1.4958053   1.3787394   0.8602056
  -0.1407363   1.2586854   1.5969293  -0.26923147 -0.04981904 -0.5407676
   1.3684071   0.23527366  1.130652    1.4150636   1.5842984   0.8020548 ]], shape=(1, 18), dtype=float32)"
236,[11 1 0 0 0 0 0 3 6 3 4 6 0 0 6 8 0 0 0 0 0 0 0 0 0],[1 1 1 1 0 5],0.4,[11 2 5 2 5 1 0 0 0 0 0 1 0 0 6 8 0 0 0 0 0 0 0 0 0],False,"tf.Tensor(
[[2.3575916  1.7333333  1.080005   1.0726368  1.5800521  0.5195702
  0.50859153 1.3788421  1.950714   0.03643766 0.2467702  0.18743244
  1.65242    0.35599828 1.4685597  1.1986587  1.7177302  0.4522665 ]], shape=(1, 18), dtype=float32)"
237,[11 2 5 2 5 1 0 0 0 0 0 1 0 0 6 8 0 0 0 0 0 0 0 0 0],"tf.Tensor([ 1.9101893   1.7309759   0.40329164  1.1727833   1.556683   11.        ], shape=(6,), dtype=float32)",0.1,[11 3 5 2 5 1 1 0 0 0 0 0 0 0 6 8 0 0 0 0 0 0 0 0 0],False,"tf.Tensor(
[[ 1.9101893   1.7309759   0.40329164  1.1727833   1.556683    0.6353541
   0.30162773  1.3171273   1.5054351  -0.10508832 -0.20806512 -0.2457532
   1.3861902   0.16664892  1.1799468   1.3068895   1.685481    0.46173114]], shape=(1, 18), dtype=float32)"
238,[11 3 5 2 5 1 1 0 0 0 0 0 0 0 6 8 0 0 0 0 0 0 0 0 0],"tf.Tensor([ 1.9055222   1.6306789   0.43998605  1.2080669   1.5624657  11.        ], shape=(6,), dtype=float32)",0.0,[12 1 0 0 0 0 0 5 2 5 1 6 0 0 6 8 0 0 0 0 0 0 0 0 0],False,"tf.Tensor(
[[ 1.9055222   1.6306789   0.43998605  1.2080669   1.5624657   0.69027203
   0.26181576  1.2198406   1.4402741  -0.15598379 -0.22403906 -0.21985328
   1.4879704   0.19895965  1.1416458   1.2930567   1.6503663   0.56799173]], shape=(1, 18), dtype=float32)"
239,[12 1 0 0 0 0 0 5 2 5 1 6 0 0 6 8 0 0 0 0 0 0 0 0 0],"tf.Tensor([ 2.365969   1.8245957  0.9186374  0.6948093  1.5259254 11.       ], shape=(6,), dtype=float32)",0.4,[12 2 2 6 4 4 0 0 0 0 5 0 0 0 6 8 0 0 0 0 0 0 0 0 0],False,"tf.Tensor(
[[ 2.365969    1.8245957   0.9186374   0.6948093   1.5259254   0.77179646
   0.7976616   1.26447     2.004458   -0.03979031  0.2625517   0.49295297
   1.5971471   1.1192273   1.2543756   0.86899185  2.0050573   0.08356187]], shape=(1, 18), dtype=float32)"
240,[12 2 2 6 4 4 0 0 0 0 5 0 0 0 6 8 0 0 0 0 0 0 0 0 0],"tf.Tensor([ 2.2650259  1.7186728  0.4854706  1.5586032  1.7267153 10.       ], shape=(6,), dtype=float32)",0.1,[12 3 2 6 4 4 5 0 0 0 0 0 0 0 6 8 0 0 0 0 0 0 0 0 0],False,"tf.Tensor(
[[ 2.2650259   1.7186728   0.4854706   1.5586032   1.7267153   0.8244008
   0.36657166  1.2947519   1.8096935  -0.20409516 -0.07316656 -0.34677935
   1.4377813  -0.079262    1.290052    1.8841885   1.6540065   0.83260655]], shape=(1, 18), dtype=float32)"
241,[12 3 2 6 4 4 5 0 0 0 0 0 0 0 6 8 0 0 0 0 0 0 0 0 0],"tf.Tensor([2.3518527  2.0947511  0.53212327 1.5729945  1.7189634  3.        ], shape=(6,), dtype=float32)",0.0,[13 1 0 0 0 0 0 2 6 4 1 4 0 0 6 8 0 0 0 0 0 0 0 0 0],False,"tf.Tensor(
[[ 2.3518527   2.0947511   0.53212327  1.5729945   1.7189634   0.9659121
  -0.05537635  1.2682475   1.8749809  -0.23860002 -0.04157501 -0.5724228
   1.6245402   0.2958579   1.0848591   1.613222    1.6206876   0.8481627 ]], shape=(1, 18), dtype=float32)"
242,[13 1 0 0 0 0 0 2 6 4 1 4 0 0 6 8 0 0 0 0 0 0 0 0 0],"tf.Tensor([ 2.1580021   1.7470706   0.6980115   0.91604203  1.79197    11.        ], shape=(6,), dtype=float32)",0.4,[13 2 4 3 1 4 0 0 0 1 0 0 0 0 6 8 0 0 0 0 0 0 0 0 0],False,"tf.Tensor(
[[ 2.1580021   1.7470706   0.6980115   0.91604203  1.79197     0.6049386
   0.30155015  1.4907875   1.6189239  -0.18545689  0.12567353  0.47868907
   1.8157847   0.7089333   1.0181434   0.6733326   2.2172081   0.09988053]], shape=(1, 18), dtype=float32)"
243,[13 2 4 3 1 4 0 0 0 1 0 0 0 0 6 8 0 0 0 0 0 0 0 0 0],[0 0 1 0 1 1],0.1,[13 3 4 3 1 4 1 0 0 0 0 0 0 0 6 8 0 0 0 0 0 0 0 0 0],False,"tf.Tensor(
[[ 1.7140689   1.4893583   0.32143342  0.8814402   1.60223     0.69296217
   0.3296569   1.3412427   1.1848925  -0.4349873  -0.18037133  0.25264466
   1.5930455   0.45420748  0.7799759   0.8821328   1.9031947   0.1856294 ]], shape=(1, 18), dtype=float32)"
244,[13 3 4 3 1 4 1 0 0 0 0 0 0 0 6 8 0 0 0 0 0 0 0 0 0],"tf.Tensor([ 1.7759948   1.6170405   0.31281495  0.93095016  1.7097565  11.        ], shape=(6,), dtype=float32)",0.0,[14 1 0 0 0 0 0 4 3 3 1 4 0 0 6 8 0 0 0 0 0 0 0 0 0],True,"tf.Tensor(
[[ 1.7759948   1.6170405   0.31281495  0.93095016  1.7097565   0.6841099
   0.2051572   1.39884     1.2046573  -0.36607614 -0.17617582  0.20137104
   1.6460811   0.5296442   0.7671488   0.9045588   1.8866471   0.22444728]], shape=(1, 18), dtype=float32)"
245,[1 1 0 0 0 0 0 2 3 6 1 2 0 0 0 0 0 0 0 0 0 0 0 0 0],"tf.Tensor([ 1.338678    0.66505945  1.0837907   0.89979565  0.856079   10.        ], shape=(6,), dtype=float32)",0.2,[1 2 2 6 0 0 0 0 5 0 1 4 0 0 0 0 0 0 0 0 0 0 0 0 0],False,"tf.Tensor(
[[ 1.338678    0.66505945  1.0837907   0.89979565  0.856079    0.21896136
   0.5682677   0.5823985   0.94257754 -0.06476095  0.70519876 -0.01653421
   0.9846946   0.31168586  0.60454196  1.1856003   0.82522535  0.14207162]], shape=(1, 18), dtype=float32)"
246,[1 2 2 6 0 0 0 0 5 0 1 4 0 0 0 0 0 0 0 0 0 0 0 0 0],"tf.Tensor([ 1.3744409   0.61423886  1.4968855   1.0328478   1.236353   10.        ], shape=(6,), dtype=float32)",0.2,[1 3 2 6 1 4 0 0 2 0 0 0 0 0 0 0 0 0 0 0 0 0 0 0 0],False,"tf.Tensor(
[[ 1.3744409   0.61423886  1.4968855   1.0328478   1.236353    0.02361797
   1.3571002   0.40953562  1.482485   -0.15122181  0.96393937 -0.28860775
   1.2371154   0.10500298  0.7575259   1.7967577   1.0047837  -0.11776117]], shape=(1, 18), dtype=float32)"
247,[1 3 2 6 1 4 0 0 2 0 0 0 0 0 0 0 0 0 0 0 0 0 0 0 0],"tf.Tensor([1.2346112  0.49808732 1.4198352  0.80843294 1.1062795  3.        ], shape=(6,), dtype=float32)",8.0,[2 1 0 0 0 0 0 2 3 6 1 2 0 0 0 4 0 0 0 0 0 0 0 0 0],False,"tf.Tensor(
[[ 1.2346112   0.49808732  1.4198352   0.80843294  1.1062795   0.184492
   0.8045519   0.5110243   1.3943987  -0.1111431   0.3937077  -0.26348042
   1.0791873  -0.5029675   0.93339777  1.3475204   0.64560056  0.31725836]], shape=(1, 18), dtype=float32)"
248,[2 1 0 0 0 0 0 2 3 6 1 2 0 0 0 4 0 0 0 0 0 0 0 0 0],[1 1 0 0 1 7],0.30000000000000004,[2 2 1 2 2 0 0 0 0 5 5 0 0 0 0 4 0 0 0 0 0 0 0 0 0],False,"tf.Tensor(
[[ 0.9645911   0.70922637  0.5346327   0.74982446  0.48809922  0.15447193
   0.00428512  0.5855327   0.49790528 -0.07065564  0.3365886  -0.05282342
   0.74284816 -0.01842775  0.64718294  0.6388107   0.6895839   0.29877865]], shape=(1, 18), dtype=float32)"
249,[2 2 1 2 2 0 0 0 0 5 5 0 0 0 0 4 0 0 0 0 0 0 0 0 0],"tf.Tensor([ 1.025702    0.58487934  0.4892189   0.87508106  0.566674   10.        ], shape=(6,), dtype=float32)",0.0,[2 3 1 2 2 0 0 0 0 1 3 0 0 0 0 4 0 0 0 0 0 0 0 0 0],False,"tf.Tensor(
[[ 1.025702    0.58487934  0.4892189   0.87508106  0.566674    0.38633573
   0.2160812   0.23856956  0.51905036 -0.17646512  0.22670403 -0.09584961
   0.9247602   0.23329808  0.52358294  0.94289416  0.64501715  0.507624  ]], shape=(1, 18), dtype=float32)"
250,[2 3 1 2 2 0 0 0 0 1 3 0 0 0 0 4 0 0 0 0 0 0 0 0 0],"tf.Tensor([ 0.7915155   0.460473    0.2415426   0.7230445   0.42888767 10.        ], shape=(6,), dtype=float32)",0.0,[3 1 0 0 0 0 0 1 2 4 1 2 0 0 0 4 0 0 0 0 0 0 0 0 0],False,"tf.Tensor(
[[ 0.7915155   0.460473    0.2415426   0.7230445   0.42888767  0.25606528
  -0.11748521  0.34666052  0.42025703  0.02134984  0.20980339 -0.10985103
   0.5083367  -0.05748581  0.46280852  0.68155706  0.36027157  0.4894138 ]], shape=(1, 18), dtype=float32)"
251,[3 1 0 0 0 0 0 1 2 4 1 2 0 0 0 4 0 0 0 0 0 0 0 0 0],"tf.Tensor([0.7770687  0.60770124 0.3217063  0.57487166 0.40574285 7.        ], shape=(6,), dtype=float32)",0.0,[3 2 0 0 0 0 0 4 2 2 2 1 0 0 0 4 0 0 0 0 0 0 0 0 0],False,"tf.Tensor(
[[ 0.7770687   0.60770124  0.3217063   0.57487166  0.40574285  0.22566512
  -0.04244911  0.45647073  0.44652984 -0.14107642  0.19868231 -0.04787089
   0.55227405  0.00500977  0.3933023   0.46663335  0.50353986  0.30397654]], shape=(1, 18), dtype=float32)"
252,[3 2 0 0 0 0 0 4 2 2 2 1 0 0 0 4 0 0 0 0 0 0 0 0 0],"tf.Tensor([0.8821561  0.9307031  0.34175992 0.6758671  0.57383275 9.        ], shape=(6,), dtype=float32)",0.1,[3 3 2 0 0 0 0 4 0 5 4 6 0 0 0 4 0 0 0 0 0 0 0 0 0],False,"tf.Tensor(
[[ 0.8821561   0.9307031   0.34175992  0.6758671   0.57383275  0.17402157
  -0.181822    0.5629845   0.55695146  0.06323131  0.11417174 -0.23436475
   0.689421    0.14070633  0.6919435   0.34035197  0.64454687  0.26286772]], shape=(1, 18), dtype=float32)"
253,[3 3 2 0 0 0 0 4 0 5 4 6 0 0 0 4 0 0 0 0 0 0 0 0 0],"tf.Tensor([1.4512489  1.2271463  1.0673302  0.64807457 1.3333315  7.        ], shape=(6,), dtype=float32)",0.0,[4 1 0 0 0 0 0 1 1 3 3 3 0 0 0 4 0 0 0 0 0 0 0 0 0],False,"tf.Tensor(
[[ 1.4512489   1.2271463   1.0673302   0.64807457  1.3333315   0.5153958
   0.6446227   0.5541691   1.3869629  -0.03925915  0.25252655  0.06545725
   1.4562496   0.63613284  1.0999924   0.8784901   1.4032534   0.0181311 ]], shape=(1, 18), dtype=float32)"
254,[4 1 0 0 0 0 0 1 1 3 3 3 0 0 0 4 0 0 0 0 0 0 0 0 0],"tf.Tensor([0.9615187  0.64470917 0.549244   0.6053372  0.6708286  7.        ], shape=(6,), dtype=float32)",0.1,[4 2 1 0 0 0 0 0 1 2 1 3 0 0 0 4 0 0 0 0 0 0 0 0 0],False,"tf.Tensor(
[[ 0.9615187   0.64470917  0.549244    0.6053372   0.6708286   0.29211414
   0.20457917  0.43265972  0.74462366 -0.06113072  0.22895898 -0.05948164
   0.746053    0.14912133  0.48817584  0.68108535  0.5527286   0.31858444]], shape=(1, 18), dtype=float32)"
255,[4 2 1 0 0 0 0 0 1 2 1 3 0 0 0 4 0 0 0 0 0 0 0 0 0],"tf.Tensor([0.85839385 0.585944   0.5082283  0.5361908  0.48046827 3.        ], shape=(6,), dtype=float32)",0.0,[4 3 1 0 0 0 0 0 3 3 1 6 0 0 0 4 0 0 0 0 0 0 0 0 0],False,"tf.Tensor(
[[ 0.85839385  0.585944    0.5082283   0.5361908   0.48046827  0.11359416
   0.04587012  0.5400567   0.60934263  0.048901    0.27558574 -0.00802838
   0.5200584   0.03243219  0.42849338  0.51293546  0.43101674  0.25123087]], shape=(1, 18), dtype=float32)"
256,[4 3 1 0 0 0 0 0 3 3 1 6 0 0 0 4 0 0 0 0 0 0 0 0 0],"tf.Tensor([ 1.1945177   0.67763835  0.8167334   0.7434963   0.9383675  10.        ], shape=(6,), dtype=float32)",0.0,[5 1 0 0 0 0 0 1 5 1 4 5 0 0 0 4 0 0 0 0 0 0 0 0 0],False,"tf.Tensor(
[[ 1.1945177   0.67763835  0.8167334   0.7434963   0.9383675   0.11840822
   0.2845411   0.6739787   0.81443703 -0.12075359  0.5790006   0.0966845
   0.8558505  -0.00388178  0.62717146  0.9397716   0.8393872   0.1755386 ]], shape=(1, 18), dtype=float32)"
257,[5 1 0 0 0 0 0 1 5 1 4 5 0 0 0 4 0 0 0 0 0 0 0 0 0],"tf.Tensor([1.3195328  1.0712913  0.9703704  0.8492542  0.91529727 3.        ], shape=(6,), dtype=float32)",0.4,[5 2 2 5 3 4 0 0 0 0 6 0 0 0 0 4 0 0 0 0 0 0 0 0 0],False,"tf.Tensor(
[[ 1.3195328   1.0712913   0.9703704   0.8492542   0.91529727  0.23369439
   0.21009736  0.575553    1.271317   -0.02896176  0.52316517 -0.38654825
   0.94045293 -0.02951756  0.8491018   1.0389868   0.6405767   0.31383127]], shape=(1, 18), dtype=float32)"
258,[5 2 2 5 3 4 0 0 0 0 6 0 0 0 0 4 0 0 0 0 0 0 0 0 0],"tf.Tensor([ 1.4493308   0.4382805   0.6407047   1.4078611   0.79934907 10.        ], shape=(6,), dtype=float32)",0.1,[5 3 2 5 3 4 6 0 0 0 0 0 0 0 0 4 0 0 0 0 0 0 0 0 0],False,"tf.Tensor(
[[ 1.4493308   0.4382805   0.6407047   1.4078611   0.79934907  0.43907228
   0.03484275  0.431855    0.9675883  -0.01623836  0.4201579  -0.28655058
   0.8814106  -0.518207    1.0354252   1.5950416   0.5156615   1.0264798 ]], shape=(1, 18), dtype=float32)"
259,[5 3 2 5 3 4 6 0 0 0 0 0 0 0 0 4 0 0 0 0 0 0 0 0 0],[0 1 1 0 0 9],60.0,[6 1 0 0 0 0 0 2 5 3 6 4 0 0 0 4 0 0 0 0 0 30 0 0 0],False,"tf.Tensor(
[[ 1.9244283   1.1776534   1.1277492   1.5121629   0.9023937   0.46752253
  -0.3007595   0.734841    1.3775973   0.11074439  0.5904159  -0.5656661
   1.2230421  -0.17565674  1.2037355   1.451957    0.62519884  0.9114509 ]], shape=(1, 18), dtype=float32)"
260,[6 1 0 0 0 0 0 2 5 3 6 4 0 0 0 4 0 0 0 0 0 30 0 0 0],"tf.Tensor([ 0.7896165  2.7507703 -0.13984    1.1632403  1.3524629  1.       ], shape=(6,), dtype=float32)",0.30000000000000004,[6 2 4 6 3 0 0 4 0 4 0 0 0 0 0 4 0 0 0 0 0 30 0 0 0],False,"tf.Tensor(
[[ 0.7896165   2.7507703  -0.13984     1.1632403   1.3524629   0.9307824
   1.464875    1.2613964  -0.6856515  -1.3266445  -1.162158   -3.1899228
   0.82965326  0.7947827  -0.4012822   0.9004457   1.4136634  -0.43416864]], shape=(1, 18), dtype=float32)"
261,[6 2 4 6 3 0 0 4 0 4 0 0 0 0 0 4 0 0 0 0 0 30 0 0 0],"tf.Tensor([ 0.5407075   1.7605982  -0.54454076  0.9803303   1.0563374   2.        ], shape=(6,), dtype=float32)",0.0,[6 3 4 6 3 0 0 4 0 5 0 0 0 0 0 4 0 0 0 0 0 30 0 0 0],False,"tf.Tensor(
[[ 0.5407075   1.7605982  -0.54454076  0.9803303   1.0563374   0.7239292
   1.1016885   1.4067581  -0.9993952  -1.004556   -1.1794773  -2.3148615
   0.38759682  0.49702585 -0.6389805   0.44207257  1.3087834  -0.45625538]], shape=(1, 18), dtype=float32)"
262,[6 3 4 6 3 0 0 4 0 5 0 0 0 0 0 4 0 0 0 0 0 30 0 0 0],"tf.Tensor([ 0.56117046  1.8169411  -0.4996673   0.9510498   1.0048255   2.        ], shape=(6,), dtype=float32)",6.0,[7 1 0 0 0 0 0 1 4 5 6 3 0 0 3 4 0 0 0 0 0 30 0 0 0],False,"tf.Tensor(
[[ 0.56117046  1.8169411  -0.4996673   0.9510498   1.0048255   0.75884795
   1.0326215   1.4232994  -0.8453611  -0.96268904 -1.134697   -2.3693802
   0.31293562  0.50146997 -0.574399    0.40528813  1.3200881  -0.49447173]], shape=(1, 18), dtype=float32)"
263,[7 1 0 0 0 0 0 1 4 5 6 3 0 0 3 4 0 0 0 0 0 30 0 0 0],"tf.Tensor([ 0.8183278   2.2851553  -0.08815221  1.2679511   1.338451   11.        ], shape=(6,), dtype=float32)",0.30000000000000004,[7 2 6 3 2 0 0 4 0 4 0 0 0 0 3 4 0 0 0 0 0 30 0 0 0],False,"tf.Tensor(
[[ 0.8183278   2.2851553  -0.08815221  1.2679511   1.338451    0.8614332
   1.2421565   1.212101   -0.37152827 -1.2219871  -1.0722952  -2.7735205
   0.6930313   0.69704473 -0.31273124  0.8048736   1.3343306  -0.21548402]], shape=(1, 18), dtype=float32)"
264,[7 2 6 3 2 0 0 4 0 4 0 0 0 0 3 4 0 0 0 0 0 30 0 0 0],"tf.Tensor([ 0.39074868  1.855586   -0.66623336  1.0061662   0.75579226  2.        ], shape=(6,), dtype=float32)",0.0,[7 3 6 3 2 0 0 2 0 1 0 0 0 0 3 4 0 0 0 0 0 30 0 0 0],False,"tf.Tensor(
[[ 0.39074868  1.855586   -0.66623336  1.0061662   0.75579226  0.7859089
   1.2845219   1.6837676  -1.2612448  -0.90658563 -1.1140046  -2.6289206
   0.1020372   0.394986   -0.79550844  0.44110522  1.4887012  -0.6989374 ]], shape=(1, 18), dtype=float32)"
265,[7 3 6 3 2 0 0 2 0 1 0 0 0 0 3 4 0 0 0 0 0 30 0 0 0],"tf.Tensor([ 0.38934118  1.748573   -0.7803181   1.1260713   1.1150765   2.        ], shape=(6,), dtype=float32)",0.0,[8 1 0 0 0 0 0 2 6 6 3 2 0 0 3 4 0 0 0 0 0 30 0 0 0],False,"tf.Tensor(
[[ 0.38934118  1.748573   -0.7803181   1.1260713   1.1150765   0.8452662
   1.4280599   1.7787571  -1.4729578  -1.0243433  -1.2118933  -2.6092083
   0.4164507   0.45966735 -0.81866986  0.6453505   1.5553086  -0.6976622 ]], shape=(1, 18), dtype=float32)"
266,[8 1 0 0 0 0 0 2 6 6 3 2 0 0 3 4 0 0 0 0 0 30 0 0 0],"tf.Tensor([0.87130165 2.1428874  0.11668506 1.2274665  1.021995   1.        ], shape=(6,), dtype=float32)",0.30000000000000004,[8 2 6 4 1 0 0 5 0 4 0 0 0 0 3 4 0 0 0 0 0 30 0 0 0],False,"tf.Tensor(
[[ 0.87130165  2.1428874   0.11668506  1.2274665   1.021995    0.94615245
   1.6611731   1.2863935  -0.3437251  -1.1223745  -0.9461127  -3.0138228
   0.28508946  0.19078408 -0.5068914   0.957117    1.3128631  -0.37291428]], shape=(1, 18), dtype=float32)"
267,[8 2 6 4 1 0 0 5 0 4 0 0 0 0 3 4 0 0 0 0 0 30 0 0 0],"tf.Tensor([ 0.4693707   1.7540615  -0.73466253  1.0747582   0.92614317  2.        ], shape=(6,), dtype=float32)",0.0,[8 3 6 4 1 0 0 4 0 5 0 0 0 0 3 4 0 0 0 0 0 30 0 0 0],False,"tf.Tensor(
[[ 0.4693707   1.7540615  -0.73466253  1.0747582   0.92614317  0.90185446
   1.4253495   1.6994115  -1.2792668  -0.89080656 -1.1203928  -2.510546
   0.248231    0.44827095 -0.76213425  0.5403626   1.648385   -0.6515318 ]], shape=(1, 18), dtype=float32)"
268,[8 3 6 4 1 0 0 4 0 5 0 0 0 0 3 4 0 0 0 0 0 30 0 0 0],"tf.Tensor([ 0.6075642   1.801908   -0.59194297  1.0642643   1.0003014   2.        ], shape=(6,), dtype=float32)",-6.0,[9 1 0 0 0 0 0 2 6 4 4 1 0 0 0 4 0 0 0 0 0 30 0 0 0],False,"tf.Tensor(
[[ 0.6075642   1.801908   -0.59194297  1.0642643   1.0003014   0.9116885
   1.2442218   1.7923644  -0.8426979  -0.8639383  -0.9760192  -2.4482872
   0.26357478  0.58952004 -0.5597206   0.5906975   1.6088836  -0.6786741 ]], shape=(1, 18), dtype=float32)"
269,[9 1 0 0 0 0 0 2 6 4 4 1 0 0 0 4 0 0 0 0 0 30 0 0 0],[1 0 0 0 0 1],0.1,[9 2 5 0 0 0 0 0 2 1 1 3 0 0 0 4 0 0 0 0 0 30 0 0 0],False,"tf.Tensor(
[[ 0.78479284  2.4514492  -0.22438125  1.1289147   0.824469    1.3169773
   1.7381636   1.3240982  -0.6200625  -0.8356503  -1.0803533  -3.4795382
  -0.12365066  0.11059937 -0.7705127   0.7572079   1.4437083  -0.5657782 ]], shape=(1, 18), dtype=float32)"
270,[9 2 5 0 0 0 0 0 2 1 1 3 0 0 0 4 0 0 0 0 0 30 0 0 0],"tf.Tensor([ 0.40552106  1.9825207  -0.8773641   1.2823285   1.1305375  11.        ], shape=(6,), dtype=float32)",0.30000000000000004,[9 3 5 2 1 3 0 0 0 1 0 0 0 0 0 4 0 0 0 0 0 30 0 0 0],False,"tf.Tensor(
[[ 0.40552106  1.9825207  -0.8773641   1.2823285   1.1305375   1.2136694
   1.7648246   1.7592762  -1.475168   -1.1560353  -1.3449501  -3.2472358
   0.26390967  0.40496883 -0.8569293   0.8348443   1.7931514  -0.7314498 ]], shape=(1, 18), dtype=float32)"
271,[9 3 5 2 1 3 0 0 0 1 0 0 0 0 0 4 0 0 0 0 0 30 0 0 0],"tf.Tensor([ 0.3359461  1.8025031 -0.9096465  1.1932305  1.0909306  2.       ], shape=(6,), dtype=float32)",6.0,[10 1 0 0 0 0 0 5 1 5 3 3 0 0 3 4 0 0 0 0 0 30 0 0 0],False,"tf.Tensor(
[[ 0.3359461   1.8025031  -0.9096465   1.1932305   1.0909306   1.1008129
   1.7181933   1.9833491  -1.6297739  -1.1027033  -1.3169503  -3.0779073
   0.23014754  0.45825547 -0.96631074  0.7490758   1.7591149  -0.83836657]], shape=(1, 18), dtype=float32)"
272,[10 1 0 0 0 0 0 5 1 5 3 3 0 0 3 4 0 0 0 0 0 30 0 0 0],"tf.Tensor([ 0.6335959   1.8298202  -0.20062605  1.0815557   0.37159076  1.        ], shape=(6,), dtype=float32)",0.2,[10 2 2 3 0 0 0 3 0 3 0 5 0 0 3 4 0 0 0 0 0 30 0 0 0],False,"tf.Tensor(
[[ 0.6335959   1.8298202  -0.20062605  1.0815557   0.37159076  0.97249794
   1.625       1.0643069  -0.81615317 -0.7566638  -1.0962178  -2.8746362
  -0.20966128 -0.02816033 -0.5859733   0.40993947  1.2006675  -0.32691076]], shape=(1, 18), dtype=float32)"
273,[10 2 2 3 0 0 0 3 0 3 0 5 0 0 3 4 0 0 0 0 0 30 0 0 0],"tf.Tensor([ 0.87845826  1.5912265  -0.47097206  1.028345    1.3972434   2.        ], shape=(6,), dtype=float32)",0.1,[10 3 2 3 5 0 0 4 0 5 0 0 0 0 3 4 0 0 0 0 0 30 0 0 0],False,"tf.Tensor(
[[ 0.87845826  1.5912265  -0.47097206  1.028345    1.3972434   0.7469467
   0.951457    1.4675112  -0.66483593 -1.0740741  -1.0329828  -1.9348136
   0.6157195   0.7814804  -0.3596634   0.25275624  1.416511   -0.5217166 ]], shape=(1, 18), dtype=float32)"
274,[10 3 2 3 5 0 0 4 0 5 0 0 0 0 3 4 0 0 0 0 0 30 0 0 0],"tf.Tensor([ 0.5698612   1.7721558  -0.439403    0.99650013  0.7871916   2.        ], shape=(6,), dtype=float32)",0.0,[11 1 0 0 0 0 0 5 2 3 3 5 0 0 3 4 0 0 0 0 0 30 0 0 0],False,"tf.Tensor(
[[ 0.5698612   1.7721558  -0.439403    0.99650013  0.7871916   0.6974521
   1.2336607   1.7639679  -1.1114919  -0.62618554 -1.0649797  -2.2548835
   0.23395813  0.44721925 -0.6733385   0.35810444  1.4537777  -0.5559452 ]], shape=(1, 18), dtype=float32)"
275,[11 1 0 0 0 0 0 5 2 3 3 5 0 0 3 4 0 0 0 0 0 30 0 0 0],"tf.Tensor([ 0.84221107  2.1030576  -0.23195808  1.2342865   0.90996754  1.        ], shape=(6,), dtype=float32)",0.30000000000000004,[11 2 3 4 1 0 0 4 0 5 0 0 0 0 3 4 0 0 0 0 0 30 0 0 0],False,"tf.Tensor(
[[ 0.84221107  2.1030576  -0.23195808  1.2342865   0.90996754  0.8203617
   1.4581494   1.2048929  -0.832016   -0.85575014 -1.0110779  -2.689981
   0.23629542  0.44021443 -0.4871426   0.4197822   1.3733494  -0.36485955]], shape=(1, 18), dtype=float32)"
276,[11 2 3 4 1 0 0 4 0 5 0 0 0 0 3 4 0 0 0 0 0 30 0 0 0],"tf.Tensor([ 0.53616345  1.4176254  -0.6955198   1.0603623   0.96228135 11.        ], shape=(6,), dtype=float32)",0.0,[11 3 3 4 1 0 0 2 0 6 0 0 0 0 3 4 0 0 0 0 0 30 0 0 0],False,"tf.Tensor(
[[ 0.53616345  1.4176254  -0.6955198   1.0603623   0.96228135  1.2218977
   1.6011616   1.537267   -1.0181816  -0.6722046  -1.1177981  -2.2185946
   0.27400586  0.29864743 -0.543461    0.6484156   1.6950208  -0.51822966]], shape=(1, 18), dtype=float32)"
277,[11 3 3 4 1 0 0 2 0 6 0 0 0 0 3 4 0 0 0 0 0 30 0 0 0],"tf.Tensor([ 0.69607997  1.4231955  -0.4908446   1.0055661   1.0752591   2.        ], shape=(6,), dtype=float32)",0.0,[12 1 0 0 0 0 0 5 3 1 4 1 0 0 3 4 0 0 0 0 0 30 0 0 0],False,"tf.Tensor(
[[ 0.69607997  1.4231955  -0.4908446   1.0055661   1.0752591   1.2255524
   1.352512    1.7166632  -0.48114395 -0.694598   -0.9930044  -2.1461568
   0.24287319  0.48311755 -0.339358    0.6973341   1.6291     -0.55930454]], shape=(1, 18), dtype=float32)"
278,[12 1 0 0 0 0 0 5 3 1 4 1 0 0 3 4 0 0 0 0 0 30 0 0 0],"tf.Tensor([ 0.8479555   1.9784083  -0.28949535  1.0597804   0.61102104  1.        ], shape=(6,), dtype=float32)",0.2,[12 2 4 3 0 0 0 4 0 5 0 5 0 0 3 4 0 0 0 0 0 30 0 0 0],False,"tf.Tensor(
[[ 0.8479555   1.9784083  -0.28949535  1.0597804   0.61102104  1.258081
   1.8219545   1.2857878  -0.93013144 -0.6568586  -1.2604288  -3.0747242
  -0.46404576 -0.02248284 -0.9557452   0.5017619   1.2185262  -0.33821315]], shape=(1, 18), dtype=float32)"
279,[12 2 4 3 0 0 0 4 0 5 0 5 0 0 3 4 0 0 0 0 0 30 0 0 0],"tf.Tensor([ 1.2299337   1.6244466  -0.22264276  1.1765863   1.4921095   2.        ], shape=(6,), dtype=float32)",0.2,[12 3 4 3 4 5 0 0 0 3 0 0 0 0 3 4 0 0 0 0 0 30 0 0 0],False,"tf.Tensor(
[[ 1.2299337   1.6244466  -0.22264276  1.1765863   1.4921095   0.8624243
   1.1110257   1.6072869  -0.06216156 -0.85979223 -0.6671359  -1.6901772
   0.75031704  0.81501174 -0.1544721   0.72753376  1.575701   -0.39824826]], shape=(1, 18), dtype=float32)"
280,[12 3 4 3 4 5 0 0 0 3 0 0 0 0 3 4 0 0 0 0 0 30 0 0 0],"tf.Tensor([ 0.584722   2.0606136 -0.660769   1.1069155  1.2785892  2.       ], shape=(6,), dtype=float32)",0.0,[13 1 0 0 0 0 0 2 4 2 3 6 0 0 3 4 0 0 0 0 0 30 0 0 0],False,"tf.Tensor(
[[ 0.584722    2.0606136  -0.660769    1.1069155   1.2785892   0.6209106
   1.1081225   2.3961737  -1.3153856  -0.82511926 -1.0178214  -2.33214
   0.7773521   0.793101   -0.8183754   0.59860575  1.8036032  -0.8994997 ]], shape=(1, 18), dtype=float32)"
281,[13 1 0 0 0 0 0 2 4 2 3 6 0 0 3 4 0 0 0 0 0 30 0 0 0],"tf.Tensor([ 1.1887836   2.3499184  -0.26275015  1.2925726   1.7580197  11.        ], shape=(6,), dtype=float32)",0.4,[13 2 2 2 6 3 0 0 0 4 0 0 0 0 3 4 0 0 0 0 0 30 0 0 0],False,"tf.Tensor(
[[ 1.1887836   2.3499184  -0.26275015  1.2925726   1.7580197   1.0260507
   1.1709025   1.6403204  -0.3998208  -0.98056054 -0.92923146 -2.460901
   0.67192036  1.0494912  -0.25918528  0.5186323   1.7729278  -0.59878653]], shape=(1, 18), dtype=float32)"
282,[13 2 2 2 6 3 0 0 0 4 0 0 0 0 3 4 0 0 0 0 0 30 0 0 0],"tf.Tensor([ 0.7263153  2.1122544 -0.3907529  1.0587106  1.1303593  2.       ], shape=(6,), dtype=float32)",0.0,[13 3 2 2 6 3 0 0 0 1 0 0 0 0 3 4 0 0 0 0 0 30 0 0 0],False,"tf.Tensor(
[[ 0.7263153   2.1122544  -0.3907529   1.0587106   1.1303593   0.45425302
   0.89726746  2.5368135  -1.0195341  -0.60998917 -0.9241894  -2.1432004
   0.7351166   0.9022733  -0.6847006   0.44471288  1.6819125  -0.8203321 ]], shape=(1, 18), dtype=float32)"
283,[13 3 2 2 6 3 0 0 0 1 0 0 0 0 3 4 0 0 0 0 0 30 0 0 0],"tf.Tensor([ 0.7645795  1.9909006 -0.5472358  1.1312836  1.5343434  2.       ], shape=(6,), dtype=float32)",0.0,[14 1 0 0 0 0 0 2 2 5 6 3 0 0 3 4 0 0 0 0 0 30 0 0 0],True,"tf.Tensor(
[[ 0.7645795   1.9909006  -0.5472358   1.1312836   1.5343434   0.44743803
   1.1340401   2.667223   -1.4865439  -0.853726   -1.1944422  -2.1063254
   0.92526203  1.0349617  -0.91104275  0.4246899   1.8142388  -0.8217841 ]], shape=(1, 18), dtype=float32)"
284,[1 1 0 0 0 0 0 1 6 6 6 3 0 0 0 0 0 0 0 0 0 0 0 0 0],"tf.Tensor([ 1.553989   1.251996   1.5127311  1.0040956  1.3331046 10.       ], shape=(6,), dtype=float32)",0.5,[1 2 1 6 6 6 3 0 0 0 0 0 0 0 0 0 0 0 0 0 0 0 0 0 0],False,"tf.Tensor(
[[ 1.553989    1.251996    1.5127311   1.0040956   1.3331046  -0.01922101
   0.6105652   0.24729256  1.0673072   0.02771345  0.98198295 -0.01415758
   1.604944    1.0381825   0.77579653  1.6873897   0.9992857   0.02040405]], shape=(1, 18), dtype=float32)"
285,[1 2 1 6 6 6 3 0 0 0 0 0 0 0 0 0 0 0 0 0 0 0 0 0 0],"tf.Tensor([ 2.0235052  1.1853067  1.631861   1.4689525  1.205791  10.       ], shape=(6,), dtype=float32)",0.0,[1 3 1 6 6 6 3 0 0 0 0 0 0 0 0 0 0 0 0 0 0 0 0 0 0],False,"tf.Tensor(
[[ 2.0235052   1.1853067   1.631861    1.4689525   1.205791    0.06833538
   0.47135067  1.1207854   1.701215   -0.10388243  0.7300301  -0.17538796
   1.2067854  -0.59078026  1.31029     1.963715    0.84872025  0.613439  ]], shape=(1, 18), dtype=float32)"
286,[1 3 1 6 6 6 3 0 0 0 0 0 0 0 0 0 0 0 0 0 0 0 0 0 0],"tf.Tensor([ 2.0780356  1.1631434  1.6868193  1.4706427  1.2635882 10.       ], shape=(6,), dtype=float32)",0.0,[2 1 0 0 0 0 0 1 6 6 6 3 0 0 0 0 0 0 0 0 0 0 0 0 0],False,"tf.Tensor(
[[ 2.0780356   1.1631434   1.6868193   1.4706427   1.2635882   0.09776759
   0.47634724  1.1081315   1.7409694  -0.08851235  0.778715   -0.261751
   1.2968578  -0.57295316  1.3487873   1.9839759   0.8413788   0.6361604 ]], shape=(1, 18), dtype=float32)"
287,[2 1 0 0 0 0 0 1 6 6 6 3 0 0 0 0 0 0 0 0 0 0 0 0 0],[1 1 0 0 0 8],0.2,[2 2 1 2 0 0 0 0 0 4 4 2 0 0 0 0 0 0 0 0 0 0 0 0 0],False,"tf.Tensor(
[[ 1.666565    1.3340018   1.542429    1.0503366   1.3947715   0.01312681
   0.7457583   0.26902986  1.1811948   0.00717565  0.9362404   0.02490353
   1.6305954   1.161112    0.82224274  1.760422    1.1653574  -0.01615841]], shape=(1, 18), dtype=float32)"
288,[2 2 1 2 0 0 0 0 0 4 4 2 0 0 0 0 0 0 0 0 0 0 0 0 0],"tf.Tensor([ 1.1849287   0.8879768   0.92856216  0.6608471   1.0132791  10.        ], shape=(6,), dtype=float32)",0.2,[2 3 1 2 4 2 0 0 0 0 2 0 0 0 0 0 0 0 0 0 0 0 0 0 0],False,"tf.Tensor(
[[ 1.1849287   0.8879768   0.92856216  0.6608471   1.0132791   0.18733583
   0.6607361   0.18889613  0.96886945 -0.02422944  0.5452896   0.06804544
   1.0778489   0.8443345   0.52178097  1.0954878   0.9736779  -0.04756085]], shape=(1, 18), dtype=float32)"
289,[2 3 1 2 4 2 0 0 0 0 2 0 0 0 0 0 0 0 0 0 0 0 0 0 0],"tf.Tensor([ 1.1517484   0.53311205  0.9818666   0.999117    0.5277082  10.        ], shape=(6,), dtype=float32)",0.0,[3 1 0 0 0 0 0 1 2 6 4 3 0 0 0 0 0 0 0 0 0 0 0 0 0],False,"tf.Tensor(
[[ 1.1517484   0.53311205  0.9818666   0.999117    0.5277082  -0.0872464
   0.10848005  0.6987113   0.70374256 -0.0132908   0.66549253 -0.09118962
   0.7495885  -0.4409943   0.81422496  1.1962091   0.31323466  0.4931214 ]], shape=(1, 18), dtype=float32)"
290,[3 1 0 0 0 0 0 1 2 6 4 3 0 0 0 0 0 0 0 0 0 0 0 0 0],"tf.Tensor([ 1.577566   1.0895251  1.1798508  0.8505506  1.1776402 10.       ], shape=(6,), dtype=float32)",0.4,[3 2 3 4 6 5 0 0 0 0 2 0 0 0 0 0 0 0 0 0 0 0 0 0 0],False,"tf.Tensor(
[[ 1.577566    1.0895251   1.1798508   0.8505506   1.1776402   0.33368987
   0.8256522   0.3586902   1.2423701  -0.06093651  0.58406734  0.14464885
   1.3067913   1.085699    0.6689012   1.3369118   1.2160959  -0.00455435]], shape=(1, 18), dtype=float32)"
291,[3 2 3 4 6 5 0 0 0 0 2 0 0 0 0 0 0 0 0 0 0 0 0 0 0],"tf.Tensor([ 1.7812057   0.99951535  1.4997504   1.5166975   1.0582106  10.        ], shape=(6,), dtype=float32)",0.1,[3 3 3 4 6 5 2 0 0 0 0 0 0 0 0 0 0 0 0 0 0 0 0 0 0],False,"tf.Tensor(
[[ 1.7812057   0.99951535  1.4997504   1.5166975   1.0582106  -0.18656686
   0.50114256  1.1084467   1.2945077  -0.13438244  0.83221936  0.11237958
   1.14881    -0.67493665  1.2851789   2.0418417   0.72738534  0.63931674]], shape=(1, 18), dtype=float32)"
292,[3 3 3 4 6 5 2 0 0 0 0 0 0 0 0 0 0 0 0 0 0 0 0 0 0],[ 0  1  1  0  0 10],60.0,[4 1 0 0 0 0 0 3 4 6 6 5 0 0 0 0 0 0 0 0 0 0 30 0 0],False,"tf.Tensor(
[[ 1.9738079   1.1585997   1.6170101   1.4717894   1.2986867  -0.0469318
   0.5019236   1.0983516   1.5847778  -0.07860672  0.8748562  -0.06421588
   1.3688251  -0.46844745  1.3155307   1.9766237   0.81551284  0.6252416 ]], shape=(1, 18), dtype=float32)"
293,[4 1 0 0 0 0 0 3 4 6 6 5 0 0 0 0 0 0 0 0 0 0 30 0 0],"tf.Tensor([ 2.0990443   0.8276265   1.7478187   1.4639349   0.35865203 11.        ], shape=(6,), dtype=float32)",0.30000000000000004,[4 2 3 5 5 0 0 0 6 0 0 3 0 0 0 0 0 0 0 0 0 0 30 0 0],False,"tf.Tensor(
[[ 2.0990443   0.8276265   1.7478187   1.4639349   0.35865203  0.12386608
   0.85611373  1.1448132   1.712609    0.38694927  0.6088429  -0.42758015
   0.8041749  -0.7356702   2.2212405   1.2664863   2.2633858  -0.295832  ]], shape=(1, 18), dtype=float32)"
294,[4 2 3 5 5 0 0 0 6 0 0 3 0 0 0 0 0 0 0 0 0 0 30 0 0],"tf.Tensor([1.824676  1.8472967 1.5632465 1.4386382 0.8167593 9.       ], shape=(6,), dtype=float32)",0.1,[4 3 3 5 5 6 0 0 0 0 0 5 0 0 0 0 0 0 0 0 0 0 30 0 0],False,"tf.Tensor(
[[ 1.824676    1.8472967   1.5632465   1.4386382   0.8167593  -0.02112299
   0.72221965  1.5699117   1.7712412   0.25557935  0.4359429  -0.6563141
   0.8313581  -0.4213485   2.0783756   1.9268684   1.7760987  -0.41969338]], shape=(1, 18), dtype=float32)"
295,[4 3 3 5 5 6 0 0 0 0 0 5 0 0 0 0 0 0 0 0 0 0 30 0 0],"tf.Tensor([ 1.4887575  1.5138158  1.4218664  1.1149383  0.8457831 11.       ], shape=(6,), dtype=float32)",0.0,[5 1 0 0 0 0 0 3 1 5 5 6 0 0 0 0 0 0 0 0 0 0 30 0 0],False,"tf.Tensor(
[[ 1.4887575   1.5138158   1.4218664   1.1149383   0.8457831  -0.02150676
   0.443347    1.4159273   1.3891559   0.05947564  0.3621625  -0.48347262
   0.9874789  -0.53090954  1.8092239   1.2832763   1.8173501  -0.49043998]], shape=(1, 18), dtype=float32)"
296,[5 1 0 0 0 0 0 3 1 5 5 6 0 0 0 0 0 0 0 0 0 0 30 0 0],"tf.Tensor([ 1.945986    0.70369387  1.4960386   1.2626263   0.521      11.        ], shape=(6,), dtype=float32)",0.30000000000000004,[5 2 5 2 5 0 0 0 1 0 0 4 0 0 0 0 0 0 0 0 0 0 30 0 0],False,"tf.Tensor(
[[ 1.945986    0.70369387  1.4960386   1.2626263   0.521       0.20862779
   0.8899761   1.0161793   1.5968571   0.25694042  0.4965601  -0.500103
   0.80282366 -0.6627537   1.9632457   1.1053594   2.2095187  -0.33334145]], shape=(1, 18), dtype=float32)"
297,[5 2 5 2 5 0 0 0 1 0 0 4 0 0 0 0 0 0 0 0 0 0 30 0 0],"tf.Tensor([ 1.844637    1.3224524   1.2813978   1.2614712   0.78224367 11.        ], shape=(6,), dtype=float32)",0.1,[5 3 5 2 5 1 0 0 0 0 0 2 0 0 0 0 0 0 0 0 0 0 30 0 0],False,"tf.Tensor(
[[ 1.844637    1.3224524   1.2813978   1.2614712   0.78224367  0.2828061
   0.78011227  1.2526814   1.6275218  -0.03578021  0.44315645 -0.53294426
   0.82683015 -0.48540848  1.7836175   1.5749763   1.9345165  -0.27775273]], shape=(1, 18), dtype=float32)"
298,[5 3 5 2 5 1 0 0 0 0 0 2 0 0 0 0 0 0 0 0 0 0 30 0 0],"tf.Tensor([ 1.8577523   1.5159777   1.2124901   1.197135    0.99989563 11.        ], shape=(6,), dtype=float32)",0.0,[6 1 0 0 0 0 0 5 6 2 5 5 0 0 0 0 0 0 0 0 0 0 30 0 0],False,"tf.Tensor(
[[ 1.8577523   1.5159777   1.2124901   1.197135    0.99989563  0.34380877
   0.659834    1.3635328   1.6262512  -0.16330512  0.3765886  -0.54419583
   0.98335767 -0.45156354  1.7698485   1.4946405   2.0921926  -0.3333808 ]], shape=(1, 18), dtype=float32)"
299,[6 1 0 0 0 0 0 5 6 2 5 5 0 0 0 0 0 0 0 0 0 0 30 0 0],[0 0 0 0 0 0],0.0,[6 2 0 0 0 0 0 5 2 5 1 1 0 0 0 0 0 0 0 0 0 0 30 0 0],False,"tf.Tensor(
[[ 2.3242977   0.82639164  1.5153329   1.5392777   0.6244922   0.29712802
   1.0271411   1.2345778   1.728301    0.03745029  0.7125441  -0.6275457
   0.98427296 -0.77780443  2.2142923   1.5099741   2.537707   -0.30084467]], shape=(1, 18), dtype=float32)"
300,[6 2 0 0 0 0 0 5 2 5 1 1 0 0 0 0 0 0 0 0 0 0 30 0 0],"tf.Tensor([ 1.9384736  1.2568631  1.2002796  1.3091618  0.8853178 11.       ], shape=(6,), dtype=float32)",0.4,[6 3 5 2 5 1 0 0 0 0 0 1 0 0 0 0 0 0 0 0 0 0 30 0 0],False,"tf.Tensor(
[[ 1.9384736   1.2568631   1.2002796   1.3091618   0.8853178   0.272898
   0.5495299   1.5488572   1.3789434  -0.19713749  0.5240086  -0.68341875
   1.1188923  -0.6346213   1.8179911   1.3065194   2.4754863  -0.5144058 ]], shape=(1, 18), dtype=float32)"
301,[6 3 5 2 5 1 0 0 0 0 0 1 0 0 0 0 0 0 0 0 0 0 30 0 0],"tf.Tensor([ 1.9085106  1.6816254  1.1135709  1.1742871  1.1251879 11.       ], shape=(6,), dtype=float32)",0.0,[7 1 0 0 0 0 0 5 5 1 6 4 0 0 0 0 0 0 0 0 0 0 30 0 0],False,"tf.Tensor(
[[ 1.9085106   1.6816254   1.1135709   1.1742871   1.1251879   0.4250293
   0.59704995  1.4248976   1.669323   -0.20822151  0.31163082 -0.57625216
   1.0234042  -0.3715828   1.7545383   1.4890214   2.1700509  -0.33218566]], shape=(1, 18), dtype=float32)"
302,[7 1 0 0 0 0 0 5 5 1 6 4 0 0 0 0 0 0 0 0 0 0 30 0 0],[1 1 0 0 0 7],0.2,[7 2 6 2 0 0 0 0 0 1 3 2 0 0 0 0 0 0 0 0 0 0 30 0 0],False,"tf.Tensor(
[[ 2.345993    0.9242694   1.364044    1.5117117   0.895763    0.46158257
   1.0803776   1.0734664   1.8289547  -0.06185812  0.5922621  -0.68991584
   1.0448083  -0.6523874   2.1171432   1.4668286   2.7178798  -0.31778002]], shape=(1, 18), dtype=float32)"
303,[7 2 6 2 0 0 0 0 0 1 3 2 0 0 0 0 0 0 0 0 0 0 30 0 0],"tf.Tensor([ 2.0697773  1.1032215  1.1008427  1.266959   0.6771552 11.       ], shape=(6,), dtype=float32)",0.2,[7 3 6 2 1 3 0 0 0 0 0 1 0 0 0 0 0 0 0 0 0 0 30 0 0],False,"tf.Tensor(
[[ 2.0697773   1.1032215   1.1008427   1.266959    0.6771552   0.5702038
   0.9900185   1.1014      1.7541223  -0.04605364  0.37107405 -0.5857866
   0.6877481  -0.43799323  1.7000982   1.4977027   2.1373749  -0.15002051]], shape=(1, 18), dtype=float32)"
304,[7 3 6 2 1 3 0 0 0 0 0 1 0 0 0 0 0 0 0 0 0 0 30 0 0],"tf.Tensor([ 1.9823287  1.3555595  1.1880388  1.2190664  1.1349514 11.       ], shape=(6,), dtype=float32)",0.0,[8 1 0 0 0 0 0 6 2 4 2 2 0 0 0 0 0 0 0 0 0 0 30 0 0],False,"tf.Tensor(
[[ 1.9823287   1.3555595   1.1880388   1.2190664   1.1349514   0.49962425
   0.77106047  1.3110412   1.6640894  -0.34689248  0.45283633 -0.582614
   1.1327182  -0.51402366  1.7700953   1.5146471   2.3498464  -0.34407327]], shape=(1, 18), dtype=float32)"
305,[8 1 0 0 0 0 0 6 2 4 2 2 0 0 0 0 0 0 0 0 0 0 30 0 0],"tf.Tensor([ 2.175564   1.2503788  1.2125436  1.4242942  1.0096362 11.       ], shape=(6,), dtype=float32)",0.5,[8 2 2 1 2 5 1 0 0 0 0 0 0 0 0 0 0 0 0 0 0 0 30 0 0],False,"tf.Tensor(
[[ 2.175564    1.2503788   1.2125436   1.4242942   1.0096362   0.4209635
   0.72254527  1.3102952   1.602279   -0.2056938   0.5392241  -0.68972623
   1.1800324  -0.5502282   1.9084406   1.3190666   2.6888747  -0.40610728]], shape=(1, 18), dtype=float32)"
306,[8 2 2 1 2 5 1 0 0 0 0 0 0 0 0 0 0 0 0 0 0 0 30 0 0],"tf.Tensor([ 1.7225467  1.4382013  1.0296378  1.1147633  1.273272  11.       ], shape=(6,), dtype=float32)",0.0,[8 3 2 1 2 5 1 0 0 0 0 0 0 0 0 0 0 0 0 0 0 0 30 0 0],False,"tf.Tensor(
[[ 1.7225467   1.4382013   1.0296378   1.1147633   1.273272    0.37846226
   0.54058015  1.2920487   1.4726868  -0.33517855  0.39853436 -0.64244586
   1.1883557  -0.49081755  1.6685566   1.3702742   2.224089   -0.3994752 ]], shape=(1, 18), dtype=float32)"
307,[8 3 2 1 2 5 1 0 0 0 0 0 0 0 0 0 0 0 0 0 0 0 30 0 0],"tf.Tensor([ 1.7757101  1.5089976  1.0198135  1.1433929  1.3502839 11.       ], shape=(6,), dtype=float32)",0.0,[9 1 0 0 0 0 0 2 1 2 5 1 0 0 0 0 0 0 0 0 0 0 30 0 0],False,"tf.Tensor(
[[ 1.7757101   1.5089976   1.0198135   1.1433929   1.3502839   0.43445215
   0.5209105   1.3025274   1.5012431  -0.34964532  0.37551272 -0.6641796
   1.2570591  -0.44448015  1.697058    1.3611997   2.3484592  -0.4137841 ]], shape=(1, 18), dtype=float32)"
308,[9 1 0 0 0 0 0 2 1 2 5 1 0 0 0 0 0 0 0 0 0 0 30 0 0],"tf.Tensor([ 2.0524564  1.2746898  0.8742994  1.2827482  1.1179104 11.       ], shape=(6,), dtype=float32)",0.4,[9 2 5 2 5 6 0 0 0 6 0 0 0 0 0 0 0 0 0 0 0 0 30 0 0],False,"tf.Tensor(
[[ 2.0524564   1.2746898   0.8742994   1.2827482   1.1179104   0.64720523
   0.78233063  0.99061805  1.6683228  -0.12760971  0.27192676 -0.73197985
   0.97564524 -0.27873665  1.6545337   1.2293025   2.574223   -0.2894772 ]], shape=(1, 18), dtype=float32)"
309,[9 2 5 2 5 6 0 0 0 6 0 0 0 0 0 0 0 0 0 0 0 0 30 0 0],"tf.Tensor([ 1.808513   1.9120605  1.2598113  1.1726056  1.1639743 11.       ], shape=(6,), dtype=float32)",0.1,[9 3 5 2 5 6 6 0 0 0 0 0 0 0 0 0 0 0 0 0 0 0 30 0 0],False,"tf.Tensor(
[[ 1.808513    1.9120605   1.2598113   1.1726056   1.1639743   0.26473087
   0.38147306  1.4202235   1.7373576   0.05757643  0.20631659 -0.62575924
   1.1083251  -0.35759175  1.9215511   1.2408935   2.176833   -0.3684146 ]], shape=(1, 18), dtype=float32)"
310,[9 3 5 2 5 6 6 0 0 0 0 0 0 0 0 0 0 0 0 0 0 0 30 0 0],"tf.Tensor([1.6645972 1.5820923 1.1471674 1.0504646 1.3029252 3.       ], shape=(6,), dtype=float32)",0.0,[10 1 0 0 0 0 0 5 2 2 5 6 0 0 0 0 0 0 0 0 0 0 30 0 0],False,"tf.Tensor(
[[ 1.6645972   1.5820923   1.1471674   1.0504646   1.3029252   0.45576325
   0.61247176  0.9612885   2.1101036  -0.12935703  0.25059605 -0.76776725
   0.75144815 -0.3105914   1.7150369   1.2963158   1.9005934  -0.07384565]], shape=(1, 18), dtype=float32)"
311,[10 1 0 0 0 0 0 5 2 2 5 6 0 0 0 0 0 0 0 0 0 0 30 0 0],"tf.Tensor([ 2.4102192  1.0789675  1.2430522  1.3914927  1.1956648 11.       ], shape=(6,), dtype=float32)",0.5,[10 2 4 2 2 3 4 0 0 0 0 0 0 0 0 0 0 0 0 0 0 0 30 0 0],False,"tf.Tensor(
[[ 2.4102192   1.0789675   1.2430522   1.3914927   1.1956648   0.62144077
   1.0899115   0.8779602   1.9487913  -0.10990937  0.47889483 -0.59988886
   1.1300273  -0.337049    1.9954969   1.2608075   2.8537736  -0.32679597]], shape=(1, 18), dtype=float32)"
312,[10 2 4 2 2 3 4 0 0 0 0 0 0 0 0 0 0 0 0 0 0 0 30 0 0],"tf.Tensor([ 1.8167824   1.712113    0.90175116  1.0616419   1.4283361  11.        ], shape=(6,), dtype=float32)",0.0,[10 3 4 2 2 3 4 0 0 0 0 0 0 0 0 0 0 0 0 0 0 0 30 0 0],False,"tf.Tensor(
[[ 1.8167824   1.712113    0.90175116  1.0616419   1.4283361   0.57182586
   0.65136087  1.1767246   1.7965267  -0.22045629  0.18387324 -0.7264761
   1.0923222  -0.27185503  1.655358    1.4265475   2.1779113  -0.27385834]], shape=(1, 18), dtype=float32)"
313,[10 3 4 2 2 3 4 0 0 0 0 0 0 0 0 0 0 0 0 0 0 0 30 0 0],[ 0  0  0  1  1 12],30.0,[11 1 0 0 0 0 0 4 2 2 3 4 0 0 0 0 0 0 0 0 0 0 30 0 15],False,"tf.Tensor(
[[ 1.8829671   1.7386333   0.9102391   1.1144855   1.4576843   0.60473585
   0.65286976  1.1865617   1.810082   -0.24845521  0.20760989 -0.730758
   1.1411322  -0.26077738  1.6838235   1.4477446   2.2796333  -0.2726323 ]], shape=(1, 18), dtype=float32)"
314,[11 1 0 0 0 0 0 4 2 2 3 4 0 0 0 0 0 0 0 0 0 0 30 0 15],"tf.Tensor([2.8562155 2.368493  3.1966956 1.3396773 0.6874779 9.       ], shape=(6,), dtype=float32)",0.4,[11 2 2 6 3 1 0 0 0 0 0 1 0 0 0 0 0 0 0 0 0 0 30 0 15],False,"tf.Tensor(
[[ 2.8562155   2.368493    3.1966956   1.3396773   0.6874779   0.19710001
   1.3588192   1.837137    3.2533617   1.1439223   0.12622082 -0.7625716
   1.4889977  -0.2432993   3.3146029   1.3048316   2.6303694  -0.5787533 ]], shape=(1, 18), dtype=float32)"
315,[11 2 2 6 3 1 0 0 0 0 0 1 0 0 0 0 0 0 0 0 0 0 30 0 15],"tf.Tensor([2.4522464 2.5592248 2.9852464 1.6057351 1.0241059 3.       ], shape=(6,), dtype=float32)",0.1,[11 3 2 6 3 1 1 0 0 0 0 0 0 0 0 0 0 0 0 0 0 0 30 0 15],False,"tf.Tensor(
[[ 2.4522464   2.5592248   2.9852464   1.6057351   1.0241059  -0.1669937
   1.5329342   1.7710775   3.624057    1.7476501  -0.24032953 -1.8131169
   1.2908345  -0.85972494  3.5039885   1.8069324   2.1186335  -0.3892386 ]], shape=(1, 18), dtype=float32)"
316,[11 3 2 6 3 1 1 0 0 0 0 0 0 0 0 0 0 0 0 0 0 0 30 0 15],"tf.Tensor([2.4885836 2.6328514 2.9325771 1.5761583 1.1712122 3.       ], shape=(6,), dtype=float32)",0.0,[12 1 0 0 0 0 0 2 6 3 1 4 0 0 0 0 0 0 0 0 0 0 30 0 15],False,"tf.Tensor(
[[ 2.4885836   2.6328514   2.9325771   1.5761583   1.1712122  -0.09457293
   1.566792    1.7784504   3.7099125   1.743278   -0.29577777 -1.9491487
   1.3834579  -0.8406548   3.5309093   1.8380336   2.1437712  -0.35437292]], shape=(1, 18), dtype=float32)"
317,[12 1 0 0 0 0 0 2 6 3 1 4 0 0 0 0 0 0 0 0 0 0 30 0 15],"tf.Tensor([2.781123  2.5286405 3.0659814 1.5801028 0.5461678 9.       ], shape=(6,), dtype=float32)",0.4,[12 2 4 6 5 1 0 0 0 0 0 3 0 0 0 0 0 0 0 0 0 0 30 0 15],False,"tf.Tensor(
[[ 2.781123    2.5286405   3.0659814   1.5801028   0.5461678  -0.03005996
   1.2025592   1.9515179   3.1439488   1.3172917   0.17795426 -0.9327216
   1.3210597  -0.35798904  3.399104    1.5179266   2.4538314  -0.5203298 ]], shape=(1, 18), dtype=float32)"
318,[12 2 4 6 5 1 0 0 0 0 0 3 0 0 0 0 0 0 0 0 0 0 30 0 15],"tf.Tensor([2.7493405 2.7106102 3.2255113 1.8699987 1.080152  3.       ], shape=(6,), dtype=float32)",0.1,[12 3 4 6 5 1 3 0 0 0 0 0 0 0 0 0 0 0 0 0 0 0 30 0 15],False,"tf.Tensor(
[[ 2.7493405   2.7106102   3.2255113   1.8699987   1.080152   -0.15368333
   1.7205018   1.6518698   3.8629985   1.7156924   0.04901257 -1.617537
   1.4218531  -0.6867221   3.6299386   2.0590837   2.2766333  -0.29408735]], shape=(1, 18), dtype=float32)"
319,[12 3 4 6 5 1 3 0 0 0 0 0 0 0 0 0 0 0 0 0 0 0 30 0 15],[1 0 1 0 0 7],0.0,[13 1 0 0 0 0 0 4 6 5 1 2 0 0 0 0 0 0 0 0 0 0 30 0 15],False,"tf.Tensor(
[[ 2.8148525   2.8997998   3.0054398   1.8265003   1.4538782   0.0863432
   1.7843353   1.616959    4.0189347   1.6998355  -0.1447964  -2.0314934
   1.644051   -0.60374314  3.678035    2.2355924   2.2397368  -0.11007661]], shape=(1, 18), dtype=float32)"
320,[13 1 0 0 0 0 0 4 6 5 1 2 0 0 0 0 0 0 0 0 0 0 30 0 15],"tf.Tensor([3.033789  2.8581247 2.9832551 1.6848817 0.758713  9.       ], shape=(6,), dtype=float32)",0.4,[13 2 4 6 3 3 0 0 0 0 0 5 0 0 0 0 0 0 0 0 0 0 30 0 15],False,"tf.Tensor(
[[ 3.033789    2.8581247   2.9832551   1.6848817   0.758713    0.17539516
   1.1167744   2.10993     3.1478097   1.1850387   0.13632214 -0.98474
   1.6114515  -0.14475405  3.5189726   1.6418054   2.728059   -0.44476765]], shape=(1, 18), dtype=float32)"
321,[13 2 4 6 3 3 0 0 0 0 0 5 0 0 0 0 0 0 0 0 0 0 30 0 15],"tf.Tensor([2.7700632 2.5702183 3.4156072 1.9028566 0.8440889 3.       ], shape=(6,), dtype=float32)",0.0,[13 3 4 6 3 3 0 0 0 0 0 2 0 0 0 0 0 0 0 0 0 0 30 0 15],False,"tf.Tensor(
[[ 2.7700632   2.5702183   3.4156072   1.9028566   0.8440889  -0.2533134
   1.4835986   1.6906106   3.6480408   1.606915    0.2108154  -1.1952178
   1.3982497  -0.75588703  3.6103172   1.8128135   2.3898594  -0.3560136 ]], shape=(1, 18), dtype=float32)"
322,[13 3 4 6 3 3 0 0 0 0 0 2 0 0 0 0 0 0 0 0 0 0 30 0 15],"tf.Tensor([2.7668922 2.6563659 3.157304  1.7705438 1.0189033 3.       ], shape=(6,), dtype=float32)",8.0,[14 1 0 0 0 0 0 4 6 3 3 2 0 0 0 4 0 0 0 0 0 0 30 0 15],True,"tf.Tensor(
[[ 2.7668922   2.6563659   3.157304    1.7705438   1.0189033  -0.09856436
   1.6179655   1.7472562   3.8593476   1.6882871  -0.080807   -1.6460036
   1.3756219  -0.8568833   3.6730242   1.8578864   2.3632631  -0.2975031 ]], shape=(1, 18), dtype=float32)"
323,[1 1 0 0 0 0 0 4 5 2 4 2 0 0 0 0 0 0 0 0 0 0 0 0 0],"tf.Tensor([1.0970207  0.9806031  0.8995491  0.77297664 1.0944395  3.        ], shape=(6,), dtype=float32)",0.30000000000000004,[1 2 4 5 2 0 0 0 0 1 4 0 0 0 0 0 0 0 0 0 0 0 0 0 0],False,"tf.Tensor(
[[ 1.0970207   0.9806031   0.8995491   0.77297664  1.0944395   0.27804467
   0.34930965  0.27915454  1.0959529  -0.05974004  0.47790322 -0.22950193
   1.0598204   0.33441103  0.65594536  0.9159277   0.74628615  0.22274126]], shape=(1, 18), dtype=float32)"
324,[1 2 4 5 2 0 0 0 0 1 4 0 0 0 0 0 0 0 0 0 0 0 0 0 0],[0 1 1 1 1 2],0.2,[1 3 4 5 2 1 4 0 0 0 0 0 0 0 0 0 0 0 0 0 0 0 0 0 0],False,"tf.Tensor(
[[ 1.2408785   1.2840724   0.9449509   0.74133736  1.1767037  -0.07219353
   0.17720175  0.38924754  1.137427    0.23128015  0.45921597  0.00439358
   0.9314159   0.46504647  0.7343463   1.1653094   0.78171426  0.10614984]], shape=(1, 18), dtype=float32)"
325,[1 3 4 5 2 1 4 0 0 0 0 0 0 0 0 0 0 0 0 0 0 0 0 0 0],"tf.Tensor([1.4126755 1.0968746 1.1857843 1.0735544 1.3624796 3.       ], shape=(6,), dtype=float32)",16.0,[2 1 0 0 0 0 0 4 5 2 4 2 0 0 0 8 0 0 0 0 0 0 0 0 0],False,"tf.Tensor(
[[ 1.4126755   1.0968746   1.1857843   1.0735544   1.3624796   0.24634427
   0.36692765  0.4181742   1.4269288   0.05370769  0.5582668  -0.44620353
   1.3591553   0.07488213  1.0298866   1.3821402   0.69738907  0.4642323 ]], shape=(1, 18), dtype=float32)"
326,[2 1 0 0 0 0 0 4 5 2 4 2 0 0 0 8 0 0 0 0 0 0 0 0 0],"tf.Tensor([0.8829086  1.2992682  0.49268675 1.0351056  0.874615   7.        ], shape=(6,), dtype=float32)",0.2,[2 2 4 1 0 0 0 3 0 2 0 4 0 0 0 8 0 0 0 0 0 0 0 0 0],False,"tf.Tensor(
[[ 0.8829086   1.2992682   0.49268675  1.0351056   0.874615    0.12611118
  -0.58851826  0.89217466  0.52941203 -0.13521306  0.20018105 -1.0284625
   1.0220424  -0.11982077  0.7834034   0.95094734  0.7418187   0.14238685]], shape=(1, 18), dtype=float32)"
327,[2 2 4 1 0 0 0 3 0 2 0 4 0 0 0 8 0 0 0 0 0 0 0 0 0],"tf.Tensor([0.6698787  1.0242275  0.30271977 0.65049547 0.87162286 7.        ], shape=(6,), dtype=float32)",0.0,[2 3 4 1 0 0 0 3 0 5 0 4 0 0 0 8 0 0 0 0 0 0 0 0 0],False,"tf.Tensor(
[[ 0.6698787   1.0242275   0.30271977  0.65049547  0.87162286  0.09113063
  -0.43300053  0.7504779   0.2439053  -0.1361752   0.29156896 -0.3596868
   0.90003425  0.09932292  0.5987551   0.5320321   0.8858127  -0.10182562]], shape=(1, 18), dtype=float32)"
328,[2 3 4 1 0 0 0 3 0 5 0 4 0 0 0 8 0 0 0 0 0 0 0 0 0],[1 0 0 1 1 9],0.0,[3 1 0 0 0 0 0 2 4 1 1 1 0 0 0 8 0 0 0 0 0 0 0 0 0],False,"tf.Tensor(
[[ 0.78381395  1.0243057   0.4445184   0.5246245   0.7975008   0.21395159
  -0.09334451  0.6686991   0.6005442  -0.04411583  0.09620358 -0.20071031
   0.949599    0.09634091  0.8765992   0.30099198  1.1573516  -0.11404389]], shape=(1, 18), dtype=float32)"
329,[3 1 0 0 0 0 0 2 4 1 1 1 0 0 0 8 0 0 0 0 0 0 0 0 0],"tf.Tensor([0.66261244 1.1819004  0.09438094 0.8965806  0.49872047 2.        ], shape=(6,), dtype=float32)",0.1,[3 2 1 0 0 0 0 5 0 2 6 6 0 0 0 8 0 0 0 0 0 0 0 0 0],False,"tf.Tensor(
[[ 0.66261244  1.1819004   0.09438094  0.8965806   0.49872047  0.00610038
  -0.8661382   0.95513695  0.00726148 -0.16831702  0.11939412 -0.8070136
   0.76436836 -0.0064849   0.50169516  0.5104544   0.661914    0.11479846]], shape=(1, 18), dtype=float32)"
330,[3 2 1 0 0 0 0 5 0 2 6 6 0 0 0 8 0 0 0 0 0 0 0 0 0],"tf.Tensor([1.416996  1.1525283 1.1863364 1.0970478 1.0038651 3.       ], shape=(6,), dtype=float32)",0.4,[3 3 1 5 2 6 6 0 0 0 0 0 0 0 0 8 0 0 0 0 0 0 0 0 0],False,"tf.Tensor(
[[ 1.416996    1.1525283   1.1863364   1.0970478   1.0038651   0.11359902
   0.03047389  0.6273004   1.3402622   0.34464374  0.46522424 -0.7235181
   1.0839525  -0.11816218  1.1956531   1.1317728   0.69368476  0.39053756]], shape=(1, 18), dtype=float32)"
331,[3 3 1 5 2 6 6 0 0 0 0 0 0 0 0 8 0 0 0 0 0 0 0 0 0],"tf.Tensor([ 1.7372848  1.1377212  0.5407723  1.4829144  0.3279308 10.       ], shape=(6,), dtype=float32)",0.0,[4 1 0 0 0 0 0 6 1 5 5 4 0 0 0 8 0 0 0 0 0 0 0 0 0],False,"tf.Tensor(
[[ 1.7372848   1.1377212   0.5407723   1.4829144   0.3279308   0.564434
  -0.6307728   0.66496646  0.94257325  0.04634318  0.5326793  -0.4238374
   0.7833725  -0.11347286  0.99068666  1.2257155   0.5121807   1.100754  ]], shape=(1, 18), dtype=float32)"
332,[4 1 0 0 0 0 0 6 1 5 5 4 0 0 0 8 0 0 0 0 0 0 0 0 0],"tf.Tensor([1.280704   1.2060192  0.8540655  0.9902315  0.90204287 7.        ], shape=(6,), dtype=float32)",0.4,[4 2 4 6 2 4 0 0 0 3 0 0 0 0 0 8 0 0 0 0 0 0 0 0 0],False,"tf.Tensor(
[[ 1.280704    1.2060192   0.8540655   0.9902315   0.90204287  0.23737574
  -0.10647851  0.67222744  0.99799687  0.17891133  0.2811214  -0.5154762
   1.1593041   0.04157738  1.1242212   0.8404242   0.91132903  0.33150464]], shape=(1, 18), dtype=float32)"
333,[4 2 4 6 2 4 0 0 0 3 0 0 0 0 0 8 0 0 0 0 0 0 0 0 0],"tf.Tensor([1.2312051  0.99671555 0.46082407 0.9636032  0.74168444 2.        ], shape=(6,), dtype=float32)",0.0,[4 3 4 6 2 4 0 0 0 5 0 0 0 0 0 8 0 0 0 0 0 0 0 0 0],False,"tf.Tensor(
[[ 1.2312051   0.99671555  0.46082407  0.9636032   0.74168444  0.24595982
  -0.260431    1.0569694   0.44917282 -0.3087692   0.26380986 -0.14723256
   0.9478424  -0.12782186  0.5954839   0.90164816  0.8872621   0.3547569 ]], shape=(1, 18), dtype=float32)"
334,[4 3 4 6 2 4 0 0 0 5 0 0 0 0 0 8 0 0 0 0 0 0 0 0 0],"tf.Tensor([1.2793987  1.101747   0.48977625 0.91847867 0.8453687  2.        ], shape=(6,), dtype=float32)",0.0,[5 1 0 0 0 0 0 4 6 5 2 4 0 0 0 8 0 0 0 0 0 0 0 0 0],False,"tf.Tensor(
[[ 1.2793987   1.101747    0.48977625  0.91847867  0.8453687   0.3311801
  -0.21292853  1.0364847   0.6256594  -0.36427364  0.23248677 -0.16796649
   1.0201038  -0.06046654  0.59163433  0.84467757  0.9899596   0.29953036]], shape=(1, 18), dtype=float32)"
335,[5 1 0 0 0 0 0 4 6 5 2 4 0 0 0 8 0 0 0 0 0 0 0 0 0],"tf.Tensor([1.2902206  1.3372618  0.57278097 1.18518    0.98078114 7.        ], shape=(6,), dtype=float32)",0.4,[5 2 1 6 2 2 0 0 0 4 0 0 0 0 0 8 0 0 0 0 0 0 0 0 0],False,"tf.Tensor(
[[ 1.2902206   1.3372618   0.57278097  1.18518     0.98078114  0.32646954
  -0.35183498  1.0225891   0.6166272  -0.39684665  0.3014751  -0.56242347
   1.2586374  -0.17445776  0.9093472   1.18405     1.0263072   0.33736277]], shape=(1, 18), dtype=float32)"
336,[5 2 1 6 2 2 0 0 0 4 0 0 0 0 0 8 0 0 0 0 0 0 0 0 0],"tf.Tensor([0.98381376 0.97498083 0.21426906 0.92012876 0.65652514 2.        ], shape=(6,), dtype=float32)",0.0,[5 3 1 6 2 2 0 0 0 1 0 0 0 0 0 8 0 0 0 0 0 0 0 0 0],False,"tf.Tensor(
[[ 0.98381376  0.97498083  0.21426906  0.92012876  0.65652514  0.18456239
  -0.38453832  1.0982974   0.09664236 -0.38537505  0.17305619 -0.11624092
   0.9771744  -0.10111951  0.5226252   0.7750247   0.9073734   0.27735826]], shape=(1, 18), dtype=float32)"
337,[5 3 1 6 2 2 0 0 0 1 0 0 0 0 0 8 0 0 0 0 0 0 0 0 0],"tf.Tensor([1.147642   1.0498011  0.11347125 1.0551306  0.59643835 2.        ], shape=(6,), dtype=float32)",0.0,[6 1 0 0 0 0 0 1 6 1 2 2 0 0 0 8 0 0 0 0 0 0 0 0 0],False,"tf.Tensor(
[[ 1.147642    1.0498011   0.11347125  1.0551306   0.59643835  0.17546889
  -0.5642204   1.1630144   0.18200663 -0.1239471   0.26318532 -0.14504622
   0.8379007  -0.06205131  0.6069202   0.8340778   0.883744    0.39465588]], shape=(1, 18), dtype=float32)"
338,[6 1 0 0 0 0 0 1 6 1 2 2 0 0 0 8 0 0 0 0 0 0 0 0 0],"tf.Tensor([1.0129058  1.2332896  0.27905938 1.2881699  0.7201481  7.        ], shape=(6,), dtype=float32)",0.30000000000000004,[6 2 4 5 6 0 0 0 0 2 0 1 0 0 0 8 0 0 0 0 0 0 0 0 0],False,"tf.Tensor(
[[ 1.0129058   1.2332896   0.27905938  1.2881699   0.7201481   0.19997758
  -0.58404994  0.97779125  0.23459098 -0.18799882  0.10300535 -0.81764656
   1.1449106  -0.218346    0.8346081   1.0592853   0.8436802   0.4419291 ]], shape=(1, 18), dtype=float32)"
339,[6 2 4 5 6 0 0 0 0 2 0 1 0 0 0 8 0 0 0 0 0 0 0 0 0],"tf.Tensor([ 1.6796559   0.8485247   0.6061068   1.4649928   0.77778757 10.        ], shape=(6,), dtype=float32)",0.0,[6 3 4 5 6 0 0 0 0 3 0 1 0 0 0 8 0 0 0 0 0 0 0 0 0],False,"tf.Tensor(
[[ 1.6796559   0.8485247   0.6061068   1.4649928   0.77778757  0.43302044
  -0.16079454  0.93389595  0.61374015 -0.25832084  0.35004255 -0.10324104
   1.145284   -0.36376265  1.0156492   1.4797913   0.89070404  0.9417966 ]], shape=(1, 18), dtype=float32)"
340,[6 3 4 5 6 0 0 0 0 3 0 1 0 0 0 8 0 0 0 0 0 0 0 0 0],"tf.Tensor([ 1.6646926   0.9866661   0.60946983  1.4159539   0.8398015  10.        ], shape=(6,), dtype=float32)",0.0,[7 1 0 0 0 0 0 4 5 4 6 1 0 0 0 8 0 0 0 0 0 0 0 0 0],False,"tf.Tensor(
[[ 1.6646926   0.9866661   0.60946983  1.4159539   0.8398015   0.37443015
  -0.13567998  1.0263562   0.61515224 -0.29148743  0.3265727  -0.11051308
   1.2295215  -0.2843072   0.9787233   1.3789318   1.008292    0.82600844]], shape=(1, 18), dtype=float32)"
341,[7 1 0 0 0 0 0 4 5 4 6 1 0 0 0 8 0 0 0 0 0 0 0 0 0],"tf.Tensor([ 1.6002291   1.1613637   0.46319813  1.5755668   0.8973498  10.        ], shape=(6,), dtype=float32)",0.30000000000000004,[7 2 4 3 3 0 0 0 0 5 0 2 0 0 0 8 0 0 0 0 0 0 0 0 0],False,"tf.Tensor(
[[ 1.6002291   1.1613637   0.46319813  1.5755668   0.8973498   0.32857287
  -0.27309632  0.77919483  0.618582   -0.09238493  0.35015535 -0.38572627
   1.3155226  -0.03731587  0.92460936  1.3980739   0.8040977   0.9910633 ]], shape=(1, 18), dtype=float32)"
342,[7 2 4 3 3 0 0 0 0 5 0 2 0 0 0 8 0 0 0 0 0 0 0 0 0],"tf.Tensor([ 1.2639427   0.96166044  0.3271972   0.89239734  0.82411677 11.        ], shape=(6,), dtype=float32)",0.0,[7 3 4 3 3 0 0 0 0 6 0 3 0 0 0 8 0 0 0 0 0 0 0 0 0],False,"tf.Tensor(
[[ 1.2639427   0.96166044  0.3271972   0.89239734  0.82411677  0.47386256
   0.03950885  0.76769924  0.67966413 -0.3277257   0.09784286  0.01163542
   1.0517533   0.12944043  0.60759014  0.7705104   1.0682533   0.43181342]], shape=(1, 18), dtype=float32)"
343,[7 3 4 3 3 0 0 0 0 6 0 3 0 0 0 8 0 0 0 0 0 0 0 0 0],"tf.Tensor([ 1.3978041   1.0221438   0.46833026  0.89541584  0.8737312  11.        ], shape=(6,), dtype=float32)",0.0,[8 1 0 0 0 0 0 4 3 3 3 3 0 0 0 8 0 0 0 0 0 0 0 0 0],False,"tf.Tensor(
[[ 1.3978041   1.0221438   0.46833026  0.89541584  0.8737312   0.50451493
   0.13302374  0.82776046  0.8671955  -0.3372572   0.13855985  0.02530252
   1.0998149   0.13993788  0.6600058   0.7882352   1.1735563   0.3815612 ]], shape=(1, 18), dtype=float32)"
344,[8 1 0 0 0 0 0 4 3 3 3 3 0 0 0 8 0 0 0 0 0 0 0 0 0],"tf.Tensor([1.4605463  1.1680559  0.45420128 1.3178777  0.80532736 7.        ], shape=(6,), dtype=float32)",0.30000000000000004,[8 2 1 2 5 0 0 0 0 6 0 2 0 0 0 8 0 0 0 0 0 0 0 0 0],False,"tf.Tensor(
[[ 1.4605463   1.1680559   0.45420128  1.3178777   0.80532736  0.18109727
  -0.29666406  0.8705035   0.6672237   0.1070646   0.30247518 -0.33822164
   1.1335491   0.03640955  0.94808424  1.0306011   0.8809109   0.7071772 ]], shape=(1, 18), dtype=float32)"
345,[8 2 1 2 5 0 0 0 0 6 0 2 0 0 0 8 0 0 0 0 0 0 0 0 0],"tf.Tensor([1.4534587  1.0572907  0.33524555 1.1928339  0.7583887  7.        ], shape=(6,), dtype=float32)",0.0,[8 3 1 2 5 0 0 0 0 2 0 4 0 0 0 8 0 0 0 0 0 0 0 0 0],False,"tf.Tensor(
[[ 1.4534587   1.0572907   0.33524555  1.1928339   0.7583887   0.42642397
  -0.18413901  0.81819344  0.5614213  -0.32868218  0.2567396  -0.05339888
   1.1064996   0.01461276  0.7250755   1.0162597   0.95796263  0.72473186]], shape=(1, 18), dtype=float32)"
346,[8 3 1 2 5 0 0 0 0 2 0 4 0 0 0 8 0 0 0 0 0 0 0 0 0],[0 1 0 1 0 4],10.0,[9 1 0 0 0 0 0 1 2 4 5 4 0 0 0 8 5 0 0 0 0 0 0 0 0],False,"tf.Tensor(
[[ 1.4979159   0.7654923   0.6041798   1.3836561   0.90972     0.2974367
   0.03913146  0.72254443  0.98591    -0.04182503  0.4983748  -0.32050112
   0.92490286 -0.49181342  0.99289876  1.5396602   0.72873175  0.7579901 ]], shape=(1, 18), dtype=float32)"
347,[9 1 0 0 0 0 0 1 2 4 5 4 0 0 0 8 5 0 0 0 0 0 0 0 0],"tf.Tensor([1.6700151  1.2732798  0.9304443  0.99883014 1.4682013  3.        ], shape=(6,), dtype=float32)",0.5,[9 2 5 4 4 2 5 0 0 0 0 0 0 0 0 8 5 0 0 0 0 0 0 0 0],False,"tf.Tensor(
[[ 1.6700151e+00  1.2732798e+00  9.3044430e-01  9.9883014e-01
   1.4682013e+00  5.3591752e-01  5.8281088e-01  5.0958139e-01
   1.9285513e+00 -1.3551265e-03  1.9837843e-01 -4.1510680e-01
   1.3130693e+00  9.0585642e-02  1.0666183e+00  1.1734122e+00
   1.1257546e+00  4.6184805e-01]], shape=(1, 18), dtype=float32)"
348,[9 2 5 4 4 2 5 0 0 0 0 0 0 0 0 8 5 0 0 0 0 0 0 0 0],"tf.Tensor([ 2.323485   1.2457715  1.3338127  1.8401992  1.1242653 10.       ], shape=(6,), dtype=float32)",0.0,[9 3 5 4 4 2 5 0 0 0 0 0 0 0 0 8 5 0 0 0 0 0 0 0 0],False,"tf.Tensor(
[[ 2.323485    1.2457715   1.3338127   1.8401992   1.1242653   0.58562505
   0.07600394  0.9044255   1.603886   -0.07493625  0.52291536 -0.4763582
   1.6307359  -0.22895387  1.4780177   1.8987154   0.9967108   1.1706761 ]], shape=(1, 18), dtype=float32)"
349,[9 3 5 4 4 2 5 0 0 0 0 0 0 0 0 8 5 0 0 0 0 0 0 0 0],"tf.Tensor([ 2.3715627  1.2613665  1.3880767  1.8487786  1.158818  10.       ], shape=(6,), dtype=float32)",0.0,[10 1 0 0 0 0 0 5 4 4 2 5 0 0 0 8 5 0 0 0 0 0 0 0 0],False,"tf.Tensor(
[[ 2.3715627   1.2613665   1.3880767   1.8487786   1.158818    0.6055135
   0.13931169  0.9173107   1.677531   -0.07978795  0.56188285 -0.46938136
   1.6594527  -0.20837963  1.4733771   1.9426655   1.0160176   1.1357654 ]], shape=(1, 18), dtype=float32)"
350,[10 1 0 0 0 0 0 5 4 4 2 5 0 0 0 8 5 0 0 0 0 0 0 0 0],"tf.Tensor([2.0283437 1.4647753 1.3302531 0.9844425 1.7413657 3.       ], shape=(6,), dtype=float32)",0.5,[10 2 1 4 1 6 5 0 0 0 0 0 0 0 0 8 5 0 0 0 0 0 0 0 0],False,"tf.Tensor(
[[ 2.0283437   1.4647753   1.3302531   0.9844425   1.7413657   0.7524531
   0.7878518   0.67550826  2.1884587  -0.10454473  0.12629882 -0.21662691
   1.7816349   0.23437133  1.3393812   1.1889566   1.5638031   0.45026895]], shape=(1, 18), dtype=float32)"
351,[10 2 1 4 1 6 5 0 0 0 0 0 0 0 0 8 5 0 0 0 0 0 0 0 0],"tf.Tensor([2.0262854 1.2301936 1.1579188 1.4489863 1.2333997 3.       ], shape=(6,), dtype=float32)",0.0,[10 3 1 4 1 6 5 0 0 0 0 0 0 0 0 8 5 0 0 0 0 0 0 0 0],False,"tf.Tensor(
[[ 2.0262854   1.2301936   1.1579188   1.4489863   1.2333997   0.58649606
   0.04422025  0.8946321   1.583289   -0.10292538  0.41716814 -0.28491458
   1.5086566  -0.12061448  1.137811    1.5103513   0.9268946   0.89477074]], shape=(1, 18), dtype=float32)"
352,[10 3 1 4 1 6 5 0 0 0 0 0 0 0 0 8 5 0 0 0 0 0 0 0 0],"tf.Tensor([2.0624475 1.2715945 1.2266201 1.4357972 1.2634008 3.       ], shape=(6,), dtype=float32)",-8.0,[11 1 0 0 0 0 0 1 4 1 6 5 0 0 0 4 5 0 0 0 0 0 0 0 0],False,"tf.Tensor(
[[ 2.0624475   1.2715945   1.2266201   1.4357972   1.2634008   0.59207696
   0.03227612  0.91205394  1.6801089  -0.08072789  0.43340778 -0.32243586
   1.5152978  -0.10828977  1.1538026   1.4996192   0.9285392   0.8667595 ]], shape=(1, 18), dtype=float32)"
353,[11 1 0 0 0 0 0 1 4 1 6 5 0 0 0 4 5 0 0 0 0 0 0 0 0],"tf.Tensor([2.477631  1.8735003 1.5122645 1.0675014 2.0187767 3.       ], shape=(6,), dtype=float32)",0.5,[11 2 1 5 1 1 5 0 0 0 0 0 0 0 0 4 5 0 0 0 0 0 0 0 0],False,"tf.Tensor(
[[ 2.477631    1.8735003   1.5122645   1.0675014   2.0187767   0.8646724
   0.6504493   0.8642119   2.8495488  -0.07412444  0.4279703  -0.2946472
   1.6421067   0.47150952  1.11786     1.4067613   1.4377143   0.4180537 ]], shape=(1, 18), dtype=float32)"
354,[11 2 1 5 1 1 5 0 0 0 0 0 0 0 0 4 5 0 0 0 0 0 0 0 0],"tf.Tensor([2.3233416 1.484638  1.5792994 1.4320512 1.7401743 3.       ], shape=(6,), dtype=float32)",0.0,[11 3 1 5 1 1 5 0 0 0 0 0 0 0 0 4 5 0 0 0 0 0 0 0 0],False,"tf.Tensor(
[[ 2.3233416   1.484638    1.5792994   1.4320512   1.7401743   0.6732008
   0.61837137  0.93647337  2.1600034  -0.13022055  0.6569004  -0.2689009
   1.7945467   0.3799941   0.91204363  1.8721846   1.0947936   0.6380179 ]], shape=(1, 18), dtype=float32)"
355,[11 3 1 5 1 1 5 0 0 0 0 0 0 0 0 4 5 0 0 0 0 0 0 0 0],"tf.Tensor([2.3358104 1.4775639 1.6671665 1.4087898 1.7713724 3.       ], shape=(6,), dtype=float32)",-8.0,[12 1 0 0 0 0 0 1 5 1 1 5 0 0 0 0 5 0 0 0 0 0 0 0 0],False,"tf.Tensor(
[[ 2.3358104   1.4775639   1.6671665   1.4087898   1.7713724   0.6683534
   0.62442636  0.94486195  2.2608342  -0.1136115   0.67537737 -0.30367094
   1.7837424   0.32369772  0.9408944   1.8835006   1.0556781   0.60686755]], shape=(1, 18), dtype=float32)"
356,[12 1 0 0 0 0 0 1 5 1 1 5 0 0 0 0 5 0 0 0 0 0 0 0 0],"tf.Tensor([2.7267447 2.101378  1.7467871 1.2840167 2.6788657 3.       ], shape=(6,), dtype=float32)",0.5,[12 2 4 6 3 3 6 0 0 0 0 0 0 0 0 0 5 0 0 0 0 0 0 0 0],False,"tf.Tensor(
[[ 2.7267447   2.101378    1.7467871   1.2840167   2.6788657   0.6619696
   0.81453824  1.1224687   2.6973355  -0.14289322  0.7329523   0.04361809
   2.214439    0.8629629   0.8461285   1.7450672   1.6653777   0.45118043]], shape=(1, 18), dtype=float32)"
357,[12 2 4 6 3 3 6 0 0 0 0 0 0 0 0 0 5 0 0 0 0 0 0 0 0],"tf.Tensor([3.2926617 2.1044385 2.4600534 2.0412357 2.625507  3.       ], shape=(6,), dtype=float32)",0.0,[12 3 4 6 3 3 6 0 0 0 0 0 0 0 0 0 5 0 0 0 0 0 0 0 0],False,"tf.Tensor(
[[ 3.2926617   2.1044385   2.4600534   2.0412357   2.625507    0.61687785
   1.0622761   1.348066    2.9680316  -0.2794613   1.0973121  -0.36621213
   2.6747847   0.31823623  1.4659384   2.74396     1.6896312   0.7892856 ]], shape=(1, 18), dtype=float32)"
358,[12 3 4 6 3 3 6 0 0 0 0 0 0 0 0 0 5 0 0 0 0 0 0 0 0],"tf.Tensor([3.3214095 2.1156409 2.5600655 2.0372818 2.6492767 3.       ], shape=(6,), dtype=float32)",8.0,[13 1 0 0 0 0 0 4 6 3 3 6 0 0 0 4 5 0 0 0 0 0 0 0 0],False,"tf.Tensor(
[[ 3.3214095   2.1156409   2.5600655   2.0372818   2.6492767   0.5884524
   1.0915424   1.384529    3.0522885  -0.2544553   1.1180983  -0.4003617
   2.6845775   0.27174795  1.4934962   2.7721684   1.6691464   0.76615214]], shape=(1, 18), dtype=float32)"
359,[13 1 0 0 0 0 0 4 6 3 3 6 0 0 0 4 5 0 0 0 0 0 0 0 0],"tf.Tensor([2.8943229 2.2653205 1.5514555 1.3270177 2.8302882 3.       ], shape=(6,), dtype=float32)",0.5,[13 2 2 5 3 3 6 0 0 0 0 0 0 0 0 4 5 0 0 0 0 0 0 0 0],False,"tf.Tensor(
[[ 2.8943229   2.2653205   1.5514555   1.3270177   2.8302882   1.067135
   0.8540156   0.88177514  3.0341115  -0.25972322  0.46234056 -0.07280616
   2.3700647   0.92060614  1.1542199   1.6496416   2.0888896   0.5479375 ]], shape=(1, 18), dtype=float32)"
360,[13 2 2 5 3 3 6 0 0 0 0 0 0 0 0 4 5 0 0 0 0 0 0 0 0],"tf.Tensor([2.9182935 1.7300298 1.8850514 1.87953   1.9917159 3.       ], shape=(6,), dtype=float32)",0.0,[13 3 2 5 3 3 6 0 0 0 0 0 0 0 0 4 5 0 0 0 0 0 0 0 0],False,"tf.Tensor(
[[ 2.9182935   1.7300298   1.8850514   1.87953     1.9917159   0.7769391
   0.70747054  1.1169097   2.5068686  -0.27107382  0.9232734  -0.23012385
   2.1531212   0.308649    1.1897182   2.4085162   1.2852257   0.9428867 ]], shape=(1, 18), dtype=float32)"
361,[13 3 2 5 3 3 6 0 0 0 0 0 0 0 0 4 5 0 0 0 0 0 0 0 0],"tf.Tensor([2.9431746 1.7379946 1.9696531 1.8604486 2.028514  3.       ], shape=(6,), dtype=float32)",-8.0,[14 1 0 0 0 0 0 2 5 3 3 6 0 0 0 0 5 0 0 0 0 0 0 0 0],True,"tf.Tensor(
[[ 2.9431746   1.7379946   1.9696531   1.8604486   2.028514    0.7785949
   0.7146468   1.1220118   2.6126194  -0.2566125   0.9481526  -0.26110277
   2.1475265   0.27523577  1.2096168   2.419316    1.2559597   0.91493034]], shape=(1, 18), dtype=float32)"
362,[1 1 0 0 0 0 0 2 4 2 6 1 0 0 0 0 0 0 0 0 0 0 0 0 0],"tf.Tensor([0.930448   0.91657263 0.74421126 0.6824891  1.0394056  7.        ], shape=(6,), dtype=float32)",0.30000000000000004,[1 2 2 4 1 0 0 0 0 4 4 0 0 0 0 0 0 0 0 0 0 0 0 0 0],False,"tf.Tensor(
[[ 0.930448    0.91657263  0.74421126  0.6824891   1.0394056   0.4188558
   0.58337766 -0.06702885  0.9635307  -0.24661256  0.32194573 -0.09777342
   1.0235815   0.65524364  0.55352545  0.9025842   0.9335704   0.11669117]], shape=(1, 18), dtype=float32)"
363,[1 2 2 4 1 0 0 0 0 4 4 0 0 0 0 0 0 0 0 0 0 0 0 0 0],"tf.Tensor([1.2811842 1.3034855 0.9502728 0.515598  1.1261731 3.       ], shape=(6,), dtype=float32)",0.1,[1 3 2 4 1 4 0 0 0 0 5 0 0 0 0 0 0 0 0 0 0 0 0 0 0],False,"tf.Tensor(
[[ 1.2811842   1.3034855   0.9502728   0.515598    1.1261731  -0.0127655
   0.2761258   0.31806168  1.0189071   0.20227987  0.49130538  0.09625085
   0.86636686  0.9696973   0.5452168   1.0144656   0.9253742  -0.11236365]], shape=(1, 18), dtype=float32)"
364,[1 3 2 4 1 4 0 0 0 0 5 0 0 0 0 0 0 0 0 0 0 0 0 0 0],"tf.Tensor([1.0520377  0.79811144 0.7944859  0.5966924  1.0027782  3.        ], shape=(6,), dtype=float32)",16.0,[2 1 0 0 0 0 0 2 4 2 6 1 0 0 0 8 0 0 0 0 0 0 0 0 0],False,"tf.Tensor(
[[ 1.0520377   0.79811144  0.7944859   0.5966924   1.0027782   0.14801747
   0.12571174  0.47955948  0.994784    0.17422305  0.39933878 -0.13705467
   0.7984574   0.20387997  0.5440262   0.6925893   0.5815407   0.18684982]], shape=(1, 18), dtype=float32)"
365,[2 1 0 0 0 0 0 2 4 2 6 1 0 0 0 8 0 0 0 0 0 0 0 0 0],"tf.Tensor([ 0.863147   1.025405   0.4926554  1.1572137  0.8450379 10.       ], shape=(6,), dtype=float32)",0.2,[2 2 2 2 0 0 0 5 0 6 0 3 0 0 0 8 0 0 0 0 0 0 0 0 0],False,"tf.Tensor(
[[ 0.863147    1.025405    0.4926554   1.1572137   0.8450379   0.01229979
  -0.33670175  0.64949465  0.5345883   0.06584656  0.3276663  -0.970085
   0.94374883 -0.20959023  0.6465826   1.1407721   0.4251384   0.3554131 ]], shape=(1, 18), dtype=float32)"
366,[2 2 2 2 0 0 0 5 0 6 0 3 0 0 0 8 0 0 0 0 0 0 0 0 0],"tf.Tensor([ 0.7633282   1.1050091   0.2619928   0.64979005  0.6545173  11.        ], shape=(6,), dtype=float32)",0.0,[2 3 2 2 0 0 0 6 0 1 0 5 0 0 0 8 0 0 0 0 0 0 0 0 0],False,"tf.Tensor(
[[ 0.7633282   1.1050091   0.2619928   0.64979005  0.6545173   0.25217032
  -0.21544276  0.7097851   0.43446872 -0.09765783  0.05206492 -0.22620569
   0.9594761   0.03106884  0.99182826  0.27647966  1.2314928  -0.02871156]], shape=(1, 18), dtype=float32)"
367,[2 3 2 2 0 0 0 6 0 1 0 5 0 0 0 8 0 0 0 0 0 0 0 0 0],"tf.Tensor([1.0631168  1.3211443  0.6162321  0.79197687 0.7339889  2.        ], shape=(6,), dtype=float32)",0.0,[3 1 0 0 0 0 0 1 2 1 2 3 0 0 0 8 0 0 0 0 0 0 0 0 0],False,"tf.Tensor(
[[ 1.0631168   1.3211443   0.6162321   0.79197687  0.7339889  -0.09238462
  -0.7479866   1.1413991   0.3774402   0.02618946  0.282223   -0.5512162
   0.88081074  0.1246274   0.832451    0.4177741   0.88639385 -0.03691895]], shape=(1, 18), dtype=float32)"
368,[3 1 0 0 0 0 0 1 2 1 2 3 0 0 0 8 0 0 0 0 0 0 0 0 0],"tf.Tensor([0.72713786 0.98076224 0.3105818  0.9422387  0.52345014 2.        ], shape=(6,), dtype=float32)",0.2,[3 2 3 2 0 0 0 2 0 3 0 6 0 0 0 8 0 0 0 0 0 0 0 0 0],False,"tf.Tensor(
[[ 0.72713786  0.98076224  0.3105818   0.9422387   0.52345014 -0.07396489
  -0.5436314   0.75502026  0.28601485  0.09034277  0.2704541  -0.790253
   0.6748706  -0.12829588  0.56992394  0.6938953   0.50174695  0.21300235]], shape=(1, 18), dtype=float32)"
369,[3 2 3 2 0 0 0 2 0 3 0 6 0 0 0 8 0 0 0 0 0 0 0 0 0],"tf.Tensor([0.85373855 0.8636823  0.54392576 0.66100246 0.66934717 2.        ], shape=(6,), dtype=float32)",0.0,[3 3 3 2 0 0 0 4 0 6 0 5 0 0 0 8 0 0 0 0 0 0 0 0 0],False,"tf.Tensor(
[[ 0.85373855  0.8636823   0.54392576  0.66100246  0.66934717  0.01912037
  -0.12508081  0.83505553  0.4439234  -0.02445731  0.29316515 -0.1509837
   0.81122446 -0.0674558   0.6915702   0.571367    0.81612486  0.03946191]], shape=(1, 18), dtype=float32)"
370,[3 3 3 2 0 0 0 4 0 6 0 5 0 0 0 8 0 0 0 0 0 0 0 0 0],"tf.Tensor([ 0.99178094  1.0306585   0.5862984   0.6325215   0.7057993  11.        ], shape=(6,), dtype=float32)",0.0,[4 1 0 0 0 0 0 3 3 4 2 2 0 0 0 8 0 0 0 0 0 0 0 0 0],False,"tf.Tensor(
[[ 0.99178094  1.0306585   0.5862984   0.6325215   0.7057993   0.1926782
   0.05394075  0.7508819   0.7520906   0.0406807   0.10545675 -0.11559387
   0.981478    0.0112827   1.0495673   0.3867008   1.193826    0.03157452]], shape=(1, 18), dtype=float32)"
371,[4 1 0 0 0 0 0 3 3 4 2 2 0 0 0 8 0 0 0 0 0 0 0 0 0],"tf.Tensor([0.9853376  1.1260979  0.25050065 1.0430717  0.45301843 2.        ], shape=(6,), dtype=float32)",0.30000000000000004,[4 2 4 3 1 0 0 0 0 1 0 6 0 0 0 8 0 0 0 0 0 0 0 0 0],False,"tf.Tensor(
[[ 0.9853376   1.1260979   0.25050065  1.0430717   0.45301843  0.11370278
  -0.68585736  0.94902796  0.14267936 -0.17948097  0.33256936 -0.4640582
   0.84876597 -0.08503877  0.63796294  0.7275787   0.6860625   0.33282644]], shape=(1, 18), dtype=float32)"
372,[4 2 4 3 1 0 0 0 0 1 0 6 0 0 0 8 0 0 0 0 0 0 0 0 0],"tf.Tensor([0.9757044  0.7600181  0.59401727 0.8175065  0.66018474 2.        ], shape=(6,), dtype=float32)",0.0,[4 3 4 3 1 0 0 0 0 4 0 6 0 0 0 8 0 0 0 0 0 0 0 0 0],False,"tf.Tensor(
[[ 0.9757044   0.7600181   0.59401727  0.8175065   0.66018474 -0.05666358
   0.03645158  0.8828707   0.5603176  -0.03040848  0.37388596 -0.19081636
   0.7572681  -0.26253566  0.6494319   0.84850544  0.6751489   0.19547023]], shape=(1, 18), dtype=float32)"
373,[4 3 4 3 1 0 0 0 0 4 0 6 0 0 0 8 0 0 0 0 0 0 0 0 0],"tf.Tensor([1.0310999  0.82634795 0.5718963  0.64428383 0.83122045 7.        ], shape=(6,), dtype=float32)",0.0,[5 1 0 0 0 0 0 4 3 6 1 2 0 0 0 8 0 0 0 0 0 0 0 0 0],False,"tf.Tensor(
[[ 1.0310999   0.82634795  0.5718963   0.64428383  0.83122045  0.08987011
   0.10890627  0.8214015   0.67139566 -0.0811068   0.33047962  0.07711736
   0.82497764  0.04702307  0.5428254   0.7052207   0.77294195  0.16118515]], shape=(1, 18), dtype=float32)"
374,[5 1 0 0 0 0 0 4 3 6 1 2 0 0 0 8 0 0 0 0 0 0 0 0 0],"tf.Tensor([ 1.1146817   1.1672304   0.23944496  1.0189395   0.43689108 11.        ], shape=(6,), dtype=float32)",0.30000000000000004,[5 2 1 5 4 0 0 0 0 4 0 6 0 0 0 8 0 0 0 0 0 0 0 0 0],False,"tf.Tensor(
[[ 1.1146817   1.1672304   0.23944496  1.0189395   0.43689108  0.29638553
  -0.4684635   0.8581933   0.36974257 -0.23857333  0.22669774 -0.28616425
   0.90405107 -0.06083832  0.8122339   0.62303877  0.91334677  0.4126974 ]], shape=(1, 18), dtype=float32)"
375,[5 2 1 5 4 0 0 0 0 4 0 6 0 0 0 8 0 0 0 0 0 0 0 0 0],"tf.Tensor([1.6732066  1.0719326  0.76857775 1.2105354  0.8235514  2.        ], shape=(6,), dtype=float32)",0.0,[5 3 1 5 4 0 0 0 0 4 0 6 0 0 0 8 0 0 0 0 0 0 0 0 0],False,"tf.Tensor(
[[ 1.6732066   1.0719326   0.76857775  1.2105354   0.8235514   0.17847957
  -0.15930858  1.21097     0.73700804 -0.15142855  0.4735941  -0.06412761
   1.032359   -0.20459983  0.81825477  1.1787001   0.94023836  0.5620699 ]], shape=(1, 18), dtype=float32)"
376,[5 3 1 5 4 0 0 0 0 4 0 6 0 0 0 8 0 0 0 0 0 0 0 0 0],"tf.Tensor([1.6185375 1.0250534 0.8313666 1.1783818 0.804945  2.       ], shape=(6,), dtype=float32)",0.0,[6 1 0 0 0 0 0 1 5 2 4 6 0 0 0 8 0 0 0 0 0 0 0 0 0],False,"tf.Tensor(
[[ 1.6185375   1.0250534   0.8313666   1.1783818   0.804945    0.14518088
  -0.09700187  1.2335827   0.71860737 -0.15954478  0.4462975  -0.04991334
   1.0717874  -0.26502723  0.8648407   1.1638395   0.9570241   0.51517415]], shape=(1, 18), dtype=float32)"
377,[6 1 0 0 0 0 0 1 5 2 4 6 0 0 0 8 0 0 0 0 0 0 0 0 0],"tf.Tensor([ 1.3666129  1.1662498  0.8379647  1.2779723  0.9850933 10.       ], shape=(6,), dtype=float32)",0.4,[6 2 2 4 2 4 0 0 0 4 0 0 0 0 0 8 0 0 0 0 0 0 0 0 0],False,"tf.Tensor(
[[ 1.3666129   1.1662498   0.8379647   1.2779723   0.9850933   0.1975608
   0.04461016  0.6904665   1.2367842  -0.01126591  0.4623907  -0.86389893
   1.0070881  -0.3969386   1.0145483   1.4402413   0.6757141   0.46812448]], shape=(1, 18), dtype=float32)"
378,[6 2 2 4 2 4 0 0 0 4 0 0 0 0 0 8 0 0 0 0 0 0 0 0 0],"tf.Tensor([ 1.1359386   1.1169908   0.15329821  0.91848326  0.65868044 11.        ], shape=(6,), dtype=float32)",0.0,[6 3 2 4 2 4 0 0 0 5 0 0 0 0 0 8 0 0 0 0 0 0 0 0 0],False,"tf.Tensor(
[[ 1.1359386   1.1169908   0.15329821  0.91848326  0.65868044  0.3193782
  -0.36086163  0.9429647   0.3525008  -0.3184369   0.16968167 -0.10020019
   0.9316925   0.09003377  0.5298145   0.67451423  0.9509514   0.3791735 ]], shape=(1, 18), dtype=float32)"
379,[6 3 2 4 2 4 0 0 0 5 0 0 0 0 0 8 0 0 0 0 0 0 0 0 0],"tf.Tensor([ 1.2058433   1.1727215   0.18015109  0.93584645  0.71247166 11.        ], shape=(6,), dtype=float32)",0.0,[7 1 0 0 0 0 0 2 4 5 2 4 0 0 0 8 0 0 0 0 0 0 0 0 0],False,"tf.Tensor(
[[ 1.2058433   1.1727215   0.18015109  0.93584645  0.71247166  0.38631278
  -0.35027164  0.92804885  0.44783723 -0.35184228  0.15468907 -0.10415229
   0.9919207   0.11447373  0.57730323  0.67897296  1.0102713   0.39827296]], shape=(1, 18), dtype=float32)"
380,[7 1 0 0 0 0 0 2 4 5 2 4 0 0 0 8 0 0 0 0 0 0 0 0 0],"tf.Tensor([ 1.4270514   1.1151179   0.60829806  1.1749887   0.7056542  10.        ], shape=(6,), dtype=float32)",0.30000000000000004,[7 2 6 3 2 0 0 0 0 3 0 3 0 0 0 8 0 0 0 0 0 0 0 0 0],False,"tf.Tensor(
[[ 1.4270514   1.1151179   0.60829806  1.1749887   0.7056542   0.24355067
  -0.24954419  0.9493021   0.6392375  -0.26075768  0.43135145 -0.23229165
   1.0481089  -0.12920484  0.76139826  1.0744402   0.793307    0.569765  ]], shape=(1, 18), dtype=float32)"
381,[7 2 6 3 2 0 0 0 0 3 0 3 0 0 0 8 0 0 0 0 0 0 0 0 0],"tf.Tensor([1.230297   0.8233573  0.45860976 0.84242934 0.9296021  7.        ], shape=(6,), dtype=float32)",0.1,[7 3 6 3 2 3 0 0 0 4 0 0 0 0 0 8 0 0 0 0 0 0 0 0 0],False,"tf.Tensor(
[[ 1.230297    0.8233573   0.45860976  0.84242934  0.9296021   0.3923344
   0.08481267  0.78620005  0.7147887  -0.22025447  0.13024384 -0.00338755
   1.0410943   0.08286451  0.60582143  0.8280017   0.9936148   0.35970944]], shape=(1, 18), dtype=float32)"
382,[7 3 6 3 2 3 0 0 0 4 0 0 0 0 0 8 0 0 0 0 0 0 0 0 0],"tf.Tensor([1.2131685  1.040807   0.33663023 0.8912366  0.931023   7.        ], shape=(6,), dtype=float32)",0.0,[8 1 0 0 0 0 0 6 3 5 2 5 0 0 0 8 0 0 0 0 0 0 0 0 0],False,"tf.Tensor(
[[ 1.2131685   1.040807    0.33663023  0.8912366   0.931023    0.53556275
   0.05369781  0.6123874   0.8532732  -0.28323323  0.00813183 -0.19268239
   1.116809    0.10729317  0.6958477   0.74973524  1.0751944   0.43961826]], shape=(1, 18), dtype=float32)"
383,[8 1 0 0 0 0 0 6 3 5 2 5 0 0 0 8 0 0 0 0 0 0 0 0 0],"tf.Tensor([1.6574632 1.3208513 0.8913491 1.1351199 0.9608168 7.       ], shape=(6,), dtype=float32)",0.4,[8 2 2 6 6 3 0 0 0 3 0 0 0 0 0 8 0 0 0 0 0 0 0 0 0],False,"tf.Tensor(
[[ 1.6574632   1.3208513   0.8913491   1.1351199   0.9608168   0.32388556
   0.05112538  0.9325093   1.1010358   0.03162653  0.29306233 -0.22663535
   1.3683872   0.05266397  1.255265    1.004455    1.172274    0.5076807 ]], shape=(1, 18), dtype=float32)"
384,[8 2 2 6 6 3 0 0 0 3 0 0 0 0 0 8 0 0 0 0 0 0 0 0 0],"tf.Tensor([ 1.9389124  1.1830891  0.6220147  1.6554353  0.8302673 10.       ], shape=(6,), dtype=float32)",0.0,[8 3 2 6 6 3 0 0 0 6 0 0 0 0 0 8 0 0 0 0 0 0 0 0 0],False,"tf.Tensor(
[[ 1.9389124   1.1830891   0.6220147   1.6554353   0.8302673   0.42146397
  -0.43627253  1.2346882   0.7089227  -0.2545086   0.51056176 -0.19863237
   1.2388573  -0.35602915  1.1042715   1.5602919   1.0615252   0.9276938 ]], shape=(1, 18), dtype=float32)"
385,[8 3 2 6 6 3 0 0 0 6 0 0 0 0 0 8 0 0 0 0 0 0 0 0 0],[1 0 1 1 0 8],0.0,[9 1 0 0 0 0 0 2 6 2 6 3 0 0 0 8 0 0 0 0 0 0 0 0 0],False,"tf.Tensor(
[[ 1.9505575   1.4665071   0.6575853   1.5614      0.95920753  0.35844052
  -0.43845508  1.3560402   0.70606536 -0.36580852  0.498149   -0.2105938
   1.4040662  -0.08779332  0.9540251   1.3741544   1.1894792   0.74438065]], shape=(1, 18), dtype=float32)"
386,[9 1 0 0 0 0 0 2 6 2 6 3 0 0 0 8 0 0 0 0 0 0 0 0 0],"tf.Tensor([ 1.8155041   1.125447    0.84989387  1.6868038   1.1600487  10.        ], shape=(6,), dtype=float32)",0.4,[9 2 2 2 4 5 0 0 0 2 0 0 0 0 0 8 0 0 0 0 0 0 0 0 0],False,"tf.Tensor(
[[ 1.8155041   1.125447    0.84989387  1.6868038   1.1600487   0.42334187
  -0.04736447  0.66252875  1.198509    0.05661024  0.42093536 -0.5893193
   1.4353336  -0.20633134  1.1506913   1.6761826   0.78560776  1.0485442 ]], shape=(1, 18), dtype=float32)"
387,[9 2 2 2 4 5 0 0 0 2 0 0 0 0 0 8 0 0 0 0 0 0 0 0 0],"tf.Tensor([ 1.4008796   0.71681577  0.41059148  1.4348264   0.6909425  10.        ], shape=(6,), dtype=float32)",0.0,[9 3 2 2 4 5 0 0 0 1 0 0 0 0 0 8 0 0 0 0 0 0 0 0 0],False,"tf.Tensor(
[[ 1.4008796   0.71681577  0.41059148  1.4348264   0.6909425   0.35669065
  -0.1795071   0.8102887   0.41506734 -0.30155838  0.35818484 -0.15999521
   1.0738593  -0.46308216  0.9379693   1.4161549   0.8291078   0.8686016 ]], shape=(1, 18), dtype=float32)"
388,[9 3 2 2 4 5 0 0 0 1 0 0 0 0 0 8 0 0 0 0 0 0 0 0 0],"tf.Tensor([ 1.3201551   0.7017038   0.42069268  1.4447334   0.77506214 10.        ], shape=(6,), dtype=float32)",0.0,[10 1 0 0 0 0 0 2 2 2 4 5 0 0 0 8 0 0 0 0 0 0 0 0 0],False,"tf.Tensor(
[[ 1.3201551   0.7017038   0.42069268  1.4447334   0.77506214  0.29885375
  -0.19316359  0.88862103  0.38893822 -0.26358935  0.34236506 -0.25087467
   1.1177454  -0.53215617  0.9338842   1.4772232   0.8322724   0.78417575]], shape=(1, 18), dtype=float32)"
389,[10 1 0 0 0 0 0 2 2 2 4 5 0 0 0 8 0 0 0 0 0 0 0 0 0],[0 0 1 0 0 1],0.1,[10 2 6 0 0 0 0 4 1 0 6 6 0 0 0 8 0 0 0 0 0 0 0 0 0],False,"tf.Tensor(
[[ 1.6124254   1.1467984   0.61453474  1.3423314   1.198499    0.24414791
   0.04540597  0.6863101   1.2364945   0.2723183   0.3864603  -0.44743824
   1.1537327   0.03039154  0.9649311   1.3001564   0.8391754   0.7160845 ]], shape=(1, 18), dtype=float32)"
390,[10 2 6 0 0 0 0 4 1 0 6 6 0 0 0 8 0 0 0 0 0 0 0 0 0],[ 0  0  0  1  0 11],0.1,[10 3 6 6 0 0 0 5 3 0 0 3 0 0 0 8 0 0 0 0 0 0 0 0 0],False,"tf.Tensor(
[[ 1.9158165   1.3939685   0.70406187  1.590662    2.069704    0.20053701
   0.42005935  0.6947918   1.5593078   0.41559204  0.47010088 -0.3067265
   1.7432851   0.33114472  1.3487248   1.8503726   1.2281108   0.8181038 ]], shape=(1, 18), dtype=float32)"
391,[10 3 6 6 0 0 0 5 3 0 0 3 0 0 0 8 0 0 0 0 0 0 0 0 0],[1 0 1 1 1 4],10.0,[11 1 0 0 0 0 0 3 5 6 6 5 0 0 0 8 5 0 0 0 0 0 0 0 0],False,"tf.Tensor(
[[ 1.9751961e+00  1.3552254e+00  6.2235630e-01  1.5281380e+00
   1.3385344e+00  2.5393647e-01 -9.4208136e-02  1.5968814e+00
   6.8583548e-01 -1.8073195e-01  2.5183985e-01  1.7706460e-01
   1.7555343e+00 -7.4960664e-04  1.1647917e+00  1.3798007e+00
   1.5668591e+00  7.0448858e-01]], shape=(1, 18), dtype=float32)"
392,[11 1 0 0 0 0 0 3 5 6 6 5 0 0 0 8 5 0 0 0 0 0 0 0 0],[ 0  0  1  1  0 11],0.2,[11 2 5 4 0 0 0 4 5 0 0 5 0 0 0 8 5 0 0 0 0 0 0 0 0],False,"tf.Tensor(
[[ 2.3677602   1.6341931   1.3334852   1.2840217   2.0377529   0.8716408
   0.9012193   0.6951614   2.437925   -0.3309436   0.39671323 -0.15272078
   1.9329962   0.41659865  1.1950439   1.6556354   1.6244578   0.59864813]], shape=(1, 18), dtype=float32)"
393,[11 2 5 4 0 0 0 4 5 0 0 5 0 0 0 8 5 0 0 0 0 0 0 0 0],"tf.Tensor([2.650966  1.3523169 1.483084  1.7200521 1.8837423 7.       ], shape=(6,), dtype=float32)",0.30000000000000004,[11 3 5 4 4 5 5 0 0 0 0 0 0 0 0 8 5 0 0 0 0 0 0 0 0],False,"tf.Tensor(
[[ 2.650966    1.3523169   1.483084    1.7200521   1.8837423   0.5469843
   0.9233952   1.3115672   1.9701061  -0.09043571  0.39426902  0.12676159
   2.1123633   0.02921831  1.6000242   1.8178563   1.8166461   0.89992326]], shape=(1, 18), dtype=float32)"
394,[11 3 5 4 4 5 5 0 0 0 0 0 0 0 0 8 5 0 0 0 0 0 0 0 0],"tf.Tensor([ 2.5777383  1.2981782  1.5566832  1.9630737  1.455468  10.       ], shape=(6,), dtype=float32)",0.0,[12 1 0 0 0 0 0 3 6 5 4 2 0 0 0 8 5 0 0 0 0 0 0 0 0],False,"tf.Tensor(
[[ 2.5777383   1.2981782   1.5566832   1.9630737   1.455468    0.58467674
   0.40034398  1.0701903   1.8443463  -0.15582365  0.609575   -0.2761069
   1.9243003  -0.35558742  1.5558634   2.2142913   1.1443151   1.2298534 ]], shape=(1, 18), dtype=float32)"
395,[12 1 0 0 0 0 0 3 6 5 4 2 0 0 0 8 5 0 0 0 0 0 0 0 0],[1 1 0 0 1 0],0.30000000000000004,[12 2 3 6 1 0 0 0 0 4 2 0 0 0 0 8 5 0 0 0 0 0 0 0 0],False,"tf.Tensor(
[[ 2.2637708   1.5045362   1.1809262   1.3668239   2.0660076   0.90984386
   0.8202376   0.63366425  2.1479132  -0.27995697  0.14217794 -0.10098572
   2.1281762   0.40601572  1.1429858   1.5321258   1.678124    0.8023243 ]], shape=(1, 18), dtype=float32)"
396,[12 2 3 6 1 0 0 0 0 4 2 0 0 0 0 8 5 0 0 0 0 0 0 0 0],[ 1  0  1  0  0 12],0.1,[12 3 3 6 1 4 0 0 0 0 5 0 0 0 0 8 5 0 0 0 0 0 0 0 0],False,"tf.Tensor(
[[ 1.9967262   1.2682549   1.21773     1.134543    1.5185862   0.7277833
   0.88065356  0.8188487   2.027265   -0.07134728  0.12649155 -0.3321061
   1.6745415   0.3744223   1.0179876   1.2230595   1.6255407   0.26774615]], shape=(1, 18), dtype=float32)"
397,[12 3 3 6 1 4 0 0 0 0 5 0 0 0 0 8 5 0 0 0 0 0 0 0 0],"tf.Tensor([2.024415  1.0269037 1.1125448 1.3333831 1.5442127 3.       ], shape=(6,), dtype=float32)",-8.0,[13 1 0 0 0 0 0 3 6 3 5 1 0 0 0 4 5 0 0 0 0 0 0 0 0],False,"tf.Tensor(
[[ 2.024415    1.0269037   1.1125448   1.3333831   1.5442127   0.74835205
   0.37449852  0.9561054   1.809567   -0.16840287  0.11015027 -0.17416222
   1.5484017  -0.2345253   1.2432786   1.6297498   1.2358719   0.8326276 ]], shape=(1, 18), dtype=float32)"
398,[13 1 0 0 0 0 0 3 6 3 5 1 0 0 0 4 5 0 0 0 0 0 0 0 0],"tf.Tensor([2.819835  2.0369575 1.2736868 1.5065225 2.618102  3.       ], shape=(6,), dtype=float32)",0.5,[13 2 5 1 1 5 5 0 0 0 0 0 0 0 0 4 5 0 0 0 0 0 0 0 0],False,"tf.Tensor(
[[ 2.819835    2.0369575   1.2736868   1.5065225   2.618102    1.250948
   0.916026    0.73007464  2.663092   -0.33418128  0.30325684 -0.06143643
   2.4758074   1.1731943   0.9778061   1.7000709   2.1228974   0.7003422 ]], shape=(1, 18), dtype=float32)"
399,[13 2 5 1 1 5 5 0 0 0 0 0 0 0 0 4 5 0 0 0 0 0 0 0 0],"tf.Tensor([2.5424082 1.375658  1.5237713 1.7179329 2.0847626 7.       ], shape=(6,), dtype=float32)",0.0,[13 3 5 1 1 5 5 0 0 0 0 0 0 0 0 4 5 0 0 0 0 0 0 0 0],False,"tf.Tensor(
[[ 2.5424082   1.375658    1.5237713   1.7179329   2.0847626   0.9187747
   0.8916958   0.7881986   2.1741874  -0.47373214  0.40686616 -0.12587173
   2.2636728   0.07469374  1.1828665   2.1286318   1.5290729   1.0479434 ]], shape=(1, 18), dtype=float32)"
400,[13 3 5 1 1 5 5 0 0 0 0 0 0 0 0 4 5 0 0 0 0 0 0 0 0],"tf.Tensor([2.551465  1.3532383 1.6511003 1.711463  2.1067126 7.       ], shape=(6,), dtype=float32)",0.0,[14 1 0 0 0 0 0 5 1 1 5 5 0 0 0 4 5 0 0 0 0 0 0 0 0],True,"tf.Tensor(
[[ 2.5514650e+00  1.3532383e+00  1.6511003e+00  1.7114630e+00
   2.1067126e+00  8.7184203e-01  9.2184097e-01  8.1418729e-01
   2.2500663e+00 -4.3787262e-01  4.4229022e-01 -1.5795824e-01
   2.2798171e+00  2.4843775e-03  1.2190890e+00  2.1600032e+00
   1.4852985e+00  1.0228192e+00]], shape=(1, 18), dtype=float32)"
401,[1 1 0 0 0 0 0 4 6 6 6 5 0 0 0 0 0 0 0 0 0 0 0 0 0],"tf.Tensor([1.7202257 1.3386941 1.430301  1.1047232 1.6888412 7.       ], shape=(6,), dtype=float32)",0.5,[1 2 4 6 6 6 5 0 0 0 0 0 0 0 0 0 0 0 0 0 0 0 0 0 0],False,"tf.Tensor(
[[ 1.7202257   1.3386941   1.430301    1.1047232   1.6888412   0.34057042
   0.7930023   0.42669722  1.5909752  -0.05026127  1.001626   -0.08826432
   1.6938375   0.8330483   0.97425663  1.490494    1.3143831   0.06772171]], shape=(1, 18), dtype=float32)"
402,[1 2 4 6 6 6 5 0 0 0 0 0 0 0 0 0 0 0 0 0 0 0 0 0 0],"tf.Tensor([2.1488016 1.5166794 1.6322293 1.4911767 1.868101  3.       ], shape=(6,), dtype=float32)",0.0,[1 3 4 6 6 6 5 0 0 0 0 0 0 0 0 0 0 0 0 0 0 0 0 0 0],False,"tf.Tensor(
[[ 2.1488016   1.5166794   1.6322293   1.4911767   1.868101    0.33260247
   0.61711484  0.80193084  2.095408   -0.05960809  0.7055896  -0.34696633
   1.7373092  -0.10887077  1.4744666   2.0249875   1.145395    0.6389744 ]], shape=(1, 18), dtype=float32)"
403,[1 3 4 6 6 6 5 0 0 0 0 0 0 0 0 0 0 0 0 0 0 0 0 0 0],"tf.Tensor([2.2308302 1.5186105 1.6653752 1.5133178 1.935368  3.       ], shape=(6,), dtype=float32)",8.0,[2 1 0 0 0 0 0 4 6 6 6 5 0 0 0 4 0 0 0 0 0 0 0 0 0],False,"tf.Tensor(
[[ 2.2308302   1.5186105   1.6653752   1.5133178   1.935368    0.37527627
   0.63114595  0.809192    2.1468945  -0.06982954  0.73429877 -0.37970883
   1.8409129  -0.08451839  1.5106946   2.0473847   1.1828126   0.67756605]], shape=(1, 18), dtype=float32)"
404,[2 1 0 0 0 0 0 4 6 6 6 5 0 0 0 4 0 0 0 0 0 0 0 0 0],[1 1 0 1 0 8],0.30000000000000004,[2 2 2 5 2 0 0 0 0 6 0 3 0 0 0 4 0 0 0 0 0 0 0 0 0],False,"tf.Tensor(
[[ 1.526813    1.2086862   1.2577302   1.0821925   1.3718138   0.2333634
   0.31150278  0.5219749   1.2568501  -0.04844445  0.77891374 -0.31015152
   1.4062136   0.1918273   1.0774773   1.4109879   0.90657866  0.35218176]], shape=(1, 18), dtype=float32)"
405,[2 2 2 5 2 0 0 0 0 6 0 3 0 0 0 4 0 0 0 0 0 0 0 0 0],"tf.Tensor([1.3426976  1.1582743  0.96544755 0.5715543  0.75460064 3.        ], shape=(6,), dtype=float32)",0.1,[2 3 2 5 2 6 0 0 0 0 0 2 0 0 0 4 0 0 0 0 0 0 0 0 0],False,"tf.Tensor(
[[ 1.3426976   1.1582743   0.96544755  0.5715543   0.75460064 -0.00488803
   0.13046235  0.8082154   1.1352241   0.19837165  0.59173715  0.01498522
   0.682283    0.45883328  0.4548463   0.7850505   0.52174616  0.0731748 ]], shape=(1, 18), dtype=float32)"
406,[2 3 2 5 2 6 0 0 0 0 0 2 0 0 0 4 0 0 0 0 0 0 0 0 0],"tf.Tensor([ 1.4334495   0.8486304   0.9435155   1.0553913   0.68389404 10.        ], shape=(6,), dtype=float32)",0.0,[3 1 0 0 0 0 0 2 5 5 2 4 0 0 0 4 0 0 0 0 0 0 0 0 0],False,"tf.Tensor(
[[ 1.4334495   0.8486304   0.9435155   1.0553913   0.68389404  0.02217513
  -0.04954906  1.1300969   0.70813084 -0.1752387   0.60728216 -0.15541632
   0.7968079  -0.41509622  0.74015456  1.2815255   0.5958146   0.41647795]], shape=(1, 18), dtype=float32)"
407,[3 1 0 0 0 0 0 2 5 5 2 4 0 0 0 4 0 0 0 0 0 0 0 0 0],"tf.Tensor([ 1.212599    0.9157145   0.87244374  0.9914601   1.0093505  10.        ], shape=(6,), dtype=float32)",0.4,[3 2 2 2 1 6 0 0 0 2 0 0 0 0 0 4 0 0 0 0 0 0 0 0 0],False,"tf.Tensor(
[[ 1.212599    0.9157145   0.87244374  0.9914601   1.0093505   0.1026859
   0.02381679  0.6439797   0.73917377 -0.14454739  0.6356712  -0.20358503
   1.0694027  -0.09450859  0.79224116  1.1391184   0.74823886  0.34648776]], shape=(1, 18), dtype=float32)"
408,[3 2 2 2 1 6 0 0 0 2 0 0 0 0 0 4 0 0 0 0 0 0 0 0 0],"tf.Tensor([0.9198879  0.7865441  0.37987703 0.69765353 0.50453347 2.        ], shape=(6,), dtype=float32)",0.0,[3 3 2 2 1 6 0 0 0 6 0 0 0 0 0 4 0 0 0 0 0 0 0 0 0],False,"tf.Tensor(
[[ 0.9198879   0.7865441   0.37987703  0.69765353  0.50453347  0.23022601
  -0.200482    0.67580247  0.4693261  -0.15221532  0.21903619 -0.20538211
   0.62186    -0.0569561   0.46997812  0.60239536  0.60662603  0.2696648 ]], shape=(1, 18), dtype=float32)"
409,[3 3 2 2 1 6 0 0 0 6 0 0 0 0 0 4 0 0 0 0 0 0 0 0 0],"tf.Tensor([1.1535169 0.9033321 0.5321214 0.6453994 0.7113593 3.       ], shape=(6,), dtype=float32)",-8.0,[4 1 0 0 0 0 0 2 2 5 1 6 0 0 0 0 0 0 0 0 0 0 0 0 0],False,"tf.Tensor(
[[ 1.1535169   0.9033321   0.5321214   0.6453994   0.7113593   0.40990385
   0.04674801  0.58347243  0.9590841  -0.1673689   0.18581823 -0.15562233
   0.71407473  0.04875559  0.5311057   0.57746893  0.7963336   0.2738762 ]], shape=(1, 18), dtype=float32)"
410,[4 1 0 0 0 0 0 2 2 5 1 6 0 0 0 0 0 0 0 0 0 0 0 0 0],"tf.Tensor([1.3805505  1.0571775  0.90358114 0.7616298  1.2447708  7.        ], shape=(6,), dtype=float32)",0.4,[4 2 6 6 4 4 0 0 0 0 5 0 0 0 0 0 0 0 0 0 0 0 0 0 0],False,"tf.Tensor(
[[ 1.3805505   1.0571775   0.90358114  0.7616298   1.2447708   0.22132583
   0.6472818   0.5769821   1.1389023  -0.02570793  0.69294685  0.24386075
   1.1927733   0.7630552   0.5844663   1.0863861   0.9748935   0.10258404]], shape=(1, 18), dtype=float32)"
411,[4 2 6 6 4 4 0 0 0 0 5 0 0 0 0 0 0 0 0 0 0 0 0 0 0],[0 1 0 1 1 0],0.1,[4 3 6 6 4 4 5 0 0 0 0 0 0 0 0 0 0 0 0 0 0 0 0 0 0],False,"tf.Tensor(
[[ 1.7858889   1.2013909   1.3176687   1.5403527   1.4965811  -0.04297141
   0.42308992  0.8870011   1.3423046   0.01853983  0.7271268   0.12125155
   1.4591825  -0.2189482   1.3363205   1.9423597   0.9745774   0.66383964]], shape=(1, 18), dtype=float32)"
412,[4 3 6 6 4 4 5 0 0 0 0 0 0 0 0 0 0 0 0 0 0 0 0 0 0],"tf.Tensor([2.1916437 1.6199235 1.5944054 1.5356667 2.0057342 3.       ], shape=(6,), dtype=float32)",16.0,[5 1 0 0 0 0 0 6 6 4 3 4 0 0 0 8 0 0 0 0 0 0 0 0 0],False,"tf.Tensor(
[[ 2.1916437   1.6199235   1.5944054   1.5356667   2.0057342   0.3221701
   0.38490993  0.7778325   2.0190485   0.13153435  0.7705926  -0.46881118
   1.9456557   0.17828633  1.4518393   1.9078978   1.1060067   0.69561076]], shape=(1, 18), dtype=float32)"
413,[5 1 0 0 0 0 0 6 6 4 3 4 0 0 0 8 0 0 0 0 0 0 0 0 0],"tf.Tensor([1.3348039 1.4786375 0.700062  1.1542207 1.2098546 7.       ], shape=(6,), dtype=float32)",0.4,[5 2 2 5 6 5 0 0 0 4 0 0 0 0 0 8 0 0 0 0 0 0 0 0 0],False,"tf.Tensor(
[[ 1.3348039   1.4786375   0.700062    1.1542207   1.2098546   0.40015107
  -0.177547    0.92219085  0.91573614 -0.2633969   0.1966697  -0.6554091
   1.4308479  -0.07010123  1.1220721   1.1642901   1.2182605   0.26904303]], shape=(1, 18), dtype=float32)"
414,[5 2 2 5 6 5 0 0 0 4 0 0 0 0 0 8 0 0 0 0 0 0 0 0 0],[0 1 1 0 0 9],0.1,[5 3 2 5 6 5 4 0 0 0 0 0 0 0 0 8 0 0 0 0 0 0 0 0 0],False,"tf.Tensor(
[[ 1.9011446   1.2738839   0.589281    1.6834301   0.7147094   0.36559212
  -0.53235066  1.2436593   0.4901305  -0.32945645  0.4898383  -0.3387653
   1.1523719  -0.3327654   0.99972206  1.5700061   0.9540129   0.95387316]], shape=(1, 18), dtype=float32)"
415,[5 3 2 5 6 5 4 0 0 0 0 0 0 0 0 8 0 0 0 0 0 0 0 0 0],"tf.Tensor([ 2.2133508  1.0476898  0.8134616  2.0270925  0.5662046 10.       ], shape=(6,), dtype=float32)",0.0,[6 1 0 0 0 0 0 2 5 3 6 5 0 0 0 8 0 0 0 0 0 0 0 0 0],False,"tf.Tensor(
[[ 2.2133508   1.0476898   0.8134616   2.0270925   0.5662046   0.64249337
  -0.6025379   0.8586761   0.99725825 -0.15481474  0.77069885 -0.32977316
   1.0608895  -0.5725101   1.2986263   1.9636213   0.64585096  1.445518  ]], shape=(1, 18), dtype=float32)"
416,[6 1 0 0 0 0 0 2 5 3 6 5 0 0 0 8 0 0 0 0 0 0 0 0 0],"tf.Tensor([ 1.4783005  1.1870418  0.8990807  1.3228039  1.0819005 10.       ], shape=(6,), dtype=float32)",0.4,[6 2 2 6 2 5 0 0 0 1 0 0 0 0 0 8 0 0 0 0 0 0 0 0 0],False,"tf.Tensor(
[[ 1.4783005   1.1870418   0.8990807   1.3228039   1.0819005   0.32625362
   0.14705178  0.55039287  1.421651   -0.01886579  0.4595846  -0.87113816
   1.1348003  -0.30604887  1.0864853   1.5374482   0.6625156   0.5964091 ]], shape=(1, 18), dtype=float32)"
417,[6 2 2 6 2 5 0 0 0 1 0 0 0 0 0 8 0 0 0 0 0 0 0 0 0],"tf.Tensor([1.3589624  1.1039044  0.41019067 1.1878638  0.6645026  2.        ], shape=(6,), dtype=float32)",0.0,[6 3 2 6 2 5 0 0 0 4 0 0 0 0 0 8 0 0 0 0 0 0 0 0 0],False,"tf.Tensor(
[[ 1.3589624   1.1039044   0.41019067  1.1878638   0.6645026   0.1958646
  -0.44454753  1.1343129   0.44532922 -0.18251868  0.38923505 -0.23391934
   0.9536834  -0.19891737  0.7640043   1.0124286   0.9020363   0.47432584]], shape=(1, 18), dtype=float32)"
418,[6 3 2 6 2 5 0 0 0 4 0 0 0 0 0 8 0 0 0 0 0 0 0 0 0],"tf.Tensor([1.3092785  1.2617536  0.36150408 1.0245788  0.77568233 2.        ], shape=(6,), dtype=float32)",0.0,[7 1 0 0 0 0 0 2 6 4 2 5 0 0 0 8 0 0 0 0 0 0 0 0 0],False,"tf.Tensor(
[[ 1.3092785   1.2617536   0.36150408  1.0245788   0.77568233  0.22818623
  -0.45560294  1.226593    0.43123254 -0.27912655  0.26540953 -0.18417186
   1.0442948  -0.00477544  0.65604943  0.8060858   1.0414004   0.3027645 ]], shape=(1, 18), dtype=float32)"
419,[7 1 0 0 0 0 0 2 6 4 2 5 0 0 0 8 0 0 0 0 0 0 0 0 0],"tf.Tensor([ 1.5094315  1.1766778  0.8571562  1.3030652  0.9321942 10.       ], shape=(6,), dtype=float32)",0.4,[7 2 6 1 1 4 0 0 0 1 0 0 0 0 0 8 0 0 0 0 0 0 0 0 0],False,"tf.Tensor(
[[ 1.5094315   1.1766778   0.8571562   1.3030652   0.9321942   0.28895402
  -0.16022514  1.0593385   0.806839   -0.4036617   0.42005408 -0.4878818
   1.2812161  -0.37568253  0.9295172   1.3630792   0.93546546  0.5028427 ]], shape=(1, 18), dtype=float32)"
420,[7 2 6 1 1 4 0 0 0 1 0 0 0 0 0 8 0 0 0 0 0 0 0 0 0],"tf.Tensor([0.7599269  0.70800066 0.05631231 1.0208995  0.866891   7.        ], shape=(6,), dtype=float32)",0.0,[7 3 6 1 1 4 0 0 0 5 0 0 0 0 0 8 0 0 0 0 0 0 0 0 0],False,"tf.Tensor(
[[ 0.7599269   0.70800066  0.05631231  1.0208995   0.866891    0.3158073
  -0.09609111  0.5521505   0.1741884  -0.31939948 -0.0284765  -0.36662632
   1.1190197  -0.14215006  0.60045826  0.9538349   0.85431534  0.4688494 ]], shape=(1, 18), dtype=float32)"
421,[7 3 6 1 1 4 0 0 0 5 0 0 0 0 0 8 0 0 0 0 0 0 0 0 0],"tf.Tensor([1.0567504  1.0621283  0.2550812  0.8381112  0.94379336 7.        ], shape=(6,), dtype=float32)",0.0,[8 1 0 0 0 0 0 6 1 2 1 4 0 0 0 8 0 0 0 0 0 0 0 0 0],False,"tf.Tensor(
[[ 1.0567504   1.0621283   0.2550812   0.8381112   0.94379336  0.62161785
  -0.02801206  0.4795694   0.8320414  -0.35486987 -0.02021838 -0.28333014
   1.1281883   0.10783435  0.71614975  0.6334183   1.0698245   0.3761467 ]], shape=(1, 18), dtype=float32)"
422,[8 1 0 0 0 0 0 6 1 2 1 4 0 0 0 8 0 0 0 0 0 0 0 0 0],"tf.Tensor([1.3679636  1.2889787  0.58344537 1.0134336  0.8120663  9.        ], shape=(6,), dtype=float32)",0.30000000000000004,[8 2 4 3 3 0 0 0 0 5 0 5 0 0 0 8 0 0 0 0 0 0 0 0 0],False,"tf.Tensor(
[[ 1.3679636   1.2889787   0.58344537  1.0134336   0.8120663   0.05074929
  -0.2362528   0.85464615  0.90097946  0.27711833  0.01475942 -0.5823787
   1.0383334   0.16655025  1.1341628   0.5469563   0.9981194   0.39244747]], shape=(1, 18), dtype=float32)"
423,[8 2 4 3 3 0 0 0 0 5 0 5 0 0 0 8 0 0 0 0 0 0 0 0 0],"tf.Tensor([ 1.6263348   1.0008788   0.6759077   1.0180453   0.89956546 11.        ], shape=(6,), dtype=float32)",0.0,[8 3 4 3 3 0 0 0 0 5 0 1 0 0 0 8 0 0 0 0 0 0 0 0 0],False,"tf.Tensor(
[[ 1.6263348   1.0008788   0.6759077   1.0180453   0.89956546  0.4270312
   0.17937894  0.94534236  0.98962474 -0.19019951  0.27242443  0.05992867
   1.0863618   0.08736785  0.77030706  0.98382753  1.1311074   0.47157794]], shape=(1, 18), dtype=float32)"
424,[8 3 4 3 3 0 0 0 0 5 0 1 0 0 0 8 0 0 0 0 0 0 0 0 0],"tf.Tensor([1.3182989 0.9752171 0.3740659 0.9187879 0.8919211 7.       ], shape=(6,), dtype=float32)",0.0,[9 1 0 0 0 0 0 4 3 2 3 4 0 0 0 8 0 0 0 0 0 0 0 0 0],False,"tf.Tensor(
[[ 1.3182989   0.9752171   0.3740659   0.9187879   0.8919211   0.5315136
   0.13871735  0.7120779   0.80366075 -0.30924812  0.06099868 -0.00599555
   1.1308051   0.16789567  0.6597667   0.8075803   1.1175145   0.46526277]], shape=(1, 18), dtype=float32)"
425,[9 1 0 0 0 0 0 4 3 2 3 4 0 0 0 8 0 0 0 0 0 0 0 0 0],"tf.Tensor([1.583472   1.1803088  0.65955436 1.3668107  0.96910226 7.        ], shape=(6,), dtype=float32)",0.4,[9 2 3 3 3 3 0 0 0 3 0 0 0 0 0 8 0 0 0 0 0 0 0 0 0],False,"tf.Tensor(
[[ 1.583472    1.1803088   0.65955436  1.3668107   0.96910226  0.1337511
  -0.1333841   0.8680268   0.9516083   0.27404714  0.3073038  -0.4218928
   1.2098793   0.02187923  1.0680364   1.1324546   0.914572    0.7290714 ]], shape=(1, 18), dtype=float32)"
426,[9 2 3 3 3 3 0 0 0 3 0 0 0 0 0 8 0 0 0 0 0 0 0 0 0],"tf.Tensor([ 1.3334913   0.88636243  0.3349338   1.1892499   0.7901817  10.        ], shape=(6,), dtype=float32)",0.0,[9 3 3 3 3 3 0 0 0 4 0 0 0 0 0 8 0 0 0 0 0 0 0 0 0],False,"tf.Tensor(
[[ 1.3334913   0.88636243  0.3349338   1.1892499   0.7901817   0.41913524
  -0.08833881  0.76578224  0.5534226  -0.3042984   0.19811633 -0.10454015
   1.0954157  -0.16356952  0.79685605  1.0956676   0.9547841   0.69371307]], shape=(1, 18), dtype=float32)"
427,[9 3 3 3 3 3 0 0 0 4 0 0 0 0 0 8 0 0 0 0 0 0 0 0 0],"tf.Tensor([1.3821765  0.9587785  0.43113393 1.1239494  0.8445575  7.        ], shape=(6,), dtype=float32)",24.0,[10 1 0 0 0 0 0 3 3 3 3 3 0 0 0 8 0 0 0 12 0 0 0 0 0],False,"tf.Tensor(
[[ 1.38217652e+00  9.58778501e-01  4.31133926e-01  1.12394941e+00
   8.44557524e-01  4.50208247e-01 -8.09501857e-04  7.59320438e-01
   7.31392980e-01 -3.25837106e-01  1.98227912e-01 -9.88761634e-02
   1.12887025e+00 -1.21027276e-01  7.92665124e-01  1.03235161e+00
   1.01281190e+00  6.30594313e-01]], shape=(1, 18), dtype=float32)"
428,[10 1 0 0 0 0 0 3 3 3 3 3 0 0 0 8 0 0 0 12 0 0 0 0 0],"tf.Tensor([1.1581019  1.5715495  1.4782164  0.38583902 1.5209975  2.        ], shape=(6,), dtype=float32)",0.4,[10 2 4 4 6 3 0 0 0 0 6 0 0 0 0 8 0 0 0 12 0 0 0 0 0],False,"tf.Tensor(
[[ 1.1581019   1.5715495   1.4782164   0.38583902  1.5209975  -0.554654
  -0.28993613  2.5442271   1.4467263   0.11336707  0.0076707  -0.92653
   1.1764753  -0.4945904   1.4702817   0.486241    1.9938676  -1.1938357 ]], shape=(1, 18), dtype=float32)"
429,[10 2 4 4 6 3 0 0 0 0 6 0 0 0 0 8 0 0 0 12 0 0 0 0 0],"tf.Tensor([ 1.3947661  1.3698927  1.1686172  0.8942582  1.9774628 10.       ], shape=(6,), dtype=float32)",0.0,[10 3 4 4 6 3 0 0 0 0 6 0 0 0 0 8 0 0 0 12 0 0 0 0 0],False,"tf.Tensor(
[[ 1.3947661   1.3698927   1.1686172   0.8942582   1.9774628   0.06141667
   1.0347815   2.182615    1.9025289  -0.18072103 -0.28180194 -0.65775645
   1.2249751  -0.90330434  1.520976    2.3440783   1.4009691  -0.2824606 ]], shape=(1, 18), dtype=float32)"
430,[10 3 4 4 6 3 0 0 0 0 6 0 0 0 0 8 0 0 0 12 0 0 0 0 0],"tf.Tensor([ 1.409822   1.2732882  1.2765529  0.9763317  1.9058474 10.       ], shape=(6,), dtype=float32)",0.0,[11 1 0 0 0 0 0 4 4 6 2 3 0 0 0 8 0 0 0 12 0 0 0 0 0],False,"tf.Tensor(
[[ 1.409822    1.2732882   1.2765529   0.9763317   1.9058474   0.02899037
   1.0153071   2.1786113   1.7877295  -0.22316621 -0.21744251 -0.62614596
   1.3212779  -1.0117608   1.558297    2.3680844   1.3930804  -0.22104557]], shape=(1, 18), dtype=float32)"
431,[11 1 0 0 0 0 0 4 4 6 2 3 0 0 0 8 0 0 0 12 0 0 0 0 0],"tf.Tensor([1.2786912  1.5305544  1.4721923  0.42132136 1.5886436  2.        ], shape=(6,), dtype=float32)",0.4,[11 2 4 5 3 4 0 0 0 0 4 0 0 0 0 8 0 0 0 12 0 0 0 0 0],False,"tf.Tensor(
[[ 1.2786912   1.5305544   1.4721923   0.42132136  1.5886436  -0.3331645
  -0.15335481  2.5765762   1.3632752   0.02514569 -0.18582326 -0.69568366
   1.4462254  -0.5214751   1.6226554   0.48205563  2.2682185  -1.1300443 ]], shape=(1, 18), dtype=float32)"
432,[11 2 4 5 3 4 0 0 0 0 4 0 0 0 0 8 0 0 0 12 0 0 0 0 0],"tf.Tensor([1.4047354 1.1524695 1.2937005 0.7892148 2.1592584 2.       ], shape=(6,), dtype=float32)",0.0,[11 3 4 5 3 4 0 0 0 0 4 0 0 0 0 8 0 0 0 12 0 0 0 0 0],False,"tf.Tensor(
[[ 1.4047354   1.1524695   1.2937005   0.7892148   2.1592584   0.00246553
   1.0345848   2.246457    1.7181133  -0.40494508 -0.17730424 -0.3519774
   1.5038056  -0.87480485  1.4240535   2.1327763   1.6817107  -0.43117273]], shape=(1, 18), dtype=float32)"
433,[11 3 4 5 3 4 0 0 0 0 4 0 0 0 0 8 0 0 0 12 0 0 0 0 0],"tf.Tensor([1.4172623  1.0831156  1.4521158  0.87035966 2.0799565  2.        ], shape=(6,), dtype=float32)",6.0,[12 1 0 0 0 0 0 4 5 3 6 4 0 0 3 8 0 0 0 12 0 0 0 0 0],False,"tf.Tensor(
[[ 1.4172623   1.0831156   1.4521158   0.87035966  2.0799565  -0.07777424
   1.0229832   2.2528942   1.6533641  -0.38247323 -0.10055125 -0.3707632
   1.6013339  -0.9958124   1.5266105   2.1405466   1.676896   -0.40292403]], shape=(1, 18), dtype=float32)"
434,[12 1 0 0 0 0 0 4 5 3 6 4 0 0 3 8 0 0 0 12 0 0 0 0 0],"tf.Tensor([1.704028  1.6975651 1.7238936 1.1465994 1.5098563 2.       ], shape=(6,), dtype=float32)",0.5,[12 2 2 3 5 2 6 0 0 0 0 0 0 0 3 8 0 0 0 12 0 0 0 0 0],False,"tf.Tensor(
[[ 1.704028    1.6975651   1.7238936   1.1465994   1.5098563  -0.62289387
  -0.16252242  2.8388402   1.1659423   0.02006249  0.29893473 -0.6479248
   1.8084875  -0.785202    1.9076748   1.283859    2.0287807  -0.58327657]], shape=(1, 18), dtype=float32)"
435,[12 2 2 3 5 2 6 0 0 0 0 0 0 0 3 8 0 0 0 12 0 0 0 0 0],"tf.Tensor([1.8237191 2.682258  1.0246518 1.2825472 2.0184052 2.       ], shape=(6,), dtype=float32)",0.0,[12 3 2 3 5 2 6 0 0 0 0 0 0 0 3 8 0 0 0 12 0 0 0 0 0],False,"tf.Tensor(
[[ 1.8237191   2.682258    1.0246518   1.2825472   2.0184052   0.17661773
   0.19440837  3.0257664   1.590207   -0.21953191 -0.43028754 -1.1270713
   1.6480764  -0.4554236   1.4981971   2.4030483   1.6050274  -0.31478825]], shape=(1, 18), dtype=float32)"
436,[12 3 2 3 5 2 6 0 0 0 0 0 0 0 3 8 0 0 0 12 0 0 0 0 0],"tf.Tensor([1.8086727 2.5922406 1.1426237 1.3139584 1.9959854 2.       ], shape=(6,), dtype=float32)",0.0,[13 1 0 0 0 0 0 2 3 5 2 6 0 0 3 8 0 0 0 12 0 0 0 0 0],False,"tf.Tensor(
[[ 1.8086727   2.5922406   1.1426237   1.3139584   1.9959854   0.12959568
   0.22568895  3.0090284   1.5600815  -0.2200694  -0.38478136 -1.1373312
   1.7154498  -0.56151557  1.55027     2.412116    1.6097533  -0.3213296 ]], shape=(1, 18), dtype=float32)"
437,[13 1 0 0 0 0 0 2 3 5 2 6 0 0 3 8 0 0 0 12 0 0 0 0 0],"tf.Tensor([1.4884287 1.636671  1.8037145 0.8161382 1.534808  2.       ], shape=(6,), dtype=float32)",0.4,[13 2 6 3 4 5 0 0 0 0 5 0 0 0 3 8 0 0 0 12 0 0 0 0 0],False,"tf.Tensor(
[[ 1.4884287   1.636671    1.8037145   0.8161382   1.534808   -0.51458794
   0.20281805  2.7249463   1.297016    0.14885108  0.17219102 -0.510269
   1.7603819  -0.8048454   1.8441774   1.1714133   1.8824545  -0.89230233]], shape=(1, 18), dtype=float32)"
438,[13 2 6 3 4 5 0 0 0 0 5 0 0 0 3 8 0 0 0 12 0 0 0 0 0],"tf.Tensor([ 1.5410621  1.7239071  1.1531215  1.131814   2.56509   10.       ], shape=(6,), dtype=float32)",0.1,[13 3 6 3 4 5 5 0 0 0 0 0 0 0 3 8 0 0 0 12 0 0 0 0 0],False,"tf.Tensor(
[[ 1.5410621   1.7239071   1.1531215   1.131814    2.56509     0.09510373
   1.4533929   2.4009132   1.9822582  -0.37625852 -0.49179572 -0.82760537
   1.8227645  -0.9584609   1.7533325   2.793007    1.9172914  -0.36078283]], shape=(1, 18), dtype=float32)"
439,[13 3 6 3 4 5 5 0 0 0 0 0 0 0 3 8 0 0 0 12 0 0 0 0 0],"tf.Tensor([2.0731103 2.1435225 1.4492528 1.3927591 2.304505  2.       ], shape=(6,), dtype=float32)",0.0,[14 1 0 0 0 0 0 6 3 4 3 5 0 0 3 8 0 0 0 12 0 0 0 0 0],True,"tf.Tensor(
[[ 2.0731103   2.1435225   1.4492528   1.3927591   2.304505    0.15650772
   0.88996774  2.8356109   1.7805775  -0.47848806 -0.2783416  -0.7005961
   2.0395935  -0.79180574  1.7325683   2.681355    1.9710182  -0.14425121]], shape=(1, 18), dtype=float32)"
440,[1 1 0 0 0 0 0 6 2 5 4 4 0 0 0 0 0 0 0 0 0 0 0 0 0],"tf.Tensor([1.3645283  1.5126655  1.0282341  0.62110895 1.6183583  7.        ], shape=(6,), dtype=float32)",0.4,[1 2 6 2 5 4 0 0 0 0 1 0 0 0 0 0 0 0 0 0 0 0 0 0 0],False,"tf.Tensor(
[[ 1.3645283   1.5126655   1.0282341   0.62110895  1.6183583   0.616575
   0.54901963  0.26508746  1.5031866  -0.26903218  0.41350818 -0.00307138
   1.5544435   0.80930567  0.9943922   0.88268584  1.461257   -0.05939634]], shape=(1, 18), dtype=float32)"
441,[1 2 6 2 5 4 0 0 0 0 1 0 0 0 0 0 0 0 0 0 0 0 0 0 0],"tf.Tensor([ 1.1955968   0.89225453  1.129776    1.1225342   1.4629502  10.        ], shape=(6,), dtype=float32)",0.1,[1 3 6 2 5 4 1 0 0 0 0 0 0 0 0 0 0 0 0 0 0 0 0 0 0],False,"tf.Tensor(
[[ 1.1955968   0.89225453  1.129776    1.1225342   1.4629502   0.04726515
   0.93560433  0.37218654  1.3131896  -0.26067525  0.57113016  0.13069691
   1.2972631  -0.25118157  1.1252785   1.8429959   0.7966225   0.46117297]], shape=(1, 18), dtype=float32)"
442,[1 3 6 2 5 4 1 0 0 0 0 0 0 0 0 0 0 0 0 0 0 0 0 0 0],"tf.Tensor([ 1.356201   0.9438812  1.2155951  1.1284108  1.5755101 10.       ], shape=(6,), dtype=float32)",0.0,[2 1 0 0 0 0 0 6 2 5 4 4 0 0 0 0 0 0 0 0 0 0 0 0 0],False,"tf.Tensor(
[[ 1.356201    0.9438812   1.2155951   1.1284108   1.5755101   0.126139
   0.9100306   0.40914875  1.4481158  -0.2311295   0.6240443   0.01339796
   1.4468527  -0.16843036  1.1562816   1.8288425   0.8341013   0.4948403 ]], shape=(1, 18), dtype=float32)"
443,[2 1 0 0 0 0 0 6 2 5 4 4 0 0 0 0 0 0 0 0 0 0 0 0 0],"tf.Tensor([1.5391468  1.5221493  1.031941   0.65297824 1.6261638  3.        ], shape=(6,), dtype=float32)",0.4,[2 2 5 2 4 1 0 0 0 0 1 0 0 0 0 0 0 0 0 0 0 0 0 0 0],False,"tf.Tensor(
[[ 1.5391468   1.5221493   1.031941    0.65297824  1.6261638   0.7470239
   0.6835907   0.33154076  1.6229452  -0.28028542  0.39454094 -0.01920402
   1.6181434   0.9616587   0.9769868   0.95013076  1.5510284  -0.0434114 ]], shape=(1, 18), dtype=float32)"
444,[2 2 5 2 4 1 0 0 0 0 1 0 0 0 0 0 0 0 0 0 0 0 0 0 0],[0 1 0 1 1 0],0.1,[2 3 5 2 4 1 1 0 0 0 0 0 0 0 0 0 0 0 0 0 0 0 0 0 0],False,"tf.Tensor(
[[ 1.151835    0.7649073   0.9491405   1.0401356   1.0401101  -0.0025573
   0.4347185   0.5257721   0.9696107  -0.05181842  0.5095469   0.06998789
   1.0101761  -0.22081563  0.9517316   1.3912659   0.6502028   0.44794524]], shape=(1, 18), dtype=float32)"
445,[2 3 5 2 4 1 1 0 0 0 0 0 0 0 0 0 0 0 0 0 0 0 0 0 0],"tf.Tensor([ 1.2761774  0.8301312  1.0762374  1.0833827  1.1828026 10.       ], shape=(6,), dtype=float32)",0.0,[3 1 0 0 0 0 0 5 2 4 2 1 0 0 0 0 0 0 0 0 0 0 0 0 0],False,"tf.Tensor(
[[ 1.2761774   0.8301312   1.0762374   1.0833827   1.1828026   0.08703652
   0.48721293  0.49656165  1.1505893  -0.06045768  0.5497248  -0.11423963
   1.182124   -0.19435063  1.0216657   1.490751    0.65917975  0.4978819 ]], shape=(1, 18), dtype=float32)"
446,[3 1 0 0 0 0 0 5 2 4 2 1 0 0 0 0 0 0 0 0 0 0 0 0 0],"tf.Tensor([1.4070431 1.087187  0.5805445 0.766236  1.1702571 7.       ], shape=(6,), dtype=float32)",0.30000000000000004,[3 2 5 6 6 0 0 0 0 2 3 0 0 0 0 0 0 0 0 0 0 0 0 0 0],False,"tf.Tensor(
[[ 1.4070431   1.087187    0.5805445   0.766236    1.1702571   0.73136365
   0.4701454   0.38959706  1.1083122  -0.22617069  0.19047068 -0.04422104
   1.3017147   0.73440504  0.72425133  0.9019673   1.1845603   0.31715158]], shape=(1, 18), dtype=float32)"
447,[3 2 5 6 6 0 0 0 0 2 3 0 0 0 0 0 0 0 0 0 0 0 0 0 0],"tf.Tensor([ 1.8426741  1.3633305  1.4340799  1.2691257  1.5856242 10.       ], shape=(6,), dtype=float32)",0.2,[3 3 5 6 6 2 3 0 0 0 0 0 0 0 0 0 0 0 0 0 0 0 0 0 0],False,"tf.Tensor(
[[ 1.8426741   1.3633305   1.4340799   1.2691257   1.5856242   0.10189623
   0.49076474  0.73227197  1.6919057   0.1705724   0.6301595  -0.22363998
   1.4396209   0.11827452  1.2556267   1.9035347   0.8413931   0.51230663]], shape=(1, 18), dtype=float32)"
448,[3 3 5 6 6 2 3 0 0 0 0 0 0 0 0 0 0 0 0 0 0 0 0 0 0],"tf.Tensor([ 2.132653   1.2958505  1.6866366  1.5233313  1.6823343 10.       ], shape=(6,), dtype=float32)",0.0,[4 1 0 0 0 0 0 5 6 5 2 6 0 0 0 0 0 0 0 0 0 0 0 0 0],False,"tf.Tensor(
[[ 2.132653    1.2958505   1.6866366   1.5233313   1.6823343   0.19960791
   0.58194464  0.9181401   1.9047402   0.05421248  0.7577481  -0.4018375
   1.7081245  -0.262186    1.5214305   2.0681493   0.9587109   0.71625274]], shape=(1, 18), dtype=float32)"
449,[4 1 0 0 0 0 0 5 6 5 2 6 0 0 0 0 0 0 0 0 0 0 0 0 0],"tf.Tensor([1.9053352 1.5051204 1.2212907 1.0812324 1.723264  7.       ], shape=(6,), dtype=float32)",0.5,[4 2 6 3 4 4 6 0 0 0 0 0 0 0 0 0 0 0 0 0 0 0 0 0 0],False,"tf.Tensor(
[[ 1.9053352   1.5051204   1.2212907   1.0812324   1.723264    0.39265922
   0.57855844  0.7050909   1.5952151  -0.05747215  0.8255688   0.05590651
   1.6188874   0.7675695   0.94614905  1.4031266   1.3418199   0.24615088]], shape=(1, 18), dtype=float32)"
450,[4 2 6 3 4 4 6 0 0 0 0 0 0 0 0 0 0 0 0 0 0 0 0 0 0],"tf.Tensor([1.7964884 1.5905102 1.152299  1.298447  1.9410053 7.       ], shape=(6,), dtype=float32)",0.0,[4 3 6 3 4 4 6 0 0 0 0 0 0 0 0 0 0 0 0 0 0 0 0 0 0],False,"tf.Tensor(
[[ 1.7964884   1.5905102   1.152299    1.298447    1.9410053   0.4090713
   0.4135298   0.44932297  1.7431719   0.02577026  0.609699   -0.321702
   1.8552518   0.47061872  1.2027454   1.5785079   1.1002985   0.62417775]], shape=(1, 18), dtype=float32)"
451,[4 3 6 3 4 4 6 0 0 0 0 0 0 0 0 0 0 0 0 0 0 0 0 0 0],"tf.Tensor([1.8664205 1.5862372 1.2776595 1.3585067 1.9659762 7.       ], shape=(6,), dtype=float32)",0.0,[5 1 0 0 0 0 0 6 3 4 4 6 0 0 0 0 0 0 0 0 0 0 0 0 0],False,"tf.Tensor(
[[ 1.8664205   1.5862372   1.2776595   1.3585067   1.9659762   0.37517306
   0.40958697  0.5036266   1.7951946   0.04267708  0.66506886 -0.3637691
   1.9088008   0.4017755   1.2535514   1.6548778   1.0879885   0.63848424]], shape=(1, 18), dtype=float32)"
452,[5 1 0 0 0 0 0 6 3 4 4 6 0 0 0 0 0 0 0 0 0 0 0 0 0],"tf.Tensor([1.8534042  1.6026552  1.031269   0.63453126 1.8169148  3.        ], shape=(6,), dtype=float32)",0.4,[5 2 3 5 3 5 0 0 0 0 2 0 0 0 0 0 0 0 0 0 0 0 0 0 0],False,"tf.Tensor(
[[ 1.8534042   1.6026552   1.031269    0.63453126  1.8169148   0.9737855
   1.1359837   0.46530467  1.9730889  -0.4141135   0.35842812  0.07742043
   1.7598866   1.1908606   0.93917394  1.1956061   1.7193452  -0.00349007]], shape=(1, 18), dtype=float32)"
453,[5 2 3 5 3 5 0 0 0 0 2 0 0 0 0 0 0 0 0 0 0 0 0 0 0],"tf.Tensor([ 1.7668374   0.88533384  1.2643588   1.1898896   1.272522   10.        ], shape=(6,), dtype=float32)",0.1,[5 3 3 5 3 5 2 0 0 0 0 0 0 0 0 0 0 0 0 0 0 0 0 0 0],False,"tf.Tensor(
[[ 1.7668374   0.88533384  1.2643588   1.1898896   1.272522    0.08621132
   0.61041725  1.0141025   1.3248873  -0.07380675  0.6184199   0.05998125
   1.2358599  -0.2774796   0.9827232   1.7338858   0.74907184  0.63242185]], shape=(1, 18), dtype=float32)"
454,[5 3 3 5 3 5 2 0 0 0 0 0 0 0 0 0 0 0 0 0 0 0 0 0 0],"tf.Tensor([1.8892504 1.1350948 1.45549   1.1642524 1.5682646 3.       ], shape=(6,), dtype=float32)",0.0,[6 1 0 0 0 0 0 3 5 3 2 5 0 0 0 0 0 0 0 0 0 0 0 0 0],False,"tf.Tensor(
[[ 1.8892504   1.1350948   1.45549     1.1642524   1.5682646   0.1785784
   0.60795695  0.9465391   1.6897318  -0.03900671  0.66796744 -0.08351867
   1.4361508  -0.08382702  1.0034354   1.680453    0.86498463  0.5308143 ]], shape=(1, 18), dtype=float32)"
455,[6 1 0 0 0 0 0 3 5 3 2 5 0 0 0 0 0 0 0 0 0 0 0 0 0],[1 0 1 0 1 9],0.30000000000000004,[6 2 4 1 5 0 0 0 2 0 5 0 0 0 0 0 0 0 0 0 0 0 0 0 0],False,"tf.Tensor(
[[ 1.7823665   1.3403479   1.0692086   0.9385371   1.6261809   0.57112384
   0.6794523   0.5516631   1.5883001  -0.13021351  0.59634936  0.08311422
   1.5123476   0.8749705   0.7698584   1.1620948   1.4356009   0.16555412]], shape=(1, 18), dtype=float32)"
456,[6 2 4 1 5 0 0 0 2 0 5 0 0 0 0 0 0 0 0 0 0 0 0 0 0],[ 0  0  1  0  1 11],0.0,[6 3 4 1 5 0 0 0 2 0 6 0 0 0 0 0 0 0 0 0 0 0 0 0 0],False,"tf.Tensor(
[[ 1.9565775   0.7848689   1.2540284   1.4822114   0.9749204   0.3130777
   0.42150682  0.8625833   1.221288   -0.1222143   0.7319244  -0.07874173
   1.3280648  -0.1578085   1.1456525   1.8487874   0.85201776  0.75110483]], shape=(1, 18), dtype=float32)"
457,[6 3 4 1 5 0 0 0 2 0 6 0 0 0 0 0 0 0 0 0 0 0 0 0 0],"tf.Tensor([ 2.0894382   0.8500164   1.384186    1.5529064   0.97089696 10.        ], shape=(6,), dtype=float32)",0.0,[7 1 0 0 0 0 0 4 3 1 3 5 0 0 0 0 0 0 0 0 0 0 0 0 0],False,"tf.Tensor(
[[ 2.0894382   0.8500164   1.384186    1.5529064   0.97089696  0.29254347
   0.3722381   0.8850262   1.268324   -0.08538759  0.82308865 -0.07264119
   1.3812768  -0.08861028  1.2538973   1.9197434   0.9284248   0.72861624]], shape=(1, 18), dtype=float32)"
458,[7 1 0 0 0 0 0 4 3 1 3 5 0 0 0 0 0 0 0 0 0 0 0 0 0],"tf.Tensor([1.7647251  1.4171652  0.9831325  0.73931444 1.5339925  3.        ], shape=(6,), dtype=float32)",0.4,[7 2 6 1 1 6 0 0 0 0 3 0 0 0 0 0 0 0 0 0 0 0 0 0 0],False,"tf.Tensor(
[[ 1.7647251   1.4171652   0.9831325   0.73931444  1.5339925   0.7776497
   0.7751347   0.6503314   1.6595453  -0.3104677   0.35033014 -0.04121834
   1.5563546   0.8665775   0.86764836  1.0887045   1.3718117   0.16710922]], shape=(1, 18), dtype=float32)"
459,[7 2 6 1 1 6 0 0 0 0 3 0 0 0 0 0 0 0 0 0 0 0 0 0 0],"tf.Tensor([ 1.6958096   0.73756593  1.0013533   1.3141562   1.5338717  10.        ], shape=(6,), dtype=float32)",0.1,[7 3 6 1 1 6 3 0 0 0 0 0 0 0 0 0 0 0 0 0 0 0 0 0 0],False,"tf.Tensor(
[[ 1.6958096   0.73756593  1.0013533   1.3141562   1.5338717   0.37534916
   0.6995797   0.692187    1.2078797  -0.1809681   0.375985    0.05759405
   1.5981237  -0.03978695  1.0006509   1.6545312   1.0157552   0.79935324]], shape=(1, 18), dtype=float32)"
460,[7 3 6 1 1 6 3 0 0 0 0 0 0 0 0 0 0 0 0 0 0 0 0 0 0],"tf.Tensor([1.7688879 0.9766226 1.2077008 1.3189541 1.7964089 7.       ], shape=(6,), dtype=float32)",0.0,[8 1 0 0 0 0 0 6 1 1 4 6 0 0 0 0 0 0 0 0 0 0 0 0 0],False,"tf.Tensor(
[[ 1.7688879   0.9766226   1.2077008   1.3189541   1.7964089   0.45640042
   0.6807848   0.56226736  1.4523722  -0.23363116  0.41368136 -0.05927566
   1.8540491   0.01818112  1.0089536   1.6844938   1.1288433   0.77603513]], shape=(1, 18), dtype=float32)"
461,[8 1 0 0 0 0 0 6 1 1 4 6 0 0 0 0 0 0 0 0 0 0 0 0 0],"tf.Tensor([1.9869462 1.4557265 1.0136886 0.7148764 1.7016597 3.       ], shape=(6,), dtype=float32)",0.4,[8 2 4 4 5 4 0 0 0 0 6 0 0 0 0 0 0 0 0 0 0 0 0 0 0],False,"tf.Tensor(
[[ 1.9869462   1.4557265   1.0136886   0.7148764   1.7016597   1.0179969
   1.1446373   0.7114215   1.9779125  -0.413357    0.21495298  0.02511602
   1.7030493   1.0366346   0.9820103   1.2321687   1.6334941   0.12675577]], shape=(1, 18), dtype=float32)"
462,[8 2 4 4 5 4 0 0 0 0 6 0 0 0 0 0 0 0 0 0 0 0 0 0 0],[0 1 0 1 0 5],0.1,[8 3 4 4 5 4 6 0 0 0 0 0 0 0 0 0 0 0 0 0 0 0 0 0 0],False,"tf.Tensor(
[[ 2.288812    0.98235136  1.4308625   1.7391773   1.3612926   0.19572935
   0.5578934   1.1984125   1.4846876  -0.1463195   0.8449745   0.02969547
   1.56193    -0.38521087  1.3067375   2.3543165   0.80304056  1.0291609 ]], shape=(1, 18), dtype=float32)"
463,[8 3 4 4 5 4 6 0 0 0 0 0 0 0 0 0 0 0 0 0 0 0 0 0 0],"tf.Tensor([ 2.4882874  1.6852384  1.7575973  1.7788252  1.8912003 10.       ], shape=(6,), dtype=float32)",0.0,[9 1 0 0 0 0 0 4 4 5 6 4 0 0 0 0 0 0 0 0 0 0 0 0 0],False,"tf.Tensor(
[[ 2.4882874   1.6852384   1.7575973   1.7788252   1.8912003   0.3374395
   0.5076298   1.0363505   2.0271795  -0.04402657  0.9214407  -0.39004934
   2.0607893   0.1643734   1.3763355   2.1849134   1.1606417   0.8028459 ]], shape=(1, 18), dtype=float32)"
464,[9 1 0 0 0 0 0 4 4 5 6 4 0 0 0 0 0 0 0 0 0 0 0 0 0],"tf.Tensor([ 2.5537584  1.8353132  1.2986361  1.2710755  2.0233452 11.       ], shape=(6,), dtype=float32)",0.5,[9 2 2 5 1 5 2 0 0 0 0 0 0 0 0 0 0 0 0 0 0 0 0 0 0],False,"tf.Tensor(
[[ 2.5537584   1.8353132   1.2986361   1.2710755   2.0233452   1.1451257
   1.5651288   0.68555355  2.271669   -0.41360608  0.30784035  0.25570664
   1.9553286   1.833408    1.1247635   1.5558311   2.596174   -0.02978923]], shape=(1, 18), dtype=float32)"
465,[9 2 2 5 1 5 2 0 0 0 0 0 0 0 0 0 0 0 0 0 0 0 0 0 0],"tf.Tensor([ 2.036385   1.063381   1.28522    1.2008787  1.6960759 10.       ], shape=(6,), dtype=float32)",0.0,[9 3 2 5 1 5 2 0 0 0 0 0 0 0 0 0 0 0 0 0 0 0 0 0 0],False,"tf.Tensor(
[[ 2.036385    1.063381    1.28522     1.2008787   1.6960759   0.62278277
   0.91614854  0.852954    1.803822   -0.3275918   0.52228874  0.14722005
   1.5454865   0.23301387  0.6113252   1.88427     0.9990382   0.68154114]], shape=(1, 18), dtype=float32)"
466,[9 3 2 5 1 5 2 0 0 0 0 0 0 0 0 0 0 0 0 0 0 0 0 0 0],"tf.Tensor([2.0766342 1.0870317 1.3702829 1.1976583 1.7524931 3.       ], shape=(6,), dtype=float32)",0.0,[10 1 0 0 0 0 0 2 5 1 5 2 0 0 0 0 0 0 0 0 0 0 0 0 0],False,"tf.Tensor(
[[ 2.0766342   1.0870317   1.3702829   1.1976583   1.7524931   0.6284275
   0.91027975  0.8656277   1.9106637  -0.3029354   0.5460733   0.10478221
   1.5615778   0.21408641  0.6396974   1.9055284   0.9859266   0.65986913]], shape=(1, 18), dtype=float32)"
467,[10 1 0 0 0 0 0 2 5 1 5 2 0 0 0 0 0 0 0 0 0 0 0 0 0],"tf.Tensor([2.3621333 1.6457965 1.1092498 1.3276174 1.954512  3.       ], shape=(6,), dtype=float32)",0.5,[10 2 1 5 5 4 3 0 0 0 0 0 0 0 0 0 0 0 0 0 0 0 0 0 0],False,"tf.Tensor(
[[ 2.3621333   1.6457965   1.1092498   1.3276174   1.954512    0.9549765
   0.8755444   0.70296746  2.0888119  -0.25364536  0.40551755  0.13044646
   1.7409948   1.2254318   0.8717821   1.394263    1.8864149   0.38783392]], shape=(1, 18), dtype=float32)"
468,[10 2 1 5 5 4 3 0 0 0 0 0 0 0 0 0 0 0 0 0 0 0 0 0 0],"tf.Tensor([ 2.541224   1.1718704  1.7202233  1.5985425  1.3596424 10.       ], shape=(6,), dtype=float32)",0.0,[10 3 1 5 5 4 3 0 0 0 0 0 0 0 0 0 0 0 0 0 0 0 0 0 0],False,"tf.Tensor(
[[ 2.541224    1.1718704   1.7202233   1.5985425   1.3596424   0.4952531
   0.7925904   1.2450391   2.0489724  -0.2731075   0.99427366  0.12419438
   1.5240486  -0.07276681  0.98825246  2.3349524   0.8584625   0.85749406]], shape=(1, 18), dtype=float32)"
469,[10 3 1 5 5 4 3 0 0 0 0 0 0 0 0 0 0 0 0 0 0 0 0 0 0],"tf.Tensor([ 2.52836    1.1338211  1.7968444  1.5724943  1.4289621 10.       ], shape=(6,), dtype=float32)",0.0,[11 1 0 0 0 0 0 1 5 5 4 3 0 0 0 0 0 0 0 0 0 0 0 0 0],False,"tf.Tensor(
[[ 2.52836     1.1338211   1.7968444   1.5724943   1.4289621   0.52771354
   0.81066656  1.1873444   2.1592922  -0.26945555  0.9913627   0.06777765
   1.5281098  -0.12773846  1.0033052   2.3648162   0.80398285  0.8471056 ]], shape=(1, 18), dtype=float32)"
470,[11 1 0 0 0 0 0 1 5 5 4 3 0 0 0 0 0 0 0 0 0 0 0 0 0],"tf.Tensor([ 2.6019142  1.7333013  1.40442    1.4960632  2.1902585 11.       ], shape=(6,), dtype=float32)",0.5,[11 2 4 1 3 2 3 0 0 0 0 0 0 0 0 0 0 0 0 0 0 0 0 0 0],False,"tf.Tensor(
[[ 2.6019142   1.7333013   1.40442     1.4960632   2.1902585   1.0874237
   1.48777     0.6268318   2.2314317  -0.45598385  0.48612162  0.25272706
   2.1290126   1.6703864   0.9160949   1.7073926   2.505602    0.15464398]], shape=(1, 18), dtype=float32)"
471,[11 2 4 1 3 2 3 0 0 0 0 0 0 0 0 0 0 0 0 0 0 0 0 0 0],"tf.Tensor([ 2.3825355  1.2083632  1.1982136  1.5270038  1.6821623 10.       ], shape=(6,), dtype=float32)",0.0,[11 3 4 1 3 2 3 0 0 0 0 0 0 0 0 0 0 0 0 0 0 0 0 0 0],False,"tf.Tensor(
[[ 2.3825355   1.2083632   1.1982136   1.5270038   1.6821623   0.87806416
   0.9237168   0.86821115  1.9001697  -0.354848    0.5049467   0.156043
   1.7880392   0.4283864   0.7988909   2.0986898   1.265171    0.93285805]], shape=(1, 18), dtype=float32)"
472,[11 3 4 1 3 2 3 0 0 0 0 0 0 0 0 0 0 0 0 0 0 0 0 0 0],"tf.Tensor([ 2.4523244  1.2487862  1.2985278  1.5189221  1.7408941 10.       ], shape=(6,), dtype=float32)",0.0,[12 1 0 0 0 0 0 4 1 3 2 3 0 0 0 0 0 0 0 0 0 0 0 0 0],False,"tf.Tensor(
[[ 2.4523244   1.2487862   1.2985278   1.5189221   1.7408941   0.8858758
   0.929312    0.89746916  2.0360403  -0.3250502   0.54100883  0.12699111
   1.8055606   0.4365218   0.83269686  2.103345    1.2814137   0.8890548 ]], shape=(1, 18), dtype=float32)"
473,[12 1 0 0 0 0 0 4 1 3 2 3 0 0 0 0 0 0 0 0 0 0 0 0 0],"tf.Tensor([2.4956317 1.4238732 0.9959932 1.4877356 1.9338168 7.       ], shape=(6,), dtype=float32)",0.5,[12 2 5 2 5 1 1 0 0 0 0 0 0 0 0 0 0 0 0 0 0 0 0 0 0],False,"tf.Tensor(
[[ 2.4956317   1.4238732   0.9959932   1.4877356   1.9338168   1.0895578
   1.1991144   0.86178666  1.892846   -0.40760973  0.33902013  0.15774384
   1.9831758   1.2517687   0.82635     1.7037218   1.9464073   0.5422766 ]], shape=(1, 18), dtype=float32)"
474,[12 2 5 2 5 1 1 0 0 0 0 0 0 0 0 0 0 0 0 0 0 0 0 0 0],"tf.Tensor([ 2.6339824  1.014187   1.4409215  1.683076   1.8535192 10.       ], shape=(6,), dtype=float32)",0.0,[12 3 5 2 5 1 1 0 0 0 0 0 0 0 0 0 0 0 0 0 0 0 0 0 0],False,"tf.Tensor(
[[ 2.6339824   1.014187    1.4409215   1.683076    1.8535192   0.8622453
   1.0308609   1.0471065   2.1074622  -0.44273022  0.5886891   0.21650915
   1.7849567  -0.04965785  1.0221355   2.5532873   1.1761682   1.1097742 ]], shape=(1, 18), dtype=float32)"
475,[12 3 5 2 5 1 1 0 0 0 0 0 0 0 0 0 0 0 0 0 0 0 0 0 0],"tf.Tensor([ 2.6940734  1.0613776  1.5402721  1.683046   1.9185534 10.       ], shape=(6,), dtype=float32)",0.0,[13 1 0 0 0 0 0 5 2 5 1 1 0 0 0 0 0 0 0 0 0 0 0 0 0],False,"tf.Tensor(
[[ 2.6940734   1.0613776   1.5402721   1.683046    1.9185534   0.850963
   1.0364107   1.0782615   2.224727   -0.40877333  0.6313975   0.18652765
   1.8145051  -0.04057139  1.0574507   2.5689945   1.1838342   1.0716914 ]], shape=(1, 18), dtype=float32)"
476,[13 1 0 0 0 0 0 5 2 5 1 1 0 0 0 0 0 0 0 0 0 0 0 0 0],"tf.Tensor([2.6126628 1.3967744 1.0487727 1.7383721 2.0534072 7.       ], shape=(6,), dtype=float32)",0.5,[13 2 2 4 2 2 3 0 0 0 0 0 0 0 0 0 0 0 0 0 0 0 0 0 0],False,"tf.Tensor(
[[ 2.6126628   1.3967744   1.0487727   1.7383721   2.0534072   1.2303584
   1.3897965   0.73862946  1.9915149  -0.5166657   0.44567537  0.06841812
   2.2357929   1.4003451   0.87700814  1.8249007   2.124193    0.5977304 ]], shape=(1, 18), dtype=float32)"
477,[13 2 2 4 2 2 3 0 0 0 0 0 0 0 0 0 0 0 0 0 0 0 0 0 0],"tf.Tensor([ 2.6745753  1.4150594  1.4879459  1.529688   1.9777313 10.       ], shape=(6,), dtype=float32)",0.0,[13 3 2 4 2 2 3 0 0 0 0 0 0 0 0 0 0 0 0 0 0 0 0 0 0],False,"tf.Tensor(
[[ 2.6745753   1.4150594   1.4879459   1.529688    1.9777313   0.8987087
   1.2372628   1.0676628   2.321441   -0.26828253  0.60356915  0.31628615
   1.9634974   0.66462576  0.70444006  2.4291344   1.31385     0.9345401 ]], shape=(1, 18), dtype=float32)"
478,[13 3 2 4 2 2 3 0 0 0 0 0 0 0 0 0 0 0 0 0 0 0 0 0 0],"tf.Tensor([2.752866  1.486798  1.5831698 1.5255959 2.0384297 3.       ], shape=(6,), dtype=float32)",8.0,[14 1 0 0 0 0 0 2 4 2 2 3 0 0 0 4 0 0 0 0 0 0 0 0 0],True,"tf.Tensor(
[[ 2.752866    1.486798    1.5831698   1.5255959   2.0384297   0.8941547
   1.2322638   1.1053063   2.4431727  -0.2341457   0.64388406  0.29733592
   1.9926369   0.69788027  0.7334335   2.4398386   1.3355461   0.8963273 ]], shape=(1, 18), dtype=float32)"
479,[1 1 0 0 0 0 0 1 5 4 1 2 0 0 0 0 0 0 0 0 0 0 0 0 0],[1 1 1 1 1 8],0.5,[1 2 1 5 4 1 2 0 0 0 0 0 0 0 0 0 0 0 0 0 0 0 0 0 0],False,"tf.Tensor(
[[ 1.1919034   0.7084567   1.0624617   0.89625245  0.77493393  0.0641271
   0.48337883  0.489805    0.8522709  -0.00791774  0.7788643  -0.15756018
   0.92939645  0.265799    0.59109986  1.165815    0.7115638   0.08779585]], shape=(1, 18), dtype=float32)"
480,[1 2 1 5 4 1 2 0 0 0 0 0 0 0 0 0 0 0 0 0 0 0 0 0 0],"tf.Tensor([1.4482921  0.85740846 1.1952747  0.9790027  0.95152694 3.        ], shape=(6,), dtype=float32)",0.0,[1 3 1 5 4 1 2 0 0 0 0 0 0 0 0 0 0 0 0 0 0 0 0 0 0],False,"tf.Tensor(
[[ 1.4482921   0.85740846  1.1952747   0.9790027   0.95152694  0.19865705
   0.31676537  0.685546    1.3358408   0.08525418  0.42990875 -0.3877817
   0.98013127 -0.2744664   0.9910671   1.2513465   0.6095207   0.44816583]], shape=(1, 18), dtype=float32)"
481,[1 3 1 5 4 1 2 0 0 0 0 0 0 0 0 0 0 0 0 0 0 0 0 0 0],[1 0 0 1 0 4],10.0,[2 1 0 0 0 0 0 1 5 4 1 2 0 0 0 0 5 0 0 0 0 0 0 0 0],False,"tf.Tensor(
[[ 1.481573    0.8911218   1.3097699   0.97555447  0.99188554  0.19893587
   0.33313614  0.68192565  1.4548491   0.10122051  0.46838492 -0.42534012
   1.0324812  -0.28131208  1.0243235   1.2453204   0.6121853   0.417067  ]], shape=(1, 18), dtype=float32)"
482,[2 1 0 0 0 0 0 1 5 4 1 2 0 0 0 0 5 0 0 0 0 0 0 0 0],"tf.Tensor([ 1.257366    0.95607746  1.2750256   1.0252908   1.0303715  10.        ], shape=(6,), dtype=float32)",0.5,[2 2 2 5 1 6 5 0 0 0 0 0 0 0 0 0 5 0 0 0 0 0 0 0 0],False,"tf.Tensor(
[[ 1.257366    0.95607746  1.2750256   1.0252908   1.0303715   0.22979602
   0.6392949   0.36996168  1.2049122  -0.11238248  0.6897506  -0.4412218
   1.2327955   0.29423028  0.6203432   1.4461141   0.5645268   0.25874826]], shape=(1, 18), dtype=float32)"
483,[2 2 2 5 1 6 5 0 0 0 0 0 0 0 0 0 5 0 0 0 0 0 0 0 0],"tf.Tensor([1.7920423 1.1555939 1.8644757 1.1813248 1.3722572 3.       ], shape=(6,), dtype=float32)",0.0,[2 3 2 5 1 6 5 0 0 0 0 0 0 0 0 0 5 0 0 0 0 0 0 0 0],False,"tf.Tensor(
[[ 1.7920423   1.1555939   1.8644757   1.1813248   1.3722572   0.00423468
   0.51505095  0.8673265   1.7437282  -0.11321192  0.9971378  -0.35854897
   1.4322945  -0.3451405   1.1083637   1.6710836   0.69665915  0.36639616]], shape=(1, 18), dtype=float32)"
484,[2 3 2 5 1 6 5 0 0 0 0 0 0 0 0 0 5 0 0 0 0 0 0 0 0],"tf.Tensor([1.823468  1.133644  1.9251221 1.2439504 1.4326986 3.       ], shape=(6,), dtype=float32)",0.0,[3 1 0 0 0 0 0 2 5 1 6 5 0 0 0 0 5 0 0 0 0 0 0 0 0],False,"tf.Tensor(
[[ 1.823468    1.133644    1.9251221   1.2439504   1.4326986   0.03628156
   0.5525184   0.81553125  1.772534   -0.16763663  1.0202385  -0.38627237
   1.5367141  -0.4010391   1.1868852   1.7436486   0.759557    0.39966384]], shape=(1, 18), dtype=float32)"
485,[3 1 0 0 0 0 0 2 5 1 6 5 0 0 0 0 5 0 0 0 0 0 0 0 0],[1 1 0 0 1 7],0.30000000000000004,[3 2 2 2 2 0 0 0 0 1 1 0 0 0 0 0 5 0 0 0 0 0 0 0 0],False,"tf.Tensor(
[[ 1.5978404   1.7053937   0.9782431   0.9098802   1.5448868   0.74973917
   0.84620047  0.1874974   1.9713525  -0.3407513   0.47818148 -0.29425082
   1.5041434   0.81035966  0.8693218   1.1866308   1.3219556   0.21066564]], shape=(1, 18), dtype=float32)"
486,[3 2 2 2 2 0 0 0 0 1 1 0 0 0 0 0 5 0 0 0 0 0 0 0 0],"tf.Tensor([1.3797492  0.92731863 1.2001137  0.8716577  1.1445229  3.        ], shape=(6,), dtype=float32)",0.1,[3 3 2 2 2 1 0 0 0 0 1 0 0 0 0 0 5 0 0 0 0 0 0 0 0],False,"tf.Tensor(
[[ 1.3797492   0.92731863  1.2001137   0.8716577   1.1445229   0.19525659
   0.4620996   0.5950117   1.3689988  -0.06744885  0.56696963 -0.21163943
   1.1170173  -0.01485485  0.7637781   1.2002834   0.6556107   0.3244005 ]], shape=(1, 18), dtype=float32)"
487,[3 3 2 2 2 1 0 0 0 0 1 0 0 0 0 0 5 0 0 0 0 0 0 0 0],"tf.Tensor([1.4366217  0.89029795 1.3167255  0.829901   1.2498201  3.        ], shape=(6,), dtype=float32)",0.0,[4 1 0 0 0 0 0 2 2 2 3 2 0 0 0 0 5 0 0 0 0 0 0 0 0],False,"tf.Tensor(
[[ 1.4366217   0.89029795  1.3167255   0.829901    1.2498201   0.16963792
   0.61882544  0.6669251   1.4921461  -0.15044248  0.5849164  -0.08464858
   1.1832074  -0.12511145  0.77123886  1.2417189   0.71610767  0.3091878 ]], shape=(1, 18), dtype=float32)"
488,[4 1 0 0 0 0 0 2 2 2 3 2 0 0 0 0 5 0 0 0 0 0 0 0 0],[0 1 1 0 0 4],0.2,[4 2 1 4 0 0 0 3 0 0 1 6 0 0 0 0 5 0 0 0 0 0 0 0 0],False,"tf.Tensor(
[[ 1.4409121   1.2494444   0.91022223  0.81508714  1.1979398   0.49945518
   0.45957476  0.40658337  1.5267692  -0.02773343  0.41450378 -0.25273484
   1.1643388   0.5595034   0.73729306  0.948847    0.9684276   0.22345868]], shape=(1, 18), dtype=float32)"
489,[4 2 1 4 0 0 0 3 0 0 1 6 0 0 0 0 5 0 0 0 0 0 0 0 0],[0 0 0 1 0 0],0.1,[4 3 1 4 1 0 0 4 0 0 0 4 0 0 0 0 5 0 0 0 0 0 0 0 0],False,"tf.Tensor(
[[ 1.6257219   1.3314039   1.3446949   0.88080627  1.3471987   0.19170254
   0.58053917  0.7092472   1.7265651   0.08826412  0.7550283  -0.17553726
   1.2594067   0.46677694  0.8300105   1.2203556   0.851887    0.12915373]], shape=(1, 18), dtype=float32)"
490,[4 3 1 4 1 0 0 4 0 0 0 4 0 0 0 0 5 0 0 0 0 0 0 0 0],[1 0 1 1 1 5],0.0,[5 1 0 0 0 0 0 3 1 4 3 3 0 0 0 0 5 0 0 0 0 0 0 0 0],False,"tf.Tensor(
[[ 1.7328908   1.3155519   1.43516     0.93155575  1.5720317   0.21318236
   0.46406835  0.75555587  1.8146409   0.0857937   0.69423854 -0.19279705
   1.3989307   0.27081004  0.90379936  1.2409616   0.90573734  0.25293303]], shape=(1, 18), dtype=float32)"
491,[5 1 0 0 0 0 0 3 1 4 3 3 0 0 0 0 5 0 0 0 0 0 0 0 0],"tf.Tensor([1.7921513 1.3249534 1.0582285 0.9754737 1.399532  3.       ], shape=(6,), dtype=float32)",0.5,[5 2 6 6 6 4 3 0 0 0 0 0 0 0 0 0 5 0 0 0 0 0 0 0 0],False,"tf.Tensor(
[[ 1.7921513   1.3249534   1.0582285   0.9754737   1.399532    0.754146
   0.6827778   0.44434664  1.8390143  -0.10588988  0.38562435 -0.27693862
   1.3986931   0.6928224   0.8774999   1.1607261   1.3211389   0.24302822]], shape=(1, 18), dtype=float32)"
492,[5 2 6 6 6 4 3 0 0 0 0 0 0 0 0 0 5 0 0 0 0 0 0 0 0],"tf.Tensor([2.7958856 1.7848735 2.2089047 1.7857945 2.396559  3.       ], shape=(6,), dtype=float32)",0.0,[5 3 6 6 6 4 3 0 0 0 0 0 0 0 0 0 5 0 0 0 0 0 0 0 0],False,"tf.Tensor(
[[ 2.7958856   1.7848735   2.2089047   1.7857945   2.396559    0.30751285
   0.96646744  1.1596493   2.672562   -0.17149317  1.0750811  -0.30449376
   2.253086   -0.20371687  1.7879355   2.6411562   1.3837501   0.76065135]], shape=(1, 18), dtype=float32)"
493,[5 3 6 6 6 4 3 0 0 0 0 0 0 0 0 0 5 0 0 0 0 0 0 0 0],"tf.Tensor([2.8328784 1.8004733 2.3380024 1.8061589 2.4271276 3.       ], shape=(6,), dtype=float32)",8.0,[6 1 0 0 0 0 0 6 6 6 4 3 0 0 0 4 5 0 0 0 0 0 0 0 0],False,"tf.Tensor(
[[ 2.8328784   1.8004733   2.3380024   1.8061589   2.4271276   0.27464622
   0.9992542   1.1832312   2.7548652  -0.15261117  1.1160253  -0.33565333
   2.324348   -0.2414238   1.8418207   2.6593895   1.3951982   0.7400918 ]], shape=(1, 18), dtype=float32)"
494,[6 1 0 0 0 0 0 6 6 6 4 3 0 0 0 4 5 0 0 0 0 0 0 0 0],"tf.Tensor([1.9626297 1.7299944 1.1434019 1.190622  1.9796586 3.       ], shape=(6,), dtype=float32)",0.5,[6 2 1 4 2 1 2 0 0 0 0 0 0 0 0 4 5 0 0 0 0 0 0 0 0],False,"tf.Tensor(
[[ 1.9626297   1.7299944   1.1434019   1.190622    1.9796586   0.8372357
   0.42955697  0.38749826  2.0237567  -0.20326447  0.3417817  -0.4685192
   1.8753804   0.5626928   1.0498108   1.3631854   1.3777138   0.5784108 ]], shape=(1, 18), dtype=float32)"
495,[6 2 1 4 2 1 2 0 0 0 0 0 0 0 0 4 5 0 0 0 0 0 0 0 0],"tf.Tensor([1.5804336 1.0031444 1.2901636 1.0145777 1.0428315 3.       ], shape=(6,), dtype=float32)",0.0,[6 3 1 4 2 1 2 0 0 0 0 0 0 0 0 4 5 0 0 0 0 0 0 0 0],False,"tf.Tensor(
[[ 1.5804336   1.0031444   1.2901636   1.0145777   1.0428315   0.23332843
   0.3628193   0.8391683   1.4731258   0.02142429  0.48850042 -0.27212906
   1.1830131  -0.11525731  0.90752876  1.2385831   0.7027634   0.4094887 ]], shape=(1, 18), dtype=float32)"
496,[6 3 1 4 2 1 2 0 0 0 0 0 0 0 0 4 5 0 0 0 0 0 0 0 0],"tf.Tensor([1.6485773 1.0263621 1.3670006 1.0179324 1.0808563 3.       ], shape=(6,), dtype=float32)",0.0,[7 1 0 0 0 0 0 1 4 2 1 2 0 0 0 4 5 0 0 0 0 0 0 0 0],False,"tf.Tensor(
[[ 1.6485773   1.0263621   1.3670006   1.0179324   1.0808563   0.26526323
   0.40582925  0.8312524   1.5969661   0.02447089  0.53222126 -0.27413744
   1.1933213  -0.08715527  0.91017115  1.275166    0.70228505  0.4023771 ]], shape=(1, 18), dtype=float32)"
497,[7 1 0 0 0 0 0 1 4 2 1 2 0 0 0 4 5 0 0 0 0 0 0 0 0],"tf.Tensor([1.5008888  1.2497044  0.94051075 0.7869014  1.5597137  3.        ], shape=(6,), dtype=float32)",0.4,[7 2 1 2 6 6 0 0 0 0 6 0 0 0 0 4 5 0 0 0 0 0 0 0 0],False,"tf.Tensor(
[[ 1.5008888   1.2497044   0.94051075  0.7869014   1.5597137   0.57400304
   0.43836832  0.47854546  1.6191322  -0.12409445  0.21787024 -0.17445058
   1.3863106   0.376699    0.70796186  0.91098934  1.1202402   0.33078408]], shape=(1, 18), dtype=float32)"
498,[7 2 1 2 6 6 0 0 0 0 6 0 0 0 0 4 5 0 0 0 0 0 0 0 0],"tf.Tensor([ 2.1728764  0.9990575  1.4062548  1.8351419  0.8631405 10.       ], shape=(6,), dtype=float32)",0.1,[7 3 1 2 6 6 6 0 0 0 0 0 0 0 0 4 5 0 0 0 0 0 0 0 0],False,"tf.Tensor(
[[ 2.1728764   0.9990575   1.4062548   1.8351419   0.8631405   0.15829529
   0.2627163   1.1159991   1.4544072  -0.2891031   1.0005033  -0.22067666
   1.2005335  -0.81824917  1.4530339   2.374904    0.54055583  1.1673717 ]], shape=(1, 18), dtype=float32)"
499,[7 3 1 2 6 6 6 0 0 0 0 0 0 0 0 4 5 0 0 0 0 0 0 0 0],"tf.Tensor([ 2.409393   1.4675345  1.8862517  1.8401744  1.1255628 10.       ], shape=(6,), dtype=float32)",0.0,[8 1 0 0 0 0 0 1 2 6 4 6 0 0 0 4 5 0 0 0 0 0 0 0 0],False,"tf.Tensor(
[[ 2.409393    1.4675345   1.8862517   1.8401744   1.1255628   0.16728573
   0.04164754  1.1436036   1.8961314  -0.07436174  1.1732392  -0.5092481
   1.639936   -0.42921332  1.4767588   2.090821    0.5976321   0.949608  ]], shape=(1, 18), dtype=float32)"
500,[8 1 0 0 0 0 0 1 2 6 4 6 0 0 0 4 5 0 0 0 0 0 0 0 0],"tf.Tensor([2.0976672 1.587133  1.2467779 1.0704694 1.7278727 3.       ], shape=(6,), dtype=float32)",0.5,[8 2 6 4 3 6 4 0 0 0 0 0 0 0 0 4 5 0 0 0 0 0 0 0 0],False,"tf.Tensor(
[[ 2.0976672   1.587133    1.2467779   1.0704694   1.7278727   0.77394307
   0.9375061   0.59152454  2.2068772  -0.15066037  0.5273301  -0.14554316
   1.6393406   0.8509915   0.9807514   1.4100527   1.5317326   0.22997531]], shape=(1, 18), dtype=float32)"
501,[8 2 6 4 3 6 4 0 0 0 0 0 0 0 0 4 5 0 0 0 0 0 0 0 0],"tf.Tensor([2.523484  1.5899526 1.7041305 1.676686  2.1148899 3.       ], shape=(6,), dtype=float32)",0.0,[8 3 6 4 3 6 4 0 0 0 0 0 0 0 0 4 5 0 0 0 0 0 0 0 0],False,"tf.Tensor(
[[ 2.523484    1.5899526   1.7041305   1.676686    2.1148899   0.5375197
   0.7058159   0.9677049   2.2134912  -0.21407723  0.63882756 -0.25365606
   2.1783195  -0.01579549  1.4121718   2.1030898   1.4058316   0.8861861 ]], shape=(1, 18), dtype=float32)"
502,[8 3 6 4 3 6 4 0 0 0 0 0 0 0 0 4 5 0 0 0 0 0 0 0 0],"tf.Tensor([2.544498  1.5814065 1.808321  1.7090257 2.1356075 3.       ], shape=(6,), dtype=float32)",8.0,[9 1 0 0 0 0 0 6 4 3 6 4 0 0 0 8 5 0 0 0 0 0 0 0 0],False,"tf.Tensor(
[[ 2.544498    1.5814065   1.808321    1.7090257   2.1356075   0.51157093
   0.76303256  0.979373    2.2690954  -0.21028602  0.66294664 -0.29066595
   2.229319   -0.0808422   1.4686954   2.1714575   1.3978572   0.8890824 ]], shape=(1, 18), dtype=float32)"
503,[9 1 0 0 0 0 0 6 4 3 6 4 0 0 0 8 5 0 0 0 0 0 0 0 0],"tf.Tensor([1.9888928 1.6477227 1.2808741 1.0187254 1.7900574 3.       ], shape=(6,), dtype=float32)",0.5,[9 2 2 6 6 4 2 0 0 0 0 0 0 0 0 8 5 0 0 0 0 0 0 0 0],False,"tf.Tensor(
[[ 1.9888928   1.6477227   1.2808741   1.0187254   1.7900574   0.88145906
   0.75340545  0.5277495   2.316251   -0.0579318   0.01605204 -0.5754947
   1.8321246   0.331493    1.4572289   1.3088795   1.4679962   0.482338  ]], shape=(1, 18), dtype=float32)"
504,[9 2 2 6 6 4 2 0 0 0 0 0 0 0 0 8 5 0 0 0 0 0 0 0 0],[0 0 0 0 0 5],0.0,[9 3 2 6 6 4 2 0 0 0 0 0 0 0 0 8 5 0 0 0 0 0 0 0 0],False,"tf.Tensor(
[[ 2.4277499   1.1160947   1.4526929   1.956659    1.1144125   0.5382148
   0.03050633  1.1734933   1.635815   -0.2319499   0.73829854 -0.36208513
   1.4979659  -0.7798868   1.6263672   2.289044    0.9111588   1.2143925 ]], shape=(1, 18), dtype=float32)"
505,[9 3 2 6 6 4 2 0 0 0 0 0 0 0 0 8 5 0 0 0 0 0 0 0 0],"tf.Tensor([ 2.4692528  1.1227455  1.5269126  1.9490867  1.143022  10.       ], shape=(6,), dtype=float32)",0.0,[10 1 0 0 0 0 0 2 6 6 4 2 0 0 0 8 5 0 0 0 0 0 0 0 0],False,"tf.Tensor(
[[ 2.4692528   1.1227455   1.5269126   1.9490867   1.143022    0.54508066
   0.0721239   1.1556544   1.7522224  -0.21343032  0.77409184 -0.36392993
   1.4995795  -0.78107446  1.640998    2.3067646   0.89204544  1.2134616 ]], shape=(1, 18), dtype=float32)"
506,[10 1 0 0 0 0 0 2 6 6 4 2 0 0 0 8 5 0 0 0 0 0 0 0 0],[0 0 1 0 1 6],0.2,[10 2 5 5 0 0 0 6 6 0 3 0 0 0 0 8 5 0 0 0 0 0 0 0 0],False,"tf.Tensor(
[[ 1.9569639   1.2689804   1.1095762   1.3366313   1.7671114   0.74098533
   0.6559624   0.54647285  1.7483748  -0.3098908   0.2274754  -0.19444993
   1.8851969   0.190217    1.0050545   1.5403701   1.3197526   0.8116575 ]], shape=(1, 18), dtype=float32)"
507,[10 2 5 5 0 0 0 6 6 0 3 0 0 0 0 8 5 0 0 0 0 0 0 0 0],[1 1 0 0 1 0],0.2,[10 3 5 5 6 6 0 0 0 0 1 0 0 0 0 8 5 0 0 0 0 0 0 0 0],False,"tf.Tensor(
[[ 2.3880205   1.4355754   0.9882096   1.9568456   1.7602162   0.6193864
   0.5692134   1.2553337   1.4315815  -0.14388186  0.15612513 -0.1552158
   2.274353    0.10285506  1.6990967   1.823443    1.8340127   1.0428019 ]], shape=(1, 18), dtype=float32)"
508,[10 3 5 5 6 6 0 0 0 0 1 0 0 0 0 8 5 0 0 0 0 0 0 0 0],"tf.Tensor([ 2.460144   0.9685301  1.5878518  1.9596622  1.4269079 10.       ], shape=(6,), dtype=float32)",0.0,[11 1 0 0 0 0 0 3 5 5 5 5 0 0 0 8 5 0 0 0 0 0 0 0 0],False,"tf.Tensor(
[[ 2.460144    0.9685301   1.5878518   1.9596622   1.4269079   0.40370435
   0.71815515  1.3523889   1.5765711  -0.40590224  0.62571114  0.01547026
   1.8578063  -0.8949493   1.6851563   2.6065497   1.1713448   1.2035596 ]], shape=(1, 18), dtype=float32)"
509,[11 1 0 0 0 0 0 3 5 5 5 5 0 0 0 8 5 0 0 0 0 0 0 0 0],"tf.Tensor([2.2336206 1.5758094 1.347803  1.1623858 2.0070739 3.       ], shape=(6,), dtype=float32)",0.5,[11 2 1 2 2 5 4 0 0 0 0 0 0 0 0 8 5 0 0 0 0 0 0 0 0],False,"tf.Tensor(
[[ 2.2336206   1.5758094   1.347803    1.1623858   2.0070739   0.79783195
   0.84265506  0.6816232   2.4214923  -0.24290502  0.3027385  -0.1793924
   1.8570269   0.28815174  1.1988484   1.4888628   1.5409614   0.56558496]], shape=(1, 18), dtype=float32)"
510,[11 2 1 2 2 5 4 0 0 0 0 0 0 0 0 8 5 0 0 0 0 0 0 0 0],"tf.Tensor([ 1.9653465  1.0264635  1.00702    1.4067984  1.2618244 10.       ], shape=(6,), dtype=float32)",0.0,[11 3 1 2 2 5 4 0 0 0 0 0 0 0 0 8 5 0 0 0 0 0 0 0 0],False,"tf.Tensor(
[[ 1.9653465   1.0264635   1.00702     1.4067984   1.2618244   0.7541515
   0.05672418  0.8173109   1.5211875  -0.2713025   0.27329612 -0.17652938
   1.4547049  -0.13678648  1.0463653   1.5604885   0.9365736   1.0083632 ]], shape=(1, 18), dtype=float32)"
511,[11 3 1 2 2 5 4 0 0 0 0 0 0 0 0 8 5 0 0 0 0 0 0 0 0],"tf.Tensor([ 1.9837269  1.0545392  1.0803269  1.4141939  1.292623  10.       ], shape=(6,), dtype=float32)",0.0,[12 1 0 0 0 0 0 1 2 2 5 4 0 0 0 8 5 0 0 0 0 0 0 0 0],False,"tf.Tensor(
[[ 1.9837269   1.0545392   1.0803269   1.4141939   1.292623    0.7194297
   0.07658707  0.84788555  1.565562   -0.23777741  0.30848616 -0.20067652
   1.490751   -0.15572225  1.0725449   1.5784892   0.9346757   0.97062814]], shape=(1, 18), dtype=float32)"
512,[12 1 0 0 0 0 0 1 2 2 5 4 0 0 0 8 5 0 0 0 0 0 0 0 0],"tf.Tensor([2.0071836 1.3054858 1.0326979 1.09745   1.731353  3.       ], shape=(6,), dtype=float32)",0.5,[12 2 5 6 6 6 2 0 0 0 0 0 0 0 0 8 5 0 0 0 0 0 0 0 0],False,"tf.Tensor(
[[ 2.0071836   1.3054858   1.0326979   1.09745     1.731353    0.6899413
   0.5127211   0.6769595   2.2687867   0.06240597  0.14158958 -0.28952023
   1.3928416   0.2686256   1.0586125   1.3677031   1.1281773   0.71495837]], shape=(1, 18), dtype=float32)"
513,[12 2 5 6 6 6 2 0 0 0 0 0 0 0 0 8 5 0 0 0 0 0 0 0 0],"tf.Tensor([ 2.8025355  1.2346493  1.7524791  2.133877   1.6665974 10.       ], shape=(6,), dtype=float32)",0.0,[12 3 5 6 6 6 2 0 0 0 0 0 0 0 0 8 5 0 0 0 0 0 0 0 0],False,"tf.Tensor(
[[ 2.8025355   1.2346493   1.7524791   2.133877    1.6665974   0.5603117
   0.6658539   1.4476041   1.9226989  -0.38731116  0.6442461  -0.0929817
   2.0743656  -0.81020707  1.7905412   2.7537308   1.3166155   1.3119422 ]], shape=(1, 18), dtype=float32)"
514,[12 3 5 6 6 6 2 0 0 0 0 0 0 0 0 8 5 0 0 0 0 0 0 0 0],[1 0 0 0 0 0],0.0,[13 1 0 0 0 0 0 5 6 6 6 2 0 0 0 8 5 0 0 0 0 0 0 0 0],False,"tf.Tensor(
[[ 2.7932293   1.188418    1.844557    2.1053584   1.6850156   0.5550498
   0.7570221   1.4009955   2.0286396  -0.36022133  0.65943056 -0.09376252
   2.0793843  -0.84188145  1.8192192   2.7764797   1.2728374   1.3006728 ]], shape=(1, 18), dtype=float32)"
515,[13 1 0 0 0 0 0 5 6 6 6 2 0 0 0 8 5 0 0 0 0 0 0 0 0],"tf.Tensor([2.6965961 1.7179898 1.2378683 1.6266689 2.263801  3.       ], shape=(6,), dtype=float32)",0.5,[13 2 3 3 2 6 5 0 0 0 0 0 0 0 0 8 5 0 0 0 0 0 0 0 0],False,"tf.Tensor(
[[ 2.6965961   1.7179898   1.2378683   1.6266689   2.263801    1.2065586
   0.91631675  0.67823356  2.4612722  -0.40287063  0.1469509  -0.14616251
   2.4219527   0.6155597   1.2784885   1.7543155   2.0372248   0.91745204]], shape=(1, 18), dtype=float32)"
516,[13 2 3 3 2 6 5 0 0 0 0 0 0 0 0 8 5 0 0 0 0 0 0 0 0],"tf.Tensor([ 2.3556452  1.2349497  1.2658868  1.694488   1.5983984 10.       ], shape=(6,), dtype=float32)",0.0,[13 3 3 3 2 6 5 0 0 0 0 0 0 0 0 8 5 0 0 0 0 0 0 0 0],False,"tf.Tensor(
[[ 2.3556452   1.2349497   1.2658868   1.694488    1.5983984   0.7370975
   0.37310946  0.9787365   1.775952   -0.25176442  0.372899   -0.10958287
   1.8791729  -0.18997036  1.256477    1.9212373   1.1869482   1.1321251 ]], shape=(1, 18), dtype=float32)"
517,[13 3 3 3 2 6 5 0 0 0 0 0 0 0 0 8 5 0 0 0 0 0 0 0 0],"tf.Tensor([ 2.3876395  1.2741016  1.3465376  1.6713918  1.6388191 10.       ], shape=(6,), dtype=float32)",0.0,[14 1 0 0 0 0 0 3 3 2 6 5 0 0 0 8 5 0 0 0 0 0 0 0 0],True,"tf.Tensor(
[[ 2.3876395   1.2741016   1.3465376   1.6713918   1.6388191   0.7434951
   0.38062316  0.9923667   1.8886063  -0.22778466  0.39204818 -0.1451743
   1.8889056  -0.18307608  1.2683331   1.9112244   1.1864744   1.0895462 ]], shape=(1, 18), dtype=float32)"
518,[1 1 0 0 0 0 0 4 1 4 1 2 0 0 0 0 0 0 0 0 0 0 0 0 0],"tf.Tensor([0.9837914  0.88479114 0.7280183  0.5787908  0.85711986 7.        ], shape=(6,), dtype=float32)",0.1,[1 2 4 0 0 0 0 0 2 6 4 3 0 0 0 0 0 0 0 0 0 0 0 0 0],False,"tf.Tensor(
[[ 0.9837914   0.88479114  0.7280183   0.5787908   0.85711986  0.28023678
   0.20461495  0.38671067  0.84207517  0.02607806  0.28205928 -0.01696931
   0.90830857  0.3339297   0.7494836   0.6136651   0.8754058   0.09143819]], shape=(1, 18), dtype=float32)"
519,[1 2 4 0 0 0 0 0 2 6 4 3 0 0 0 0 0 0 0 0 0 0 0 0 0],"tf.Tensor([ 1.46191     1.2240589   1.1198336   0.76116186  1.4114418  10.        ], shape=(6,), dtype=float32)",0.30000000000000004,[1 3 4 2 6 3 0 0 0 0 5 0 0 0 0 0 0 0 0 0 0 0 0 0 0],False,"tf.Tensor(
[[ 1.46191     1.2240589   1.1198336   0.76116186  1.4114418   0.10244349
   0.7717756   0.22756761  1.0978471  -0.09536885  0.75112855  0.30499706
   1.4874942   1.070241    0.6360588   1.5672207   1.025706    0.08421522]], shape=(1, 18), dtype=float32)"
520,[1 3 4 2 6 3 0 0 0 0 5 0 0 0 0 0 0 0 0 0 0 0 0 0 0],[1 0 0 0 1 8],0.0,[2 1 0 0 0 0 0 4 1 4 1 2 0 0 0 0 0 0 0 0 0 0 0 0 0],False,"tf.Tensor(
[[ 1.1273066   0.8938841   0.9706419   1.2416376   1.1548077   0.03733285
   0.58652073  0.34453222  0.99314725 -0.2390024   0.56308144  0.00727798
   1.2441748  -0.2691327   1.0994234   1.6830246   0.700298    0.58090454]], shape=(1, 18), dtype=float32)"
521,[2 1 0 0 0 0 0 4 1 4 1 2 0 0 0 0 0 0 0 0 0 0 0 0 0],"tf.Tensor([1.1739643  0.9075322  0.7086047  0.63477814 0.91511023 7.        ], shape=(6,), dtype=float32)",0.30000000000000004,[2 2 2 3 5 0 0 0 0 3 5 0 0 0 0 0 0 0 0 0 0 0 0 0 0],False,"tf.Tensor(
[[ 1.1739643e+00  9.0753222e-01  7.0860469e-01  6.3477814e-01
   9.1511023e-01  4.5439249e-01  3.5286701e-01  4.3000075e-01
   9.5957690e-01 -7.3094025e-02  2.5864780e-01  2.8248876e-04
   1.0109358e+00  4.8163897e-01  7.0424885e-01  7.2351724e-01
   1.0020194e+00  1.3786261e-01]], shape=(1, 18), dtype=float32)"
522,[2 2 2 3 5 0 0 0 0 3 5 0 0 0 0 0 0 0 0 0 0 0 0 0 0],"tf.Tensor([1.3849837 1.3444322 0.9392884 0.8378152 1.2551023 3.       ], shape=(6,), dtype=float32)",0.1,[2 3 2 3 5 3 0 0 0 0 2 0 0 0 0 0 0 0 0 0 0 0 0 0 0],False,"tf.Tensor(
[[ 1.3849837   1.3444322   0.9392884   0.8378152   1.2551023   0.18084925
   0.3673734   0.43323153  1.3974094   0.16197662  0.32667398 -0.15379818
   0.9424316   0.5056639   0.8616533   1.167607    0.9547296   0.16350313]], shape=(1, 18), dtype=float32)"
523,[2 3 2 3 5 3 0 0 0 0 2 0 0 0 0 0 0 0 0 0 0 0 0 0 0],"tf.Tensor([ 1.4316767  0.7462308  1.2564543  1.2277828  0.7657275 10.       ], shape=(6,), dtype=float32)",0.0,[3 1 0 0 0 0 0 2 3 1 2 5 0 0 0 0 0 0 0 0 0 0 0 0 0],False,"tf.Tensor(
[[ 1.4316767   0.7462308   1.2564543   1.2277828   0.7657275  -0.15853778
   0.25165328  0.89579904  0.9628643  -0.04878828  0.7291274   0.00841704
   0.9464401  -0.55227184  1.0419832   1.5082822   0.55537766  0.5152363 ]], shape=(1, 18), dtype=float32)"
524,[3 1 0 0 0 0 0 2 3 1 2 5 0 0 0 0 0 0 0 0 0 0 0 0 0],[ 0  0  0  1  0 11],0.1,[3 2 4 0 0 0 0 1 3 3 0 6 0 0 0 0 0 0 0 0 0 0 0 0 0],False,"tf.Tensor(
[[ 1.0668306   0.8627045   0.73764867  0.5030284   1.0000049   0.3809701
   0.54442996  0.34246084  1.0867134  -0.13930964  0.39091808  0.03059582
   0.92935765  0.46618286  0.55257654  0.753692    0.8558542   0.06311074]], shape=(1, 18), dtype=float32)"
525,[3 2 4 0 0 0 0 1 3 3 0 6 0 0 0 0 0 0 0 0 0 0 0 0 0],"tf.Tensor([1.505617   1.1231599  0.9630113  0.90190643 1.3748267  7.        ], shape=(6,), dtype=float32)",0.4,[3 3 4 1 3 3 6 0 0 0 0 0 0 0 0 0 0 0 0 0 0 0 0 0 0],False,"tf.Tensor(
[[ 1.505617    1.1231599   0.9630113   0.90190643  1.3748267   0.18510658
   0.703298    0.63808703  1.1837034  -0.02664947  0.79875576  0.30607876
   1.3272952   0.7974356   0.6371909   1.2514274   1.039976    0.16846018]], shape=(1, 18), dtype=float32)"
526,[3 3 4 1 3 3 6 0 0 0 0 0 0 0 0 0 0 0 0 0 0 0 0 0 0],"tf.Tensor([1.3270044  1.2261903  0.92954415 1.0281992  1.4968747  7.        ], shape=(6,), dtype=float32)",0.0,[4 1 0 0 0 0 0 5 2 6 4 3 0 0 0 0 0 0 0 0 0 0 0 0 0],False,"tf.Tensor(
[[ 1.3270044   1.2261903   0.92954415  1.0281992   1.4968747   0.37943217
   0.3819183   0.22925177  1.3626493  -0.08321998  0.47937536 -0.31658462
   1.4988856   0.3173573   0.9422346   1.2358248   0.8607647   0.50094396]], shape=(1, 18), dtype=float32)"
527,[4 1 0 0 0 0 0 5 2 6 4 3 0 0 0 0 0 0 0 0 0 0 0 0 0],"tf.Tensor([ 1.9433866  1.4360939  1.0978462  0.9503182  1.5573117 11.       ], shape=(6,), dtype=float32)",0.5,[4 2 2 5 4 2 3 0 0 0 0 0 0 0 0 0 0 0 0 0 0 0 0 0 0],False,"tf.Tensor(
[[ 1.9433866   1.4360939   1.0978462   0.9503182   1.5573117   0.8955772
   0.85508597  0.5222009   1.7017822  -0.20461711  0.42513996  0.02447897
   1.7030412   1.278982    0.8724316   1.1316806   1.7861143   0.01688018]], shape=(1, 18), dtype=float32)"
528,[4 2 2 5 4 2 3 0 0 0 0 0 0 0 0 0 0 0 0 0 0 0 0 0 0],"tf.Tensor([ 1.7997793  1.1508077  1.3963853  1.228379   1.2369499 10.       ], shape=(6,), dtype=float32)",0.0,[4 3 2 5 4 2 3 0 0 0 0 0 0 0 0 0 0 0 0 0 0 0 0 0 0],False,"tf.Tensor(
[[ 1.7997793   1.1508077   1.3963853   1.228379    1.2369499   0.15614966
   0.25674695  0.892416    1.5054106   0.08104649  0.6543946  -0.3542188
   1.2866613  -0.16037637  1.0748966   1.5085285   0.7269817   0.55900496]], shape=(1, 18), dtype=float32)"
529,[4 3 2 5 4 2 3 0 0 0 0 0 0 0 0 0 0 0 0 0 0 0 0 0 0],[0 1 0 1 0 4],10.0,[5 1 0 0 0 0 0 2 5 4 2 3 0 0 0 0 5 0 0 0 0 0 0 0 0],False,"tf.Tensor(
[[ 1.8490674   1.1741949   1.5112773   1.2376674   1.2802796   0.16571826
   0.3284233   0.8966137   1.6212946   0.08374336  0.68872535 -0.38838956
   1.3505387  -0.13871199  1.1019439   1.5374825   0.76114863  0.51529026]], shape=(1, 18), dtype=float32)"
530,[5 1 0 0 0 0 0 2 5 4 2 3 0 0 0 0 5 0 0 0 0 0 0 0 0],"tf.Tensor([1.8202614 1.4725411 1.2847993 1.1288487 1.5549533 3.       ], shape=(6,), dtype=float32)",0.5,[5 2 4 3 4 1 1 0 0 0 0 0 0 0 0 0 5 0 0 0 0 0 0 0 0],False,"tf.Tensor(
[[ 1.8202614   1.4725411   1.2847993   1.1288487   1.5549533   0.5517735
   0.7418005   0.5294099   1.8014561  -0.11524239  0.6516996  -0.29383886
   1.5720545   0.7220758   0.81764936  1.4708571   1.1541412   0.28098914]], shape=(1, 18), dtype=float32)"
531,[5 2 4 3 4 1 1 0 0 0 0 0 0 0 0 0 5 0 0 0 0 0 0 0 0],"tf.Tensor([2.037449  1.2753918 1.6881831 1.3004775 1.7290275 3.       ], shape=(6,), dtype=float32)",0.0,[5 3 4 3 4 1 1 0 0 0 0 0 0 0 0 0 5 0 0 0 0 0 0 0 0],False,"tf.Tensor(
[[ 2.037449    1.2753918   1.6881831   1.3004775   1.7290275   0.25492835
   0.76571715  0.87985253  1.9558822  -0.15602535  0.73964095 -0.1993693
   1.6955725  -0.17609584  1.2325743   1.8616195   1.0348032   0.56673884]], shape=(1, 18), dtype=float32)"
532,[5 3 4 3 4 1 1 0 0 0 0 0 0 0 0 0 5 0 0 0 0 0 0 0 0],"tf.Tensor([2.0727563 1.2748623 1.8252138 1.3116226 1.7700212 3.       ], shape=(6,), dtype=float32)",16.0,[6 1 0 0 0 0 0 4 3 4 1 1 0 0 0 8 5 0 0 0 0 0 0 0 0],False,"tf.Tensor(
[[ 2.0727563   1.2748623   1.8252138   1.3116226   1.7700212   0.23650678
   0.8493146   0.8955883   2.0654778  -0.15474403  0.76226526 -0.23035112
   1.7593614  -0.23936936  1.2952455   1.9082822   1.0526943   0.5446459 ]], shape=(1, 18), dtype=float32)"
533,[6 1 0 0 0 0 0 4 3 4 1 1 0 0 0 8 5 0 0 0 0 0 0 0 0],"tf.Tensor([ 1.0619451   1.1053787   0.48401052  0.82902986  0.871622   11.        ], shape=(6,), dtype=float32)",0.2,[6 2 6 6 0 0 0 0 0 2 5 1 0 0 0 8 5 0 0 0 0 0 0 0 0],False,"tf.Tensor(
[[ 1.0619451   1.1053787   0.48401052  0.82902986  0.871622    0.5130383
   0.09118283  0.5049966   1.1146941  -0.01661031 -0.10154232 -0.35837024
   1.1125813   0.06454077  1.1268017   0.454445    1.154216    0.365682  ]], shape=(1, 18), dtype=float32)"
534,[6 2 6 6 0 0 0 0 0 2 5 1 0 0 0 8 5 0 0 0 0 0 0 0 0],"tf.Tensor([1.9190147 1.097698  0.9722942 1.0589621 1.111334  3.       ], shape=(6,), dtype=float32)",0.30000000000000004,[6 3 6 6 2 5 1 0 0 0 0 0 0 0 0 8 5 0 0 0 0 0 0 0 0],False,"tf.Tensor(
[[ 1.9190147   1.097698    0.9722942   1.0589621   1.111334    0.5916855
   0.5828451   0.8025738   1.6630485   0.05624769  0.30856103 -0.14650767
   1.190669    0.41746032  0.893901    1.0912691   1.3271816   0.32459825]], shape=(1, 18), dtype=float32)"
535,[6 3 6 6 2 5 1 0 0 0 0 0 0 0 0 8 5 0 0 0 0 0 0 0 0],"tf.Tensor([1.9598714 1.0141708 1.3625518 1.2191515 1.1110182 3.       ], shape=(6,), dtype=float32)",-16.0,[7 1 0 0 0 0 0 6 6 5 1 3 0 0 0 0 5 0 0 0 0 0 0 0 0],False,"tf.Tensor(
[[ 1.9598714   1.0141708   1.3625518   1.2191515   1.1110182   0.40097407
   0.6484187   0.9769496   1.6141154  -0.08583182  0.32972765 -0.11761114
   1.4121101  -0.29116753  1.2966393   1.3716701   1.2792594   0.55639464]], shape=(1, 18), dtype=float32)"
536,[7 1 0 0 0 0 0 6 6 5 1 3 0 0 0 0 5 0 0 0 0 0 0 0 0],"tf.Tensor([2.2673666 1.6927745 1.5148557 1.4271678 2.1033928 3.       ], shape=(6,), dtype=float32)",0.5,[7 2 6 6 1 4 1 0 0 0 0 0 0 0 0 0 5 0 0 0 0 0 0 0 0],False,"tf.Tensor(
[[ 2.2673666   1.6927745   1.5148557   1.4271678   2.1033928   0.8172484
   0.81397206  0.58784664  2.2040246  -0.3061607   0.5750708  -0.3543118
   2.139592    0.69451255  0.9053034   1.7582791   1.4654944   0.5657389 ]], shape=(1, 18), dtype=float32)"
537,[7 2 6 6 1 4 1 0 0 0 0 0 0 0 0 0 5 0 0 0 0 0 0 0 0],"tf.Tensor([2.3478453 1.3193755 2.060951  1.3489381 2.1531868 3.       ], shape=(6,), dtype=float32)",0.0,[7 3 6 6 1 4 1 0 0 0 0 0 0 0 0 0 5 0 0 0 0 0 0 0 0],False,"tf.Tensor(
[[ 2.3478453   1.3193755   2.060951    1.3489381   2.1531868   0.42405128
   1.1412033   0.9789684   2.481741   -0.12848583  0.5640502  -0.23324367
   2.0190365  -0.24161002  1.3954977   2.0460193   1.344545    0.57458997]], shape=(1, 18), dtype=float32)"
538,[7 3 6 6 1 4 1 0 0 0 0 0 0 0 0 0 5 0 0 0 0 0 0 0 0],"tf.Tensor([2.3855264 1.3131087 2.2024522 1.3601235 2.1754751 3.       ], shape=(6,), dtype=float32)",8.0,[8 1 0 0 0 0 0 6 6 1 4 1 0 0 0 4 5 0 0 0 0 0 0 0 0],False,"tf.Tensor(
[[ 2.3855264   1.3131087   2.2024522   1.3601235   2.1754751   0.4016759
   1.2052181   0.99989223  2.5874724  -0.11278194  0.5830699  -0.26712504
   2.0846128  -0.30907902  1.4701734   2.0636775   1.3697128   0.54954445]], shape=(1, 18), dtype=float32)"
539,[8 1 0 0 0 0 0 6 6 1 4 1 0 0 0 4 5 0 0 0 0 0 0 0 0],"tf.Tensor([1.9706166 1.8079015 1.0773855 1.1932043 1.9150106 3.       ], shape=(6,), dtype=float32)",0.5,[8 2 1 6 4 5 3 0 0 0 0 0 0 0 0 4 5 0 0 0 0 0 0 0 0],False,"tf.Tensor(
[[ 1.9706166   1.8079015   1.0773855   1.1932043   1.9150106   0.8313877
   0.3836529   0.5013685   2.2161877  -0.03185964  0.29642606 -0.41027033
   1.7959085   0.48797143  1.1683376   1.0697254   1.428263    0.5541295 ]], shape=(1, 18), dtype=float32)"
540,[8 2 1 6 4 5 3 0 0 0 0 0 0 0 0 4 5 0 0 0 0 0 0 0 0],"tf.Tensor([2.3342276 1.2624156 1.8904575 1.521588  1.3741872 3.       ], shape=(6,), dtype=float32)",0.0,[8 3 1 6 4 5 3 0 0 0 0 0 0 0 0 4 5 0 0 0 0 0 0 0 0],False,"tf.Tensor(
[[ 2.3342276   1.2624156   1.8904575   1.521588    1.3741872   0.2510994
   0.51921725  1.2250848   2.0698564  -0.09543286  0.8584465  -0.2564002
   1.5327007  -0.51105076  1.3454024   2.0534987   0.78546315  0.7658109 ]], shape=(1, 18), dtype=float32)"
541,[8 3 1 6 4 5 3 0 0 0 0 0 0 0 0 4 5 0 0 0 0 0 0 0 0],"tf.Tensor([2.3698194 1.2478678 1.9995313 1.5135006 1.3853663 3.       ], shape=(6,), dtype=float32)",0.0,[9 1 0 0 0 0 0 1 6 4 5 3 0 0 0 4 5 0 0 0 0 0 0 0 0],False,"tf.Tensor(
[[ 2.3698194   1.2478678   1.9995313   1.5135006   1.3853663   0.2578294
   0.5826554   1.1983569   2.1858864  -0.06267387  0.8910346  -0.26420397
   1.5628185  -0.5019213   1.3774351   2.048777    0.7871724   0.7429638 ]], shape=(1, 18), dtype=float32)"
542,[9 1 0 0 0 0 0 1 6 4 5 3 0 0 0 4 5 0 0 0 0 0 0 0 0],"tf.Tensor([2.2551022 1.7727432 1.3036433 1.1826725 1.9330783 3.       ], shape=(6,), dtype=float32)",0.5,[9 2 5 2 3 4 1 0 0 0 0 0 0 0 0 4 5 0 0 0 0 0 0 0 0],False,"tf.Tensor(
[[ 2.2551022   1.7727432   1.3036433   1.1826725   1.9330783   0.9001133
   0.82885355  0.6205425   2.3648152  -0.23314738  0.4357431  -0.26776904
   1.8273169   0.8055415   0.93406135  1.462706    1.5671016   0.39867717]], shape=(1, 18), dtype=float32)"
543,[9 2 5 2 3 4 1 0 0 0 0 0 0 0 0 4 5 0 0 0 0 0 0 0 0],"tf.Tensor([ 2.0837533   0.94300854  1.4943558   1.4737605   1.5548799  10.        ], shape=(6,), dtype=float32)",0.0,[9 3 5 2 3 4 1 0 0 0 0 0 0 0 0 4 5 0 0 0 0 0 0 0 0],False,"tf.Tensor(
[[ 2.0837533   0.94300854  1.4943558   1.4737605   1.5548799   0.45516008
   0.9390662   0.9062828   1.7219018  -0.3586491   0.39486933 -0.04041835
   1.7928599  -0.44582948  1.2135867   1.9754536   1.1437894   0.9084711 ]], shape=(1, 18), dtype=float32)"
544,[9 3 5 2 3 4 1 0 0 0 0 0 0 0 0 4 5 0 0 0 0 0 0 0 0],"tf.Tensor([ 2.1139174   0.96609825  1.5622861   1.4796478   1.6008731  10.        ], shape=(6,), dtype=float32)",60.0,[10 1 0 0 0 0 0 5 2 3 4 1 0 0 0 4 5 0 0 0 0 0 30 0 0],False,"tf.Tensor(
[[ 2.1139174   0.96609825  1.5622861   1.4796478   1.6008731   0.45362303
   0.9592297   0.9093776   1.8013084  -0.3541091   0.43058103 -0.05637565
   1.8243849  -0.44790074  1.2318537   2.009471    1.1349851   0.8976569 ]], shape=(1, 18), dtype=float32)"
545,[10 1 0 0 0 0 0 5 2 3 4 1 0 0 0 4 5 0 0 0 0 0 30 0 0],"tf.Tensor([ 2.0208857  1.5076238  1.185028   1.2349564  1.2441225 11.       ], shape=(6,), dtype=float32)",0.5,[10 2 5 1 4 5 3 0 0 0 0 0 0 0 0 4 5 0 0 0 0 0 30 0 0],False,"tf.Tensor(
[[ 2.0208857   1.5076238   1.185028    1.2349564   1.2441225   0.5817222
   0.8611583   1.1500118   1.9396375  -0.0325197   0.17693593 -0.84159344
   1.2906536  -0.4086583   1.9765863   1.1256537   2.7886753  -0.44068968]], shape=(1, 18), dtype=float32)"
546,[10 2 5 1 4 5 3 0 0 0 0 0 0 0 0 4 5 0 0 0 0 0 30 0 0],"tf.Tensor([1.877445   1.7831293  1.374268   0.92472786 1.3435168  3.        ], shape=(6,), dtype=float32)",0.0,[10 3 5 1 4 5 3 0 0 0 0 0 0 0 0 4 5 0 0 0 0 0 30 0 0],False,"tf.Tensor(
[[ 1.877445    1.7831293   1.374268    0.92472786  1.3435168   0.4764288
   0.77664214  1.1290282   2.2998917   0.07750595 -0.0285538  -0.84748614
   1.1517464  -0.21002612  1.9106718   1.1502347   2.0755124  -0.14772703]], shape=(1, 18), dtype=float32)"
547,[10 3 5 1 4 5 3 0 0 0 0 0 0 0 0 4 5 0 0 0 0 0 30 0 0],"tf.Tensor([1.9267902 1.7921078 1.3789252 0.9857232 1.368658  3.       ], shape=(6,), dtype=float32)",0.0,[11 1 0 0 0 0 0 5 1 4 5 3 0 0 0 4 5 0 0 0 0 0 30 0 0],False,"tf.Tensor(
[[ 1.9267902e+00  1.7921078e+00  1.3789252e+00  9.8572320e-01
   1.3686579e+00  5.0233996e-01  7.9084533e-01  1.1360694e+00
   2.2849278e+00  6.1303314e-02  2.2274107e-03 -8.5406822e-01
   1.2043641e+00 -2.3233217e-01  1.9470460e+00  1.1871836e+00
   2.1720631e+00 -1.6143286e-01]], shape=(1, 18), dtype=float32)"
548,[11 1 0 0 0 0 0 5 1 4 5 3 0 0 0 4 5 0 0 0 0 0 30 0 0],"tf.Tensor([ 2.185714   1.4095905  1.2964045  1.2363188  1.2464612 11.       ], shape=(6,), dtype=float32)",0.5,[11 2 2 4 3 5 6 0 0 0 0 0 0 0 0 4 5 0 0 0 0 0 30 0 0],False,"tf.Tensor(
[[ 2.185714    1.4095905   1.2964045   1.2363188   1.2464612   0.61839134
   1.081035    0.9514514   2.1692548   0.09742036  0.2061614  -0.75739187
   1.2618951  -0.31903008  2.1182323   1.0833414   2.8375397  -0.38120082]], shape=(1, 18), dtype=float32)"
549,[11 2 2 4 3 5 6 0 0 0 0 0 0 0 0 4 5 0 0 0 0 0 30 0 0],"tf.Tensor([1.7229022 1.5432916 1.841702  0.8861634 0.9747418 3.       ], shape=(6,), dtype=float32)",0.0,[11 3 2 4 3 5 6 0 0 0 0 0 0 0 0 4 5 0 0 0 0 0 30 0 0],False,"tf.Tensor(
[[ 1.7229022   1.5432916   1.841702    0.8861634   0.9747418   0.13044913
   1.0487543   1.0891201   2.7038598   0.5524514  -0.03931747 -1.1580309
   0.8188538  -0.57698786  2.169569    1.1644188   1.4927258  -0.01394733]], shape=(1, 18), dtype=float32)"
550,[11 3 2 4 3 5 6 0 0 0 0 0 0 0 0 4 5 0 0 0 0 0 30 0 0],"tf.Tensor([1.7818558 1.6098123 1.8506837 0.8972073 0.9808745 3.       ], shape=(6,), dtype=float32)",0.0,[12 1 0 0 0 0 0 2 4 3 5 6 0 0 0 4 5 0 0 0 0 0 30 0 0],False,"tf.Tensor(
[[ 1.7818558   1.6098123   1.8506837   0.8972073   0.9808745   0.14665209
   1.0206497   1.1454751   2.6915953   0.5614445  -0.07494242 -1.1381967
   0.87707657 -0.5502501   2.2053103   1.1359785   1.5769273  -0.02550269]], shape=(1, 18), dtype=float32)"
551,[12 1 0 0 0 0 0 2 4 3 5 6 0 0 0 4 5 0 0 0 0 0 30 0 0],"tf.Tensor([ 2.1634502  1.173779   1.4390093  1.2297574  1.0391985 11.       ], shape=(6,), dtype=float32)",0.5,[12 2 1 2 6 3 4 0 0 0 0 0 0 0 0 4 5 0 0 0 0 0 30 0 0],False,"tf.Tensor(
[[ 2.1634502   1.173779    1.4390093   1.2297574   1.0391985   0.5454242
   1.0590813   0.9898033   2.1435258   0.30440778  0.27150095 -0.74271536
   1.1072627  -0.40083846  2.1421936   1.1524291   2.614772   -0.333913  ]], shape=(1, 18), dtype=float32)"
552,[12 2 1 2 6 3 4 0 0 0 0 0 0 0 0 4 5 0 0 0 0 0 30 0 0],"tf.Tensor([1.8874704 1.9265451 1.7182757 0.8768493 1.1044397 3.       ], shape=(6,), dtype=float32)",0.0,[12 3 1 2 6 3 4 0 0 0 0 0 0 0 0 4 5 0 0 0 0 0 30 0 0],False,"tf.Tensor(
[[ 1.8874704   1.9265451   1.7182757   0.8768493   1.1044397   0.30606192
   0.98590684  1.1388693   2.8215127   0.79453766 -0.30761552 -1.187761
   0.9676965  -0.3633655   2.3117743   1.049       1.7042463  -0.04524865]], shape=(1, 18), dtype=float32)"
553,[12 3 1 2 6 3 4 0 0 0 0 0 0 0 0 4 5 0 0 0 0 0 30 0 0],"tf.Tensor([1.9668045 1.9825203 1.7138865 0.9112825 1.1038735 3.       ], shape=(6,), dtype=float32)",0.0,[13 1 0 0 0 0 0 1 2 6 3 4 0 0 0 4 5 0 0 0 0 0 30 0 0],False,"tf.Tensor(
[[ 1.9668045   1.9825203   1.7138865   0.9112825   1.1038735   0.33948997
   0.9798533   1.1685467   2.8268008   0.78998595 -0.29800028 -1.1567875
   1.0110564  -0.33615032  2.3354342   1.0695103   1.7738739  -0.04945915]], shape=(1, 18), dtype=float32)"
554,[13 1 0 0 0 0 0 1 2 6 3 4 0 0 0 4 5 0 0 0 0 0 30 0 0],"tf.Tensor([ 1.9848351  1.4322221  1.1597834  1.1394423  1.0333998 11.       ], shape=(6,), dtype=float32)",0.5,[13 2 2 3 1 4 3 0 0 0 0 0 0 0 0 4 5 0 0 0 0 0 30 0 0],False,"tf.Tensor(
[[ 1.9848351   1.4322221   1.1597834   1.1394423   1.0333998   0.53923047
   0.76677686  1.0855896   1.8807704   0.2650502   0.13966005 -0.7770161
   1.0724088  -0.21649286  1.9223776   1.0211825   2.4566944  -0.32550836]], shape=(1, 18), dtype=float32)"
555,[13 2 2 3 1 4 3 0 0 0 0 0 0 0 0 4 5 0 0 0 0 0 30 0 0],"tf.Tensor([2.0454938 1.791121  1.7008756 1.017492  1.0729194 3.       ], shape=(6,), dtype=float32)",0.0,[13 3 2 3 1 4 3 0 0 0 0 0 0 0 0 4 5 0 0 0 0 0 30 0 0],False,"tf.Tensor(
[[ 2.0454938   1.791121    1.7008756   1.017492    1.0729194   0.4033418
   0.97363955  1.2448902   2.5325005   0.41806883 -0.05839981 -0.9405125
   1.1537884  -0.40587905  2.19094     1.1213815   2.0507061  -0.15738076]], shape=(1, 18), dtype=float32)"
556,[13 3 2 3 1 4 3 0 0 0 0 0 0 0 0 4 5 0 0 0 0 0 30 0 0],"tf.Tensor([2.111486  1.8193171 1.7052062 1.0748869 1.1023908 3.       ], shape=(6,), dtype=float32)",0.0,[14 1 0 0 0 0 0 2 3 1 4 3 0 0 0 4 5 0 0 0 0 0 30 0 0],True,"tf.Tensor(
[[ 2.111486    1.8193171   1.7052062   1.0748869   1.1023908   0.4366219
   0.9859913   1.2536876   2.54189     0.39870086 -0.02866264 -0.9405346
   1.2044526  -0.4065783   2.2259102   1.151197    2.1522713  -0.16291189]], shape=(1, 18), dtype=float32)"
557,[1 1 0 0 0 0 0 4 6 4 4 2 0 0 0 0 0 0 0 0 0 0 0 0 0],"tf.Tensor([1.3919497 1.1005543 1.1087743 1.0582803 1.1499728 7.       ], shape=(6,), dtype=float32)",0.5,[1 2 4 6 4 4 2 0 0 0 0 0 0 0 0 0 0 0 0 0 0 0 0 0 0],False,"tf.Tensor(
[[ 1.3919497   1.1005543   1.1087743   1.0582803   1.1499728   0.1486381
   0.27183247  0.46938124  1.0284296   0.02217216  0.7609394  -0.26361698
   1.2559679   0.40335837  0.7723537   1.1955119   0.75180435  0.29556453]], shape=(1, 18), dtype=float32)"
558,[1 2 4 6 4 4 2 0 0 0 0 0 0 0 0 0 0 0 0 0 0 0 0 0 0],"tf.Tensor([ 1.7120675   0.97840756  1.3128561   1.1748589   1.4931756  10.        ], shape=(6,), dtype=float32)",0.0,[1 3 4 6 4 4 2 0 0 0 0 0 0 0 0 0 0 0 0 0 0 0 0 0 0],False,"tf.Tensor(
[[ 1.7120675   0.97840756  1.3128561   1.1748589   1.4931756   0.27539125
   0.7181383   0.68380386  1.6489825  -0.094439    0.54014266 -0.23053272
   1.3497944  -0.24392143  1.1875759   1.8118682   0.8282328   0.58584136]], shape=(1, 18), dtype=float32)"
559,[1 3 4 6 4 4 2 0 0 0 0 0 0 0 0 0 0 0 0 0 0 0 0 0 0],"tf.Tensor([ 1.7533214  1.0094122  1.414886   1.1864417  1.5426464 10.       ], shape=(6,), dtype=float32)",0.0,[2 1 0 0 0 0 0 4 6 4 4 2 0 0 0 0 0 0 0 0 0 0 0 0 0],False,"tf.Tensor(
[[ 1.7533214   1.0094122   1.414886    1.1864417   1.5426464   0.26647833
   0.73311967  0.6927574   1.7331849  -0.0859004   0.5815616  -0.2694891
   1.4205638  -0.2475613   1.2182224   1.8202726   0.8418942   0.5672257 ]], shape=(1, 18), dtype=float32)"
560,[2 1 0 0 0 0 0 4 6 4 4 2 0 0 0 0 0 0 0 0 0 0 0 0 0],"tf.Tensor([1.5098056 1.1795682 1.117691  1.0964936 1.2108501 7.       ], shape=(6,), dtype=float32)",0.5,[2 2 3 1 1 3 6 0 0 0 0 0 0 0 0 0 0 0 0 0 0 0 0 0 0],False,"tf.Tensor(
[[ 1.5098056   1.1795682   1.117691    1.0964936   1.2108501   0.25395644
   0.39885944  0.50880617  1.1586878  -0.00613169  0.69156003 -0.21483062
   1.2941542   0.574013    0.7621788   1.2250488   0.93150914  0.26845515]], shape=(1, 18), dtype=float32)"
561,[2 2 3 1 1 3 6 0 0 0 0 0 0 0 0 0 0 0 0 0 0 0 0 0 0],"tf.Tensor([0.9408101  0.96457994 0.7633351  0.79066026 1.1167297  7.        ], shape=(6,), dtype=float32)",0.0,[2 3 3 1 1 3 6 0 0 0 0 0 0 0 0 0 0 0 0 0 0 0 0 0 0],False,"tf.Tensor(
[[ 0.9408101   0.96457994  0.7633351   0.79066026  1.1167297   0.2775065
   0.4063755   0.14351913  1.0842351  -0.12371211  0.41643465 -0.26253593
   1.1600999   0.21084628  0.66393656  1.0028697   0.6274762   0.37254888]], shape=(1, 18), dtype=float32)"
562,[2 3 3 1 1 3 6 0 0 0 0 0 0 0 0 0 0 0 0 0 0 0 0 0 0],"tf.Tensor([0.9720175  0.9333663  0.8226124  0.84367603 1.1738367  7.        ], shape=(6,), dtype=float32)",0.0,[3 1 0 0 0 0 0 3 1 1 3 6 0 0 0 0 0 0 0 0 0 0 0 0 0],False,"tf.Tensor(
[[ 0.9720175   0.9333663   0.8226124   0.84367603  1.1738367   0.28943872
   0.3796034   0.11016488  1.0720712  -0.12766467  0.44130534 -0.29973155
   1.2355373   0.1744772   0.73670745  1.0428144   0.6608609   0.39470056]], shape=(1, 18), dtype=float32)"
563,[3 1 0 0 0 0 0 3 1 1 3 6 0 0 0 0 0 0 0 0 0 0 0 0 0],"tf.Tensor([1.1474925  0.93813753 0.78725207 0.36552703 1.1106362  3.        ], shape=(6,), dtype=float32)",0.30000000000000004,[3 2 2 2 1 0 0 0 0 2 4 0 0 0 0 0 0 0 0 0 0 0 0 0 0],False,"tf.Tensor(
[[ 1.1474925   0.93813753  0.78725207  0.36552703  1.1106362   0.58671665
   0.8791697   0.27671054  1.4108343  -0.3037278   0.30710346  0.08083665
   1.019323    0.5921259   0.61485064  0.7508312   1.0872062  -0.07103433]], shape=(1, 18), dtype=float32)"
564,[3 2 2 2 1 0 0 0 0 2 4 0 0 0 0 0 0 0 0 0 0 0 0 0 0],"tf.Tensor([ 1.3006357   1.047965    0.76773274  0.68925893  0.9387323  11.        ], shape=(6,), dtype=float32)",0.0,[3 3 2 2 1 0 0 0 0 2 3 0 0 0 0 0 0 0 0 0 0 0 0 0 0],False,"tf.Tensor(
[[1.3006357  1.047965   0.76773274 0.68925893 0.9387323  0.2768671
  0.52766603 0.2318542  1.0194166  0.0759811  0.21614528 0.02475068
  0.948827   0.96583056 0.6007789  1.0334251  1.0638772  0.05959705]], shape=(1, 18), dtype=float32)"
565,[3 3 2 2 1 0 0 0 0 2 3 0 0 0 0 0 0 0 0 0 0 0 0 0 0],[ 0  1  0  1  0 11],0.0,[4 1 0 0 0 0 0 2 2 3 1 1 0 0 0 0 0 0 0 0 0 0 0 0 0],False,"tf.Tensor(
[[ 1.2785375   0.8921633   0.850122    0.6819392   0.9154479   0.35310355
   0.5145383   0.301912    1.1257346   0.04215796  0.32054794 -0.08495097
   0.9380923   0.71883273  0.5698816   0.8973181   1.0002922   0.03087281]], shape=(1, 18), dtype=float32)"
566,[4 1 0 0 0 0 0 2 2 3 1 1 0 0 0 0 0 0 0 0 0 0 0 0 0],"tf.Tensor([ 1.168478    0.70125026  0.55024564  0.76707137  0.93149656 11.        ], shape=(6,), dtype=float32)",0.2,[4 2 4 5 0 0 0 0 6 1 3 0 0 0 0 0 0 0 0 0 0 0 0 0 0],False,"tf.Tensor(
[[ 1.168478    0.70125026  0.55024564  0.76707137  0.93149656  0.5492664
   0.6312665   0.30840847  0.9072186  -0.23230968  0.26377138  0.10000362
   1.001998    0.64686227  0.4381366   0.7958723   1.0500809   0.22232464]], shape=(1, 18), dtype=float32)"
567,[4 2 4 5 0 0 0 0 6 1 3 0 0 0 0 0 0 0 0 0 0 0 0 0 0],"tf.Tensor([2.1148243 1.1883563 1.6669835 1.265115  1.7273806 3.       ], shape=(6,), dtype=float32)",0.30000000000000004,[4 3 4 5 6 1 3 0 0 0 0 0 0 0 0 0 0 0 0 0 0 0 0 0 0],False,"tf.Tensor(
[[ 2.1148243   1.1883563   1.6669835   1.265115    1.7273806   0.55526555
   1.2983991   0.563001    2.0696392  -0.16498627  0.7651348  -0.30651528
   1.7154015   0.6400491   0.91511023  1.9905654   1.4784757   0.10497992]], shape=(1, 18), dtype=float32)"
568,[4 3 4 5 6 1 3 0 0 0 0 0 0 0 0 0 0 0 0 0 0 0 0 0 0],"tf.Tensor([ 2.0569012  1.2554548  1.6500667  1.4953206  1.5059998 10.       ], shape=(6,), dtype=float32)",0.0,[5 1 0 0 0 0 0 4 6 6 5 5 0 0 0 0 0 0 0 0 0 0 0 0 0],False,"tf.Tensor(
[[ 2.0569012   1.2554548   1.6500667   1.4953206   1.5059998   0.14670642
   0.45137042  0.94960743  1.7450196   0.04400085  0.781827   -0.40423608
   1.6079986  -0.28296652  1.3931805   1.9463011   0.85225785  0.702774  ]], shape=(1, 18), dtype=float32)"
569,[5 1 0 0 0 0 0 4 6 6 5 5 0 0 0 0 0 0 0 0 0 0 0 0 0],[1 0 1 0 1 5],0.30000000000000004,[5 2 5 5 6 0 0 0 1 0 6 0 0 0 0 0 0 0 0 0 0 0 0 0 0],False,"tf.Tensor(
[[ 2.0953207   1.5726106   1.3780999   1.2092596   1.8900338   0.5774156
   1.041099    0.56198     1.8568724  -0.11608526  0.8081786   0.1058378
   1.8238912   1.2676793   0.9428388   1.5929178   1.7317207   0.08550245]], shape=(1, 18), dtype=float32)"
570,[5 2 5 5 6 0 0 0 1 0 6 0 0 0 0 0 0 0 0 0 0 0 0 0 0],"tf.Tensor([ 2.0108354  1.0767834  1.4458293  1.5440713  1.4366063 10.       ], shape=(6,), dtype=float32)",0.2,[5 3 5 5 6 1 6 0 0 0 0 0 0 0 0 0 0 0 0 0 0 0 0 0 0],False,"tf.Tensor(
[[ 2.0108354   1.0767834   1.4458293   1.5440713   1.4366063   0.05097568
   0.61764616  0.87352633  1.5325822   0.20091476  0.6772678  -0.32500792
   1.5664681  -0.10231361  1.3868508   2.1960442   0.8430005   0.72173387]], shape=(1, 18), dtype=float32)"
571,[5 3 5 5 6 1 6 0 0 0 0 0 0 0 0 0 0 0 0 0 0 0 0 0 0],[ 0  1  1  1  1 12],46.0,[6 1 0 0 0 0 0 5 3 5 5 6 0 0 0 0 0 0 0 0 0 0 0 0 23],False,"tf.Tensor(
[[ 2.3023715   1.6225923   1.7409636   1.7073103   1.8529664   0.30317393
   0.269165    0.8531787   1.9640372   0.14313124  0.84495884 -0.6019145
   2.0042248   0.06565335  1.5450162   1.9663842   1.1090318   0.7584969 ]], shape=(1, 18), dtype=float32)"
572,[6 1 0 0 0 0 0 5 3 5 5 6 0 0 0 0 0 0 0 0 0 0 0 0 23],"tf.Tensor([3.6820164 1.6839677 3.5727842 2.2777126 1.8799206 3.       ], shape=(6,), dtype=float32)",0.5,[6 2 5 1 6 6 2 0 0 0 0 0 0 0 0 0 0 0 0 0 0 0 0 0 23],False,"tf.Tensor(
[[ 3.6820164   1.6839677   3.5727842   2.2777126   1.8799206   0.38536292
   1.3360326   1.7103728   3.1989374   0.2955044   1.6056671   0.1565907
   2.4673765   0.624853    1.9079179   2.4971182   2.5321226  -0.19992775]], shape=(1, 18), dtype=float32)"
573,[6 2 5 1 6 6 2 0 0 0 0 0 0 0 0 0 0 0 0 0 0 0 0 0 23],"tf.Tensor([ 2.309849    1.2436874   3.1347775   2.0731423   0.99988604 10.        ], shape=(6,), dtype=float32)",0.0,[6 3 5 1 6 6 2 0 0 0 0 0 0 0 0 0 0 0 0 0 0 0 0 0 23],False,"tf.Tensor(
[[ 2.309849    1.2436874   3.1347775   2.0731423   0.99988604 -1.0036914
   1.0074395   1.7350274   2.4490237   0.76993775  1.5408407   0.09982631
   1.4796957  -1.267677    2.5878115   2.947782    0.42110136  0.48665488]], shape=(1, 18), dtype=float32)"
574,[6 3 5 1 6 6 2 0 0 0 0 0 0 0 0 0 0 0 0 0 0 0 0 0 23],"tf.Tensor([ 2.305723   1.1880556  3.2013607  2.034047   1.0587343 10.       ], shape=(6,), dtype=float32)",0.0,[7 1 0 0 0 0 0 5 1 6 6 2 0 0 0 0 0 0 0 0 0 0 0 0 23],False,"tf.Tensor(
[[ 2.305723    1.1880556   3.2013607   2.034047    1.0587343  -1.0334411
   1.0944669   1.7383473   2.4832077   0.77578527  1.5450912   0.07579137
   1.5693163  -1.3315738   2.6423454   2.949791    0.41338447  0.49960506]], shape=(1, 18), dtype=float32)"
575,[7 1 0 0 0 0 0 5 1 6 6 2 0 0 0 0 0 0 0 0 0 0 0 0 23],"tf.Tensor([3.7098303 1.4348319 3.4039867 2.359476  1.1937709 3.       ], shape=(6,), dtype=float32)",0.5,[7 2 3 2 4 5 6 0 0 0 0 0 0 0 0 0 0 0 0 0 0 0 0 0 23],False,"tf.Tensor(
[[ 3.7098303   1.4348319   3.4039867   2.359476    1.1937709   0.41967955
   1.027326    1.8552197   2.9510503   0.21834306  1.5638968   0.43328297
   2.0064516   0.16058648  2.0421398   2.3324378   2.4949756  -0.05587427]], shape=(1, 18), dtype=float32)"
576,[7 2 3 2 4 5 6 0 0 0 0 0 0 0 0 0 0 0 0 0 0 0 0 0 23],"tf.Tensor([3.4193978 1.8247274 2.7222698 2.0057547 1.4218842 3.       ], shape=(6,), dtype=float32)",0.0,[7 3 3 2 4 5 6 0 0 0 0 0 0 0 0 0 0 0 0 0 0 0 0 0 23],False,"tf.Tensor(
[[3.4193978  1.8247274  2.7222698  2.0057547  1.4218842  0.22431165
  1.001779   1.8524818  3.1716812  0.23920189 1.7254488  0.05982794
  1.5494347  0.05695477 1.8342098  2.9963417  0.9836535  0.5267176 ]], shape=(1, 18), dtype=float32)"
577,[7 3 3 2 4 5 6 0 0 0 0 0 0 0 0 0 0 0 0 0 0 0 0 0 23],"tf.Tensor([3.4118047 1.7535818 2.7793381 1.976814  1.4885921 3.       ], shape=(6,), dtype=float32)",8.0,[8 1 0 0 0 0 0 3 2 4 5 6 0 0 0 4 0 0 0 0 0 0 0 0 23],False,"tf.Tensor(
[[ 3.4118047   1.7535818   2.7793381   1.976814    1.4885921   0.226859
   1.1019654   1.817503    3.2048483   0.24045731  1.7136166  -0.00689689
   1.6776537   0.01774332  1.8944787   3.0012016   0.9832287   0.55287653]], shape=(1, 18), dtype=float32)"
578,[8 1 0 0 0 0 0 3 2 4 5 6 0 0 0 4 0 0 0 0 0 0 0 0 23],"tf.Tensor([3.4301136  1.1715108  3.3716671  2.0818284  0.87737536 2.        ], shape=(6,), dtype=float32)",0.4,[8 2 5 2 4 5 0 0 0 0 0 2 0 0 0 4 0 0 0 0 0 0 0 0 23],False,"tf.Tensor(
[[ 3.4301136   1.1715108   3.3716671   2.0818284   0.87737536 -0.35205814
   0.6001893   2.4443638   2.4375658   0.58353454  1.6846468   0.891928
   1.4607948  -0.45104071  1.9433279   2.0617692   1.8899347  -0.0356052 ]], shape=(1, 18), dtype=float32)"
579,[8 2 5 2 4 5 0 0 0 0 0 2 0 0 0 4 0 0 0 0 0 0 0 0 23],"tf.Tensor([ 2.365124    0.8103529   3.1720073   1.9052211   0.37876058 10.        ], shape=(6,), dtype=float32)",0.0,[8 3 5 2 4 5 0 0 0 0 0 6 0 0 0 4 0 0 0 0 0 0 0 0 23],False,"tf.Tensor(
[[ 2.365124    0.8103529   3.1720073   1.9052211   0.37876058 -1.0554664
   0.70505285  2.1220684   2.0197024   0.78010756  1.5911025   0.6609484
   0.91313344 -1.720481    2.4121637   2.5323727   0.4607029   0.4520401 ]], shape=(1, 18), dtype=float32)"
580,[8 3 5 2 4 5 0 0 0 0 0 6 0 0 0 4 0 0 0 0 0 0 0 0 23],"tf.Tensor([2.4297013  1.2723658  3.656122   2.0640314  0.55461586 9.        ], shape=(6,), dtype=float32)",0.0,[9 1 0 0 0 0 0 5 2 4 5 6 0 0 0 4 0 0 0 0 0 0 0 0 23],False,"tf.Tensor(
[[ 2.4297013   1.2723658   3.656122    2.0640314   0.55461586 -1.4107717
   0.7920799   2.2381737   2.2089157   0.81112224  1.814609    0.53481644
   1.4003121  -1.42606     2.4862664   2.378714    0.8129133   0.06831417]], shape=(1, 18), dtype=float32)"
581,[9 1 0 0 0 0 0 5 2 4 5 6 0 0 0 4 0 0 0 0 0 0 0 0 23],"tf.Tensor([3.5837376 1.2361192 3.4036949 2.243682  0.9412394 3.       ], shape=(6,), dtype=float32)",0.5,[9 2 3 2 5 2 1 0 0 0 0 0 0 0 0 4 0 0 0 0 0 0 0 0 23],False,"tf.Tensor(
[[ 3.5837376   1.2361192   3.4036949   2.243682    0.9412394  -0.24670911
   0.6296685   2.4282358   2.5020123   0.51679474  1.6436023   0.8408939
   1.6490189  -0.5763749   2.1848574   2.1813607   2.0722728   0.12697887]], shape=(1, 18), dtype=float32)"
582,[9 2 3 2 5 2 1 0 0 0 0 0 0 0 0 4 0 0 0 0 0 0 0 0 23],"tf.Tensor([ 2.6039846  0.7328177  2.429297   1.578649   0.5066089 10.       ], shape=(6,), dtype=float32)",0.0,[9 3 3 2 5 2 1 0 0 0 0 0 0 0 0 4 0 0 0 0 0 0 0 0 23],False,"tf.Tensor(
[[ 2.6039846   0.7328177   2.429297    1.578649    0.5066089  -0.5590313
   0.45546848  2.3798323   2.1227393   0.8529249   1.4795591   0.68158716
   0.2963641  -1.5145048   2.0233283   2.686456    0.09788281  0.6700393 ]], shape=(1, 18), dtype=float32)"
583,[9 3 3 2 5 2 1 0 0 0 0 0 0 0 0 4 0 0 0 0 0 0 0 0 23],"tf.Tensor([ 2.5786133  0.6847352  2.507007   1.5254061  0.5359264 10.       ], shape=(6,), dtype=float32)",0.0,[10 1 0 0 0 0 0 3 2 5 2 1 0 0 0 4 0 0 0 0 0 0 0 0 23],False,"tf.Tensor(
[[ 2.5786133   0.6847352   2.507007    1.5254061   0.5359264  -0.53175247
   0.5418794   2.3520064   2.1792104   0.855817    1.4355662   0.6339795
   0.3742154  -1.5282634   2.0573392   2.6572843   0.10527715  0.6441945 ]], shape=(1, 18), dtype=float32)"
584,[10 1 0 0 0 0 0 3 2 5 2 1 0 0 0 4 0 0 0 0 0 0 0 0 23],"tf.Tensor([3.0012016  0.6037499  2.887099   1.8700535  0.42582792 2.        ], shape=(6,), dtype=float32)",0.30000000000000004,[10 2 3 2 2 0 0 0 3 0 0 6 0 0 0 4 0 0 0 0 0 0 0 0 23],False,"tf.Tensor(
[[ 3.0012016   0.6037499   2.887099    1.8700535   0.42582792 -0.35730913
   0.49657738  2.2770472   1.937324    0.6435681   1.5994848   0.9010134
   0.95756716 -0.8517529   1.7893806   2.050476    1.2299799   0.27340147]], shape=(1, 18), dtype=float32)"
585,[10 2 3 2 2 0 0 0 3 0 0 6 0 0 0 4 0 0 0 0 0 0 0 0 23],"tf.Tensor([2.8906772  1.184786   3.3792481  1.6827627  0.82317185 3.        ], shape=(6,), dtype=float32)",0.1,[10 3 3 2 2 3 0 0 0 0 0 2 0 0 0 4 0 0 0 0 0 0 0 0 23],False,"tf.Tensor(
[[ 2.8906772   1.184786    3.3792481   1.6827627   0.82317185 -1.0984185
   1.2842947   2.5359035   2.7263613   0.9366339   1.9620887   0.6457759
   1.0053796  -0.78146374  2.0281427   2.4031014   1.0646464  -0.30316004]], shape=(1, 18), dtype=float32)"
586,[10 3 3 2 2 3 0 0 0 0 0 2 0 0 0 4 0 0 0 0 0 0 0 0 23],"tf.Tensor([2.3578784 0.5852089 3.1922963 1.4150648 0.4069578 3.       ], shape=(6,), dtype=float32)",-8.0,[11 1 0 0 0 0 0 3 6 2 2 5 0 0 0 0 0 0 0 0 0 0 0 0 23],False,"tf.Tensor(
[[ 2.3578784   0.5852089   3.1922963   1.4150648   0.4069578  -0.90071034
   0.6740694   2.144581    2.3014429   1.0192101   1.5634398   0.7206608
   0.6456045  -1.5657343   2.1730416   2.0968301   0.27819604  0.26899984]], shape=(1, 18), dtype=float32)"
587,[11 1 0 0 0 0 0 3 6 2 2 5 0 0 0 0 0 0 0 0 0 0 0 0 23],"tf.Tensor([3.6469643 1.3572147 3.4937527 1.9178207 1.2309079 3.       ], shape=(6,), dtype=float32)",0.5,[11 2 1 6 4 3 2 0 0 0 0 0 0 0 0 0 0 0 0 0 0 0 0 0 23],False,"tf.Tensor(
[[ 3.6469643   1.3572147   3.4937527   1.9178207   1.2309079  -0.21671867
   1.505477    2.4181733   3.1925766   0.52596515  1.9439232   0.30898833
   1.6479586   0.05345216  1.8056703   2.6955383   1.550698   -0.16869032]], shape=(1, 18), dtype=float32)"
588,[11 2 1 6 4 3 2 0 0 0 0 0 0 0 0 0 0 0 0 0 0 0 0 0 23],"tf.Tensor([3.781067  1.6274163 3.1860151 1.7842067 1.2415214 3.       ], shape=(6,), dtype=float32)",0.0,[11 3 1 6 4 3 2 0 0 0 0 0 0 0 0 0 0 0 0 0 0 0 0 0 23],False,"tf.Tensor(
[[ 3.781067    1.6274163   3.1860151   1.7842067   1.2415214  -0.10659263
   1.5057602   2.657549    3.8370411   0.7442743   1.9446821   0.33995873
   0.7515464  -0.50116014  2.0166414   3.7322373   0.22887161  0.5431767 ]], shape=(1, 18), dtype=float32)"
589,[11 3 1 6 4 3 2 0 0 0 0 0 0 0 0 0 0 0 0 0 0 0 0 0 23],"tf.Tensor([3.7669978 1.5880731 3.2977667 1.7823551 1.2756275 3.       ], shape=(6,), dtype=float32)",8.0,[12 1 0 0 0 0 0 1 6 4 3 2 0 0 0 4 0 0 0 0 0 0 0 0 23],False,"tf.Tensor(
[[ 3.7669978   1.5880731   3.2977667   1.7823551   1.2756275  -0.11417714
   1.5910656   2.6214979   3.8834925   0.7062823   1.9390996   0.32977772
   0.86255115 -0.56422913  2.0730906   3.7197783   0.28153217  0.5251442 ]], shape=(1, 18), dtype=float32)"
590,[12 1 0 0 0 0 0 1 6 4 3 2 0 0 0 4 0 0 0 0 0 0 0 0 23],"tf.Tensor([3.1074116  0.75094104 2.6961389  1.6846279  0.83760285 3.        ], shape=(6,), dtype=float32)",0.30000000000000004,[12 2 5 4 5 0 0 0 4 0 0 6 0 0 0 4 0 0 0 0 0 0 0 0 23],False,"tf.Tensor(
[[ 3.1074116   0.75094104  2.6961389   1.6846279   0.83760285 -0.3573122
   0.9467273   2.2939503   2.490344    0.7382869   1.8220012   0.69120324
   0.8612882  -0.5633658   1.6074998   2.3713267   1.0159055   0.16288206]], shape=(1, 18), dtype=float32)"
591,[12 2 5 4 5 0 0 0 4 0 0 6 0 0 0 4 0 0 0 0 0 0 0 0 23],"tf.Tensor([ 3.3558981  1.2711818  3.5422595  1.9949548  1.4549254 10.       ], shape=(6,), dtype=float32)",0.2,[12 3 5 4 5 4 6 0 0 0 0 0 0 0 0 4 0 0 0 0 0 0 0 0 23],False,"tf.Tensor(
[[ 3.3558981   1.2711818   3.5422595   1.9949548   1.4549254  -0.94730955
   2.0189254   2.6922388   3.1333666   0.79612225  1.9906135   0.46565098
   1.6155841  -0.74941695  2.3185778   3.5709722   0.81561726  0.25803933]], shape=(1, 18), dtype=float32)"
592,[12 3 5 4 5 4 6 0 0 0 0 0 0 0 0 4 0 0 0 0 0 0 0 0 23],"tf.Tensor([ 3.7265878  1.4379188  2.8235443  2.2149012  1.5363158 10.       ], shape=(6,), dtype=float32)",0.0,[13 1 0 0 0 0 0 5 5 4 5 6 0 0 0 4 0 0 0 0 0 0 0 0 23],False,"tf.Tensor(
[[ 3.7265878   1.4379188   2.8235443   2.2149012   1.5363158   0.1928977
   1.2692343   2.1788416   3.3178408   0.27413344  1.668348    0.26761732
   1.5561804  -0.7256048   2.181274    3.5672536   0.86774856  1.0147244 ]], shape=(1, 18), dtype=float32)"
593,[13 1 0 0 0 0 0 5 5 4 5 6 0 0 0 4 0 0 0 0 0 0 0 0 23],"tf.Tensor([4.0023556 1.2026538 3.4658904 2.2475154 1.2219675 3.       ], shape=(6,), dtype=float32)",0.5,[13 2 1 4 3 1 6 0 0 0 0 0 0 0 0 4 0 0 0 0 0 0 0 0 23],False,"tf.Tensor(
[[ 4.0023556   1.2026538   3.4658904   2.2475154   1.2219675  -0.0802151
   1.1147203   2.6762812   2.7878063   0.40953934  1.7649033   0.76549613
   1.9145452  -0.34185243  2.0666268   2.6195583   2.0133986   0.28564847]], shape=(1, 18), dtype=float32)"
594,[13 2 1 4 3 1 6 0 0 0 0 0 0 0 0 4 0 0 0 0 0 0 0 0 23],[ 1  0  0  1  0 11],0.0,[13 3 1 4 3 1 6 0 0 0 0 0 0 0 0 4 0 0 0 0 0 0 0 0 23],False,"tf.Tensor(
[[ 3.5242667   1.4561762   2.237635    1.7368207   1.3305542  -0.00423345
   0.59493357  2.6564102   2.9604936   0.56501526  1.7883403   0.66251427
   0.5928487  -0.49220505  1.4479921   3.1167617   0.43885496  0.69280654]], shape=(1, 18), dtype=float32)"
595,[13 3 1 4 3 1 6 0 0 0 0 0 0 0 0 4 0 0 0 0 0 0 0 0 23],"tf.Tensor([ 3.4658165  1.4368877  2.316707   1.7077733  1.3808937 10.       ], shape=(6,), dtype=float32)",0.0,[14 1 0 0 0 0 0 1 4 3 1 6 0 0 0 4 0 0 0 0 0 0 0 0 23],True,"tf.Tensor(
[[ 3.4658165   1.4368877   2.316707    1.7077733   1.3808937  -0.0379971
   0.6120911   2.649097    2.975718    0.5568742   1.7694142   0.6325607
   0.6898134  -0.55150807  1.495725    3.0664654   0.47345826  0.63916963]], shape=(1, 18), dtype=float32)"
596,[1 1 0 0 0 0 0 2 4 5 4 5 0 0 0 0 0 0 0 0 0 0 0 0 0],"tf.Tensor([1.3232003 1.158009  1.0961648 0.7547689 1.3096886 7.       ], shape=(6,), dtype=float32)",0.4,[1 2 2 4 5 5 0 0 0 0 1 0 0 0 0 0 0 0 0 0 0 0 0 0 0],False,"tf.Tensor(
[[1.3232003  1.158009   1.0961648  0.7547689  1.3096886  0.09055242
  0.57101166 0.37530044 1.094464   0.02131062 0.8323749  0.16572355
  1.3193884  0.88412577 0.6281264  1.1958684  0.9113611  0.03234281]], shape=(1, 18), dtype=float32)"
597,[1 2 2 4 5 5 0 0 0 0 1 0 0 0 0 0 0 0 0 0 0 0 0 0 0],"tf.Tensor([ 1.494481    0.8118875   1.3126682   1.2291715   0.96205676 10.        ], shape=(6,), dtype=float32)",0.1,[1 3 2 4 5 5 1 0 0 0 0 0 0 0 0 0 0 0 0 0 0 0 0 0 0],False,"tf.Tensor(
[[ 1.494481    0.8118875   1.3126682   1.2291715   0.96205676 -0.04506403
   0.5078249   0.8467777   1.1994151  -0.15485549  0.65450025  0.01031538
   0.9653764  -0.60050666  1.1015804   1.7253135   0.6696082   0.5058626 ]], shape=(1, 18), dtype=float32)"
598,[1 3 2 4 5 5 1 0 0 0 0 0 0 0 0 0 0 0 0 0 0 0 0 0 0],"tf.Tensor([ 1.6370146  0.8507025  1.4109025  1.2075145  1.0853299 10.       ], shape=(6,), dtype=float32)",0.0,[2 1 0 0 0 0 0 2 4 5 4 5 0 0 0 0 0 0 0 0 0 0 0 0 0],False,"tf.Tensor(
[[ 1.6370146   0.8507025   1.4109025   1.2075145   1.0853299   0.0333204
   0.5485196   0.87262154  1.37512    -0.15183145  0.695564   -0.07025516
   1.0897877  -0.5466859   1.141271    1.7238601   0.72851294  0.5077868 ]], shape=(1, 18), dtype=float32)"
599,[2 1 0 0 0 0 0 2 4 5 4 5 0 0 0 0 0 0 0 0 0 0 0 0 0],"tf.Tensor([1.4278909 1.19597   1.1074253 0.7934356 1.3699589 7.       ], shape=(6,), dtype=float32)",0.4,[2 2 6 6 5 1 0 0 0 0 1 0 0 0 0 0 0 0 0 0 0 0 0 0 0],False,"tf.Tensor(
[[ 1.4278909   1.19597     1.1074253   0.7934356   1.3699589   0.1727305
   0.6380834   0.38252455  1.177352   -0.00426832  0.8097135   0.1837783
   1.3865315   0.9611236   0.6512135   1.2501614   1.0237225   0.04200738]], shape=(1, 18), dtype=float32)"
600,[2 2 6 6 5 1 0 0 0 0 1 0 0 0 0 0 0 0 0 0 0 0 0 0 0],"tf.Tensor([ 1.5900035  0.927042   1.3707216  1.308924   1.4480299 10.       ], shape=(6,), dtype=float32)",0.1,[2 3 6 6 5 1 1 0 0 0 0 0 0 0 0 0 0 0 0 0 0 0 0 0 0],False,"tf.Tensor(
[[ 1.5900035   0.927042    1.3707216   1.308924    1.4480299   0.075892
   0.7768591   0.6759931   1.5277483  -0.06128452  0.58048564 -0.1035002
   1.3543527  -0.40093893  1.328999    1.9831364   0.79447967  0.59604806]], shape=(1, 18), dtype=float32)"
601,[2 3 6 6 5 1 1 0 0 0 0 0 0 0 0 0 0 0 0 0 0 0 0 0 0],"tf.Tensor([ 1.7528093  1.010301   1.4833196  1.3054986  1.6079973 10.       ], shape=(6,), dtype=float32)",0.0,[3 1 0 0 0 0 0 6 6 5 1 1 0 0 0 0 0 0 0 0 0 0 0 0 0],False,"tf.Tensor(
[[ 1.7528093   1.010301    1.4833196   1.3054986   1.6079973   0.1922091
   0.81762624  0.67085683  1.746128   -0.03066198  0.6250836  -0.32864118
   1.5371598  -0.30125925  1.3750962   2.034571    0.7821378   0.64509106]], shape=(1, 18), dtype=float32)"
602,[3 1 0 0 0 0 0 6 6 5 1 1 0 0 0 0 0 0 0 0 0 0 0 0 0],[1 0 1 0 0 1],0.2,[3 2 1 3 0 0 0 0 6 0 1 3 0 0 0 0 0 0 0 0 0 0 0 0 0],False,"tf.Tensor(
[[ 1.8628739   1.2045839   1.1368142   1.4199773   1.2501439   0.27080512
   0.2670583   0.74219096  1.0575527  -0.14589131  0.73119336 -0.15829504
   1.53544     0.36399835  0.79923284  1.4700582   0.93982184  0.6194744 ]], shape=(1, 18), dtype=float32)"
603,[3 2 1 3 0 0 0 0 6 0 1 3 0 0 0 0 0 0 0 0 0 0 0 0 0],[1 1 0 1 0 5],0.2,[3 3 1 3 6 1 0 0 0 0 0 4 0 0 0 0 0 0 0 0 0 0 0 0 0],False,"tf.Tensor(
[[ 1.6689461   0.7432526   1.4643713   0.9456472   1.2288326   0.30628225
   0.8243356   0.692112    1.4838729  -0.08148742  0.7777142  -0.08398823
   1.2216091   0.27827597  0.6959691   1.3184094   1.1221105   0.01635486]], shape=(1, 18), dtype=float32)"
604,[3 3 1 3 6 1 0 0 0 0 0 4 0 0 0 0 0 0 0 0 0 0 0 0 0],"tf.Tensor([ 1.6091077   0.8962065   1.3296989   1.1802821   0.74057996 10.        ], shape=(6,), dtype=float32)",0.0,[4 1 0 0 0 0 0 1 3 3 6 1 0 0 0 0 0 0 0 0 0 0 0 0 0],False,"tf.Tensor(
[[ 1.6091077   0.8962065   1.3296989   1.1802821   0.74057996 -0.24651256
   0.3886804   1.1611241   1.0886183  -0.0477607   0.9263995   0.01053198
   0.8932069  -0.47994217  0.9589497   1.6878467   0.35328734  0.5403825 ]], shape=(1, 18), dtype=float32)"
605,[4 1 0 0 0 0 0 1 3 3 6 1 0 0 0 0 0 0 0 0 0 0 0 0 0],"tf.Tensor([ 1.4538317  1.1269715  1.0018511  0.8098978  1.0383947 11.       ], shape=(6,), dtype=float32)",0.4,[4 2 1 2 4 2 0 0 0 0 2 0 0 0 0 0 0 0 0 0 0 0 0 0 0],False,"tf.Tensor(
[[ 1.4538317   1.1269715   1.0018511   0.8098978   1.0383947   0.4143076
   0.8144925   0.1623855   1.2521983  -0.09072777  0.30750996  0.15312336
   0.9697333   1.2166007   0.7615784   1.099416    1.4410577  -0.11178967]], shape=(1, 18), dtype=float32)"
606,[4 2 1 2 4 2 0 0 0 0 2 0 0 0 0 0 0 0 0 0 0 0 0 0 0],[1 0 1 1 1 1],0.1,[4 3 1 2 4 2 2 0 0 0 0 0 0 0 0 0 0 0 0 0 0 0 0 0 0],False,"tf.Tensor(
[[ 1.3321023   0.57118785  0.96641546  1.035486    0.60959214  0.06008107
   0.15670572  0.7580684   0.8593037  -0.05783829  0.68257564 -0.01040111
   0.7583339  -0.3774235   0.78783715  1.3525921   0.29162982  0.60676694]], shape=(1, 18), dtype=float32)"
607,[4 3 1 2 4 2 2 0 0 0 0 0 0 0 0 0 0 0 0 0 0 0 0 0 0],"tf.Tensor([ 1.3979433   0.75519526  1.1670376   1.0458219   0.8094229  10.        ], shape=(6,), dtype=float32)",0.0,[5 1 0 0 0 0 0 1 2 4 1 2 0 0 0 0 0 0 0 0 0 0 0 0 0],False,"tf.Tensor(
[[ 1.3979433   0.75519526  1.1670376   1.0458219   0.8094229   0.10436852
   0.23384097  0.7001955   1.1419848  -0.04044062  0.6953484  -0.19558062
   0.93692976 -0.2923601   0.83366126  1.3794118   0.3507565   0.5383796 ]], shape=(1, 18), dtype=float32)"
608,[5 1 0 0 0 0 0 1 2 4 1 2 0 0 0 0 0 0 0 0 0 0 0 0 0],"tf.Tensor([ 1.3903582   0.767076    0.8301262   0.83592665  1.0417967  11.        ], shape=(6,), dtype=float32)",0.2,[5 2 2 1 0 0 0 0 1 2 2 0 0 0 0 0 0 0 0 0 0 0 0 0 0],False,"tf.Tensor(
[[ 1.3903582   0.767076    0.8301262   0.83592665  1.0417967   0.60532445
   0.810479    0.36458585  1.1465416  -0.25581044  0.34358013  0.10226618
   1.1288764   0.7157278   0.5059219   0.97022134  1.2530144   0.12796344]], shape=(1, 18), dtype=float32)"
609,[5 2 2 1 0 0 0 0 1 2 2 0 0 0 0 0 0 0 0 0 0 0 0 0 0],"tf.Tensor([1.4426262  0.8244138  0.8477087  0.69749933 1.0098014  3.        ], shape=(6,), dtype=float32)",0.0,[5 3 2 1 0 0 0 0 2 2 6 0 0 0 0 0 0 0 0 0 0 0 0 0 0],False,"tf.Tensor(
[[ 1.4426262   0.8244138   0.8477087   0.69749933  1.0098014   0.63320005
   0.68896484  0.36617056  1.2856629  -0.15386504  0.20131268  0.03691087
   1.0730432   0.73514986  0.46967673  0.89734787  1.1493098   0.1263775 ]], shape=(1, 18), dtype=float32)"
610,[5 3 2 1 0 0 0 0 2 2 6 0 0 0 0 0 0 0 0 0 0 0 0 0 0],"tf.Tensor([ 1.7976502  1.2059103  1.1285443  0.9405368  1.1194214 11.       ], shape=(6,), dtype=float32)",0.0,[6 1 0 0 0 0 0 2 6 4 2 1 0 0 0 0 0 0 0 0 0 0 0 0 0],False,"tf.Tensor(
[[ 1.7976502   1.2059103   1.1285443   0.9405368   1.1194214   0.5269855
   0.7664921   0.38677567  1.3489068  -0.0771518   0.33956248  0.12356454
   1.2306824   1.2651567   0.77996033  1.1513587   1.6362125  -0.04397307]], shape=(1, 18), dtype=float32)"
611,[6 1 0 0 0 0 0 2 6 4 2 1 0 0 0 0 0 0 0 0 0 0 0 0 0],"tf.Tensor([1.7231997 1.212823  0.9122479 1.2654883 1.4733634 7.       ], shape=(6,), dtype=float32)",0.5,[6 2 1 5 6 5 1 0 0 0 0 0 0 0 0 0 0 0 0 0 0 0 0 0 0],False,"tf.Tensor(
[[ 1.7231997   1.212823    0.9122479   1.2654883   1.4733634   0.5999716
   0.7394671   0.45120046  1.17784    -0.32817423  0.5366752   0.11737478
   1.6269844   0.91809326  0.6612735   1.3875632   1.4450233   0.41374302]], shape=(1, 18), dtype=float32)"
612,[6 2 1 5 6 5 1 0 0 0 0 0 0 0 0 0 0 0 0 0 0 0 0 0 0],"tf.Tensor([ 2.2461205  1.1655872  1.5850224  1.5785629  1.14513   10.       ], shape=(6,), dtype=float32)",0.0,[6 3 1 5 6 5 1 0 0 0 0 0 0 0 0 0 0 0 0 0 0 0 0 0 0],False,"tf.Tensor(
[[ 2.2461205   1.1655872   1.5850224   1.5785629   1.14513     0.06304336
   0.32602194  1.4177253   1.5312927  -0.17877671  0.98327976 -0.10994689
   1.23579    -0.5886321   1.1877748   2.2084463   0.61921054  0.8207905 ]], shape=(1, 18), dtype=float32)"
613,[6 3 1 5 6 5 1 0 0 0 0 0 0 0 0 0 0 0 0 0 0 0 0 0 0],"tf.Tensor([ 2.2519166  1.1180995  1.6864318  1.562485   1.1671208 10.       ], shape=(6,), dtype=float32)",0.0,[7 1 0 0 0 0 0 1 5 6 5 1 0 0 0 0 0 0 0 0 0 0 0 0 0],False,"tf.Tensor(
[[ 2.2519166   1.1180995   1.6864318   1.562485    1.1671208   0.04158184
   0.3735285   1.3680444   1.6136723  -0.14876685  1.034539   -0.09313373
   1.2729915  -0.59590477  1.2071626   2.1921186   0.59002596  0.81242645]], shape=(1, 18), dtype=float32)"
614,[7 1 0 0 0 0 0 1 5 6 5 1 0 0 0 0 0 0 0 0 0 0 0 0 0],"tf.Tensor([ 2.1081893  1.3926958  1.3431247  1.4690627  1.4274974 11.       ], shape=(6,), dtype=float32)",0.5,[7 2 5 6 3 4 2 0 0 0 0 0 0 0 0 0 0 0 0 0 0 0 0 0 0],False,"tf.Tensor(
[[ 2.1081893   1.3926958   1.3431247   1.4690627   1.4274974   0.72499454
   1.1379386   0.33309537  1.4630374  -0.40974864  0.42218137  0.08528855
   1.6916147   1.3735322   0.97857046  1.7713573   1.9699323   0.2066389 ]], shape=(1, 18), dtype=float32)"
615,[7 2 5 6 3 4 2 0 0 0 0 0 0 0 0 0 0 0 0 0 0 0 0 0 0],"tf.Tensor([ 2.1425807  1.2858545  1.5161154  1.3883784  1.8502473 10.       ], shape=(6,), dtype=float32)",0.0,[7 3 5 6 3 4 2 0 0 0 0 0 0 0 0 0 0 0 0 0 0 0 0 0 0],False,"tf.Tensor(
[[ 2.1425807   1.2858545   1.5161154   1.3883784   1.8502473   0.30408782
   0.6897432   0.99224174  1.8377107  -0.1038507   0.64986986 -0.10873315
   1.7044344  -0.04557271  1.1040726   1.9792422   1.026912    0.7134512 ]], shape=(1, 18), dtype=float32)"
616,[7 3 5 6 3 4 2 0 0 0 0 0 0 0 0 0 0 0 0 0 0 0 0 0 0],[ 0  1  1  0  0 11],0.0,[8 1 0 0 0 0 0 5 6 3 4 2 0 0 0 0 0 0 0 0 0 0 0 0 0],False,"tf.Tensor(
[[ 2.1691172   1.3072782   1.6159592   1.3974113   1.9200644   0.31132868
   0.7642219   0.9821392   1.9462891  -0.11102977  0.65756804 -0.15108538
   1.7701285  -0.0679865   1.1372886   2.0314946   1.0389132   0.7007338 ]], shape=(1, 18), dtype=float32)"
617,[8 1 0 0 0 0 0 5 6 3 4 2 0 0 0 0 0 0 0 0 0 0 0 0 0],"tf.Tensor([2.239135  1.6456873 1.0069453 1.470875  1.8668047 7.       ], shape=(6,), dtype=float32)",0.5,[8 2 3 2 3 1 2 0 0 0 0 0 0 0 0 0 0 0 0 0 0 0 0 0 0],False,"tf.Tensor(
[[ 2.239135    1.6456873   1.0069453   1.470875    1.8668047   0.83124816
   0.880092    0.6810173   1.7376213  -0.341497    0.56748134  0.06114932
   1.9057069   1.2705058   0.9322333   1.4032804   1.8843967   0.41878322]], shape=(1, 18), dtype=float32)"
618,[8 2 3 2 3 1 2 0 0 0 0 0 0 0 0 0 0 0 0 0 0 0 0 0 0],"tf.Tensor([ 1.8966265   0.99633455  1.0899619   1.21941     1.3145499  10.        ], shape=(6,), dtype=float32)",0.0,[8 3 3 2 3 1 2 0 0 0 0 0 0 0 0 0 0 0 0 0 0 0 0 0 0],False,"tf.Tensor(
[[ 1.8966265   0.99633455  1.0899619   1.21941     1.3145499   0.5785631
   0.70862716  0.7781168   1.5521007  -0.20036936  0.50908846  0.0621593
   1.3491127   0.25400278  0.6929705   1.723126    0.8902885   0.69460577]], shape=(1, 18), dtype=float32)"
619,[8 3 3 2 3 1 2 0 0 0 0 0 0 0 0 0 0 0 0 0 0 0 0 0 0],"tf.Tensor([ 1.9715477  1.0567428  1.1830231  1.2177094  1.373595  10.       ], shape=(6,), dtype=float32)",0.0,[9 1 0 0 0 0 0 3 2 3 1 2 0 0 0 0 0 0 0 0 0 0 0 0 0],False,"tf.Tensor(
[[ 1.9715477   1.0567428   1.1830231   1.2177094   1.373595    0.58241874
   0.7082268   0.8152462   1.6808494  -0.16675183  0.54749495  0.03581449
   1.3732711   0.27686578  0.7241486   1.7277197   0.9124003   0.65590525]], shape=(1, 18), dtype=float32)"
620,[9 1 0 0 0 0 0 3 2 3 1 2 0 0 0 0 0 0 0 0 0 0 0 0 0],"tf.Tensor([2.0124958  1.0999532  0.85945207 1.2433459  1.5576651  7.        ], shape=(6,), dtype=float32)",0.4,[9 2 2 2 1 5 0 0 0 3 0 0 0 0 0 0 0 0 0 0 0 0 0 0 0],False,"tf.Tensor(
[[ 2.0124958   1.0999532   0.85945207  1.2433459   1.5576651   0.8903424
   1.0043105   0.6493808   1.552348   -0.34408805  0.4473344   0.11028466
   1.6315416   1.0568442   0.65278727  1.295733    1.6169499   0.3705585 ]], shape=(1, 18), dtype=float32)"
621,[9 2 2 2 1 5 0 0 0 3 0 0 0 0 0 0 0 0 0 0 0 0 0 0 0],"tf.Tensor([1.9855481 0.8476596 1.272671  1.0214906 1.4814724 3.       ], shape=(6,), dtype=float32)",0.1,[9 3 2 2 1 5 3 0 0 0 0 0 0 0 0 0 0 0 0 0 0 0 0 0 0],False,"tf.Tensor(
[[ 1.9855481   0.8476596   1.272671    1.0214906   1.4814724   0.8356988
   1.1269091   0.6862425   1.8992186  -0.4535016   0.32419592  0.08986741
   1.4837271   0.3101781   0.60869145  1.4989982   1.3193973   0.4051167 ]], shape=(1, 18), dtype=float32)"
622,[9 3 2 2 1 5 3 0 0 0 0 0 0 0 0 0 0 0 0 0 0 0 0 0 0],[1 0 1 1 0 9],0.0,[10 1 0 0 0 0 0 2 2 2 1 5 0 0 0 0 0 0 0 0 0 0 0 0 0],False,"tf.Tensor(
[[ 2.0042272   1.0150285   1.1881123   1.2110482   1.5149086   0.6606975
   0.7834915   0.79586387  1.6934049  -0.29716265  0.5069154   0.14718077
   1.5038335   0.2733078   0.62319994  1.7278671   1.0158775   0.7045888 ]], shape=(1, 18), dtype=float32)"
623,[10 1 0 0 0 0 0 2 2 2 1 5 0 0 0 0 0 0 0 0 0 0 0 0 0],"tf.Tensor([2.2320247 1.3888248 1.0565178 1.1277571 1.7723836 3.       ], shape=(6,), dtype=float32)",0.5,[10 2 1 5 1 6 5 0 0 0 0 0 0 0 0 0 0 0 0 0 0 0 0 0 0],False,"tf.Tensor(
[[ 2.2320247   1.3888248   1.0565178   1.1277571   1.7723836   0.7520488
   0.82213396  0.88266695  1.7960542  -0.24856338  0.5400203   0.28972036
   1.6440724   0.9356499   0.66471696  1.3232305   1.6628653   0.34622765]], shape=(1, 18), dtype=float32)"
624,[10 2 1 5 1 6 5 0 0 0 0 0 0 0 0 0 0 0 0 0 0 0 0 0 0],"tf.Tensor([ 2.3857467  1.2715567  1.5430309  1.4771991  1.4889565 10.       ], shape=(6,), dtype=float32)",0.0,[10 3 1 5 1 6 5 0 0 0 0 0 0 0 0 0 0 0 0 0 0 0 0 0 0],False,"tf.Tensor(
[[ 2.3857467   1.2715567   1.5430309   1.4771991   1.4889565   0.643263
   0.9262018   1.036631    1.9824253  -0.24203113  0.7989802   0.10457146
   1.7008613   0.43294224  0.73078626  2.0824733   1.0733708   0.73257333]], shape=(1, 18), dtype=float32)"
625,[10 3 1 5 1 6 5 0 0 0 0 0 0 0 0 0 0 0 0 0 0 0 0 0 0],"tf.Tensor([ 2.387082   1.2525463  1.6207613  1.4608343  1.5624703 10.       ], shape=(6,), dtype=float32)",0.0,[11 1 0 0 0 0 0 1 5 1 6 5 0 0 0 0 0 0 0 0 0 0 0 0 0],False,"tf.Tensor(
[[ 2.387082    1.2525463   1.6207613   1.4608343   1.5624703   0.6406754
   0.90948176  1.0180027   2.0647528  -0.22927442  0.80595267  0.05356883
   1.7046301   0.35819462  0.75881326  2.1019678   1.0286155   0.7235931 ]], shape=(1, 18), dtype=float32)"
626,[11 1 0 0 0 0 0 1 5 1 6 5 0 0 0 0 0 0 0 0 0 0 0 0 0],"tf.Tensor([2.7206566 1.7615423 1.5413147 1.3124732 2.0186112 3.       ], shape=(6,), dtype=float32)",0.5,[11 2 5 4 2 4 3 0 0 0 0 0 0 0 0 0 0 0 0 0 0 0 0 0 0],False,"tf.Tensor(
[[ 2.7206566   1.7615423   1.5413147   1.3124732   2.0186112   1.0158805
   0.9463393   0.85504115  2.54765    -0.20385     0.59912455  0.14579487
   1.7493329   1.2119232   1.0284061   1.485663    2.1110427   0.190675  ]], shape=(1, 18), dtype=float32)"
627,[11 2 5 4 2 4 3 0 0 0 0 0 0 0 0 0 0 0 0 0 0 0 0 0 0],"tf.Tensor([ 2.494248   1.3016173  1.3925629  1.5720181  2.078627  10.       ], shape=(6,), dtype=float32)",0.0,[11 3 5 4 2 4 3 0 0 0 0 0 0 0 0 0 0 0 0 0 0 0 0 0 0],False,"tf.Tensor(
[[ 2.494248    1.3016173   1.3925629   1.5720181   2.078627    0.919803
   1.0319378   0.8367194   2.1230464  -0.47469088  0.50974464  0.04609182
   1.9857086   0.34994146  0.8666091   2.2552545   1.3742187   0.9004024 ]], shape=(1, 18), dtype=float32)"
628,[11 3 5 4 2 4 3 0 0 0 0 0 0 0 0 0 0 0 0 0 0 0 0 0 0],"tf.Tensor([2.5523682 1.3328788 1.482077  1.5512134 2.12432   3.       ], shape=(6,), dtype=float32)",16.0,[12 1 0 0 0 0 0 5 4 2 4 3 0 0 0 8 0 0 0 0 0 0 0 0 0],False,"tf.Tensor(
[[ 2.5523682   1.3328788   1.482077    1.5512134   2.12432     0.92982703
   1.0523853   0.8657098   2.261644   -0.44401383  0.53318393  0.02403886
   1.9888457   0.35984194  0.88547784  2.257146    1.3759398   0.85714686]], shape=(1, 18), dtype=float32)"
629,[12 1 0 0 0 0 0 5 4 2 4 3 0 0 0 8 0 0 0 0 0 0 0 0 0],"tf.Tensor([2.024992  1.2663859 0.6896794 1.6186231 1.299307  7.       ], shape=(6,), dtype=float32)",0.4,[12 2 4 5 6 3 0 0 0 1 0 0 0 0 0 8 0 0 0 0 0 0 0 0 0],False,"tf.Tensor(
[[ 2.024992    1.2663859   0.6896794   1.6186231   1.299307    0.35080954
   0.04718819  0.97181803  1.0765547   0.16551599  0.25908333 -0.06722614
   1.6310744   0.18572384  1.1828728   1.4553983   1.133684    1.0844018 ]], shape=(1, 18), dtype=float32)"
630,[12 2 4 5 6 3 0 0 0 1 0 0 0 0 0 8 0 0 0 0 0 0 0 0 0],"tf.Tensor([ 2.0233421   0.90559876  0.66972977  1.6738352   1.1695923  10.        ], shape=(6,), dtype=float32)",0.0,[12 3 4 5 6 3 0 0 0 3 0 0 0 0 0 8 0 0 0 0 0 0 0 0 0],False,"tf.Tensor(
[[ 2.0233421   0.90559876  0.66972977  1.6738352   1.1695923   0.73387516
  -0.13831748  1.0870174   1.0754967  -0.30947024  0.30178803 -0.09701216
   1.3757459  -0.43719578  1.1593815   1.8517402   1.1287515   1.1147648 ]], shape=(1, 18), dtype=float32)"
631,[12 3 4 5 6 3 0 0 0 3 0 0 0 0 0 8 0 0 0 0 0 0 0 0 0],"tf.Tensor([ 2.1076438  1.0957358  0.8257424  1.6755823  1.2001582 10.       ], shape=(6,), dtype=float32)",0.0,[13 1 0 0 0 0 0 4 5 6 6 3 0 0 0 8 0 0 0 0 0 0 0 0 0],False,"tf.Tensor(
[[ 2.1076438   1.0957358   0.8257424   1.6755823   1.2001582   0.6256381
  -0.07886849  1.0774621   1.2010145  -0.28583965  0.45345896 -0.13926102
   1.4467266  -0.37942705  1.1916031   1.772939    1.1423863   1.014404  ]], shape=(1, 18), dtype=float32)"
632,[13 1 0 0 0 0 0 4 5 6 6 3 0 0 0 8 0 0 0 0 0 0 0 0 0],"tf.Tensor([2.5205858 1.4643646 0.8093749 1.6971247 1.5004833 7.       ], shape=(6,), dtype=float32)",0.4,[13 2 2 6 6 5 0 0 0 5 0 0 0 0 0 8 0 0 0 0 0 0 0 0 0],False,"tf.Tensor(
[[ 2.5205858   1.4643646   0.8093749   1.6971247   1.5004833   0.83988416
   0.4486964   1.0298061   1.4942347  -0.31544563  0.307931    0.16595012
   1.9520677   0.5767851   1.1096632   1.6397264   1.6809174   1.0243012 ]], shape=(1, 18), dtype=float32)"
633,[13 2 2 6 6 5 0 0 0 5 0 0 0 0 0 8 0 0 0 0 0 0 0 0 0],"tf.Tensor([ 2.678398   1.5394095  0.9483588  1.9561312  1.1597472 10.       ], shape=(6,), dtype=float32)",0.1,[13 3 2 6 6 5 5 0 0 0 0 0 0 0 0 8 0 0 0 0 0 0 0 0 0],False,"tf.Tensor(
[[ 2.678398    1.5394095   0.9483588   1.9561312   1.1597472   0.6826467
  -0.02314521  1.4348832   1.4438688  -0.3477683   0.73069644 -0.07574627
   1.5739759  -0.0543959   1.1688986   2.0298524   1.4206855   1.0793178 ]], shape=(1, 18), dtype=float32)"
634,[13 3 2 6 6 5 5 0 0 0 0 0 0 0 0 8 0 0 0 0 0 0 0 0 0],"tf.Tensor([ 2.6889207  1.2687515  1.0324749  2.3033485  1.2040566 10.       ], shape=(6,), dtype=float32)",0.0,[14 1 0 0 0 0 0 2 6 2 6 5 0 0 0 8 0 0 0 0 0 0 0 0 0],True,"tf.Tensor(
[[ 2.6889207   1.2687515   1.0324749   2.3033485   1.2040566   0.86363065
  -0.39477712  1.0728797   1.7263528  -0.08537536  0.7302743  -0.479447
   1.541176   -0.44404128  1.4185914   2.483673    0.9005415   1.7062784 ]], shape=(1, 18), dtype=float32)"
635,[1 1 0 0 0 0 0 1 2 2 3 6 0 0 0 0 0 0 0 0 0 0 0 0 0],[ 0  1  1  1  1 11],0.4,[1 2 2 2 3 6 0 6 0 0 0 0 0 0 0 0 0 0 0 0 0 0 0 0 0],False,"tf.Tensor(
[[ 0.9083129   0.9403509   0.6593496   0.34869528  0.9400898   0.22488764
   0.6857128   0.29665455  1.0069451  -0.11641458  0.5041871   0.22701311
   0.86579967  0.73670864  0.4357829   0.7094328   0.76872617 -0.09257498]], shape=(1, 18), dtype=float32)"
636,[1 2 2 2 3 6 0 6 0 0 0 0 0 0 0 0 0 0 0 0 0 0 0 0 0],"tf.Tensor([1.0175527  0.6691713  0.80193955 0.90984577 1.1628784  7.        ], shape=(6,), dtype=float32)",0.1,[1 3 2 2 3 6 6 0 0 0 0 0 0 0 0 0 0 0 0 0 0 0 0 0 0],False,"tf.Tensor(
[[ 1.0175527   0.6691713   0.80193955  0.90984577  1.1628784   0.309442
   0.5752939   0.25750825  0.8910093  -0.05235755  0.21445377 -0.05593994
   1.2457873   0.10132404  0.9847317   1.0153682   0.9704803   0.37618023]], shape=(1, 18), dtype=float32)"
637,[1 3 2 2 3 6 6 0 0 0 0 0 0 0 0 0 0 0 0 0 0 0 0 0 0],"tf.Tensor([1.2579262 1.1830122 1.193262  1.0208726 1.1891993 3.       ], shape=(6,), dtype=float32)",0.0,[2 1 0 0 0 0 0 1 2 2 3 6 0 0 0 0 0 0 0 0 0 0 0 0 0],False,"tf.Tensor(
[[ 1.2579262   1.1830122   1.193262    1.0208726   1.1891993   0.15161759
   0.32629952  0.37148273  1.3403257  -0.05528746  0.66049266 -0.46655375
   1.3248363   0.06476491  0.9026852   1.2663851   0.5425771   0.4206348 ]], shape=(1, 18), dtype=float32)"
638,[2 1 0 0 0 0 0 1 2 2 3 6 0 0 0 0 0 0 0 0 0 0 0 0 0],"tf.Tensor([1.0066574  0.93606603 0.6845828  0.4130196  1.0388492  3.        ], shape=(6,), dtype=float32)",0.30000000000000004,[2 2 2 1 4 0 0 0 0 5 1 0 0 0 0 0 0 0 0 0 0 0 0 0 0],False,"tf.Tensor(
[[ 1.0066574   0.93606603  0.6845828   0.4130196   1.0388492   0.34069675
   0.7781538   0.2938755   1.1028204  -0.17140648  0.4829827   0.22130597
   0.9604416   0.76443744  0.4563204   0.7613948   0.9079497  -0.07285428]], shape=(1, 18), dtype=float32)"
639,[2 2 2 1 4 0 0 0 0 5 1 0 0 0 0 0 0 0 0 0 0 0 0 0 0],"tf.Tensor([1.139315   1.1257192  0.68111223 0.7353791  0.92754734 7.        ], shape=(6,), dtype=float32)",0.0,[2 3 2 1 4 0 0 0 0 6 2 0 0 0 0 0 0 0 0 0 0 0 0 0 0],False,"tf.Tensor(
[[ 1.139315    1.1257192   0.68111223  0.7353791   0.92754734  0.3074151
   0.26528448  0.12000586  0.8876954  -0.02736206  0.30036002 -0.12314304
   1.0881441   0.7341485   0.5925805   1.0658989   0.69295126  0.3241886 ]], shape=(1, 18), dtype=float32)"
640,[2 3 2 1 4 0 0 0 0 6 2 0 0 0 0 0 0 0 0 0 0 0 0 0 0],"tf.Tensor([1.3214377  1.2088523  0.8407588  0.86603236 1.0616032  7.        ], shape=(6,), dtype=float32)",0.0,[3 1 0 0 0 0 0 2 1 4 3 4 0 0 0 0 0 0 0 0 0 0 0 0 0],False,"tf.Tensor(
[[ 1.3214377   1.2088523   0.8407588   0.86603236  1.0616032   0.36971116
   0.33573976  0.15458164  1.0231041  -0.0371419   0.3859179  -0.15999416
   1.262799    0.8360439   0.6681416   1.181674    0.8619231   0.30988228]], shape=(1, 18), dtype=float32)"
641,[3 1 0 0 0 0 0 2 1 4 3 4 0 0 0 0 0 0 0 0 0 0 0 0 0],"tf.Tensor([1.2636263  1.031251   0.7469352  0.57783556 1.1245015  3.        ], shape=(6,), dtype=float32)",0.30000000000000004,[3 2 5 6 5 0 0 0 0 4 6 0 0 0 0 0 0 0 0 0 0 0 0 0 0],False,"tf.Tensor(
[[ 1.2636263   1.031251    0.7469352   0.57783556  1.1245015   0.45196396
   0.74438167  0.36050844  1.1549828  -0.09743553  0.42765546  0.2018927
   1.105182    1.0134072   0.53257674  0.84041977  1.1462642  -0.04435031]], shape=(1, 18), dtype=float32)"
642,[3 2 5 6 5 0 0 0 0 4 6 0 0 0 0 0 0 0 0 0 0 0 0 0 0],"tf.Tensor([2.0127933 2.139906  1.4001542 1.0109022 1.7463187 3.       ], shape=(6,), dtype=float32)",0.2,[3 3 5 6 5 4 6 0 0 0 0 0 0 0 0 0 0 0 0 0 0 0 0 0 0],False,"tf.Tensor(
[[ 2.0127933   2.139906    1.4001542   1.0109022   1.7463187  -0.06753097
   0.20497748  0.67965895  1.7832108   0.36650953  0.6193994   0.07539818
   1.312609    0.9848704   1.0714351   1.665583    1.2425737   0.08820097]], shape=(1, 18), dtype=float32)"
643,[3 3 5 6 5 4 6 0 0 0 0 0 0 0 0 0 0 0 0 0 0 0 0 0 0],"tf.Tensor([2.2321444 1.6800094 1.6149709 1.5426669 2.0394258 3.       ], shape=(6,), dtype=float32)",8.0,[4 1 0 0 0 0 0 5 6 1 1 5 0 0 0 4 0 0 0 0 0 0 0 0 0],False,"tf.Tensor(
[[ 2.2321444   1.6800094   1.6149709   1.5426669   2.0394258   0.36277923
   0.31855705  0.76014906  2.0609467   0.14439727  0.77487    -0.5102578
   1.9810758   0.22178233  1.4714066   1.8477339   1.1717501   0.67836463]], shape=(1, 18), dtype=float32)"
644,[4 1 0 0 0 0 0 5 6 1 1 5 0 0 0 4 0 0 0 0 0 0 0 0 0],"tf.Tensor([1.3037674  1.3945363  0.81536907 0.7950719  1.2170017  7.        ], shape=(6,), dtype=float32)",0.30000000000000004,[4 2 1 4 6 0 0 0 0 6 5 0 0 0 0 4 0 0 0 0 0 0 0 0 0],False,"tf.Tensor(
[[ 1.3037674   1.3945363   0.81536907  0.7950719   1.2170017   0.27199766
   0.11013916  0.8176556   1.030767   -0.16722524  0.22740169 -0.44294065
   1.2169473   0.19220883  0.89170897  0.95122063  0.9345515   0.11814556]], shape=(1, 18), dtype=float32)"
645,[4 2 1 4 6 0 0 0 0 6 5 0 0 0 0 4 0 0 0 0 0 0 0 0 0],"tf.Tensor([ 1.7935772  1.1379992  0.8399419  1.4052532  0.9227722 10.       ], shape=(6,), dtype=float32)",0.1,[4 3 1 4 6 5 0 0 0 4 0 0 0 0 0 4 0 0 0 0 0 0 0 0 0],False,"tf.Tensor(
[[ 1.7935772   1.1379992   0.8399419   1.4052532   0.9227722   0.5576981
   0.24695763  0.47403875  1.1234058  -0.11192685  0.25875014 -0.30699784
   1.2589853   0.25829536  0.89489126  1.7967731   0.8172795   0.91821015]], shape=(1, 18), dtype=float32)"
646,[4 3 1 4 6 5 0 0 0 4 0 0 0 0 0 4 0 0 0 0 0 0 0 0 0],"tf.Tensor([ 2.01736     1.2474488   1.0283637   1.5519024   0.78492135 10.        ], shape=(6,), dtype=float32)",0.0,[5 1 0 0 0 0 0 1 4 2 3 6 0 0 0 4 0 0 0 0 0 0 0 0 0],False,"tf.Tensor(
[[ 2.01736     1.2474488   1.0283637   1.5519024   0.78492135  0.24081528
  -0.01281139  1.1663821   1.0726675  -0.17131333  0.64832675 -0.28079584
   1.0381663  -0.3872213   1.0748551   1.7593108   0.72524124  0.91302603]], shape=(1, 18), dtype=float32)"
647,[5 1 0 0 0 0 0 1 4 2 3 6 0 0 0 4 0 0 0 0 0 0 0 0 0],"tf.Tensor([1.2575451  0.9659397  0.9139407  0.7779972  0.91661537 3.        ], shape=(6,), dtype=float32)",0.4,[5 2 2 2 2 6 0 0 0 0 3 0 0 0 0 4 0 0 0 0 0 0 0 0 0],False,"tf.Tensor(
[[ 1.2575451   0.9659397   0.9139407   0.7779972   0.91661537  0.16057234
   0.30078277  0.6182167   1.1336681  -0.05152417  0.51991403 -0.20317927
   0.8980988  -0.02493719  0.80766565  1.0288217   0.6675161   0.27684712]], shape=(1, 18), dtype=float32)"
648,[5 2 2 2 2 6 0 0 0 0 3 0 0 0 0 4 0 0 0 0 0 0 0 0 0],"tf.Tensor([ 1.1010077   0.46725318  0.447624    1.1397017   0.6448734  10.        ], shape=(6,), dtype=float32)",0.1,[5 3 2 2 2 6 3 0 0 0 0 0 0 0 0 4 0 0 0 0 0 0 0 0 0],False,"tf.Tensor(
[[ 1.1010077   0.46725318  0.447624    1.1397017   0.6448734   0.2310489
   0.04366104  0.53590643  0.5143454  -0.10179785  0.36146718 -0.14443362
   0.8040586  -0.3832989   0.7533496   1.2796738   0.47811487  0.7340184 ]], shape=(1, 18), dtype=float32)"
649,[5 3 2 2 2 6 3 0 0 0 0 0 0 0 0 4 0 0 0 0 0 0 0 0 0],"tf.Tensor([ 1.4091076   0.72054404  0.7457997   1.1710893   0.66332525 10.        ], shape=(6,), dtype=float32)",0.0,[6 1 0 0 0 0 0 2 2 2 4 6 0 0 0 4 0 0 0 0 0 0 0 0 0],False,"tf.Tensor(
[[ 1.4091076   0.72054404  0.7457997   1.1710893   0.66332525  0.31856838
  -0.13113898  0.6400065   0.7733103  -0.09738128  0.49137312 -0.15950158
   0.9062436  -0.21417603  0.7403629   1.2134002   0.45080778  0.7807458 ]], shape=(1, 18), dtype=float32)"
650,[6 1 0 0 0 0 0 2 2 2 4 6 0 0 0 4 0 0 0 0 0 0 0 0 0],"tf.Tensor([1.2822045  1.001274   0.8790081  0.64315516 1.1004049  3.        ], shape=(6,), dtype=float32)",0.30000000000000004,[6 2 5 2 1 0 0 0 0 6 4 0 0 0 0 4 0 0 0 0 0 0 0 0 0],False,"tf.Tensor(
[[ 1.2822045   1.001274    0.8790081   0.64315516  1.1004049   0.33168656
   0.4898816   0.6092005   1.2624263  -0.03134661  0.3028996  -0.17016399
   1.042161    0.22571144  0.8329737   1.0864341   0.69276327  0.26952755]], shape=(1, 18), dtype=float32)"
651,[6 2 5 2 1 0 0 0 0 6 4 0 0 0 0 4 0 0 0 0 0 0 0 0 0],"tf.Tensor([1.6330668  1.0650742  0.86753196 0.8102942  1.1137792  3.        ], shape=(6,), dtype=float32)",0.0,[6 3 5 2 1 0 0 0 0 4 6 0 0 0 0 4 0 0 0 0 0 0 0 0 0],False,"tf.Tensor(
[[ 1.6330668   1.0650742   0.86753196  0.8102942   1.1137792   0.7136633
   0.8317648   0.31489843  1.4686341  -0.15611677  0.06039532  0.06569228
   1.153971    1.0243956   0.7018533   1.019011    1.455939    0.12849198]], shape=(1, 18), dtype=float32)"
652,[6 3 5 2 1 0 0 0 0 4 6 0 0 0 0 4 0 0 0 0 0 0 0 0 0],"tf.Tensor([1.7126383  1.1245793  0.82356656 0.8374248  1.1513448  3.        ], shape=(6,), dtype=float32)",-8.0,[7 1 0 0 0 0 0 5 2 5 1 1 0 0 0 0 0 0 0 0 0 0 0 0 0],False,"tf.Tensor(
[[ 1.7126383   1.1245793   0.82356656  0.8374248   1.1513448   0.5991973
   0.6378149   0.3122741   1.3759402  -0.0429984   0.04603885  0.13230564
   1.1920484   1.0753592   0.69951487  1.1735382   1.3450832   0.2391872 ]], shape=(1, 18), dtype=float32)"
653,[7 1 0 0 0 0 0 5 2 5 1 1 0 0 0 0 0 0 0 0 0 0 0 0 0],"tf.Tensor([1.8570809  1.0576952  0.66144514 1.3265308  1.334697   7.        ], shape=(6,), dtype=float32)",0.4,[7 2 4 3 1 6 0 0 0 3 0 0 0 0 0 0 0 0 0 0 0 0 0 0 0],False,"tf.Tensor(
[[ 1.8570809   1.0576952   0.66144514  1.3265308   1.334697    0.87243545
   0.9296186   0.5592393   1.2377845  -0.42260233  0.39226502  0.0778658
   1.5808929   1.036696    0.7153309   1.2942083   1.5566758   0.470169  ]], shape=(1, 18), dtype=float32)"
654,[7 2 4 3 1 6 0 0 0 3 0 0 0 0 0 0 0 0 0 0 0 0 0 0 0],"tf.Tensor([1.821264  0.876837  1.1985395 0.8921312 1.3513218 3.       ], shape=(6,), dtype=float32)",0.1,[7 3 4 3 1 6 3 0 0 0 0 0 0 0 0 0 0 0 0 0 0 0 0 0 0],False,"tf.Tensor(
[[ 1.821264    0.876837    1.1985395   0.8921312   1.3513218   0.6301982
   0.8868408   0.7063556   1.7358383  -0.28046715  0.3449731   0.09148116
   1.3519276   0.25278872  0.71214294  1.1890583   1.2824398   0.30043542]], shape=(1, 18), dtype=float32)"
655,[7 3 4 3 1 6 3 0 0 0 0 0 0 0 0 0 0 0 0 0 0 0 0 0 0],"tf.Tensor([1.8222375 1.0682683 1.2555507 1.196168  1.7141958 7.       ], shape=(6,), dtype=float32)",0.0,[8 1 0 0 0 0 0 4 3 6 1 6 0 0 0 0 0 0 0 0 0 0 0 0 0],False,"tf.Tensor(
[[ 1.8222375   1.0682683   1.2555507   1.196168    1.7141958   0.4089091
   0.64321053  0.73299617  1.5658543  -0.19193693  0.45898026 -0.04962378
   1.6342798   0.05427881  0.8552358   1.6133031   1.0212351   0.65615475]], shape=(1, 18), dtype=float32)"
656,[8 1 0 0 0 0 0 4 3 6 1 6 0 0 0 0 0 0 0 0 0 0 0 0 0],"tf.Tensor([2.2420304 1.3588471 1.134351  1.1365614 1.8043071 7.       ], shape=(6,), dtype=float32)",0.5,[8 2 4 6 4 5 4 0 0 0 0 0 0 0 0 0 0 0 0 0 0 0 0 0 0],False,"tf.Tensor(
[[ 2.2420304   1.3588471   1.134351    1.1365614   1.8043071   0.90954006
   1.1050818   0.71159846  1.8059926  -0.35320154  0.55576944  0.27771214
   1.8800155   1.1608716   0.7910567   1.5057726   1.8626878   0.24628797]], shape=(1, 18), dtype=float32)"
657,[8 2 4 6 4 5 4 0 0 0 0 0 0 0 0 0 0 0 0 0 0 0 0 0 0],"tf.Tensor([ 2.5391579  1.5774689  1.7139455  1.631098   1.9627934 10.       ], shape=(6,), dtype=float32)",0.0,[8 3 4 6 4 5 4 0 0 0 0 0 0 0 0 0 0 0 0 0 0 0 0 0 0],False,"tf.Tensor(
[[ 2.5391579   1.5774689   1.7139455   1.631098    1.9627934   0.37004372
   0.65246654  1.1707243   2.0931115  -0.12619184  0.8277192  -0.1645635
   1.9235612   0.0689685   1.2553064   2.1695814   1.2227141   0.77117395]], shape=(1, 18), dtype=float32)"
658,[8 3 4 6 4 5 4 0 0 0 0 0 0 0 0 0 0 0 0 0 0 0 0 0 0],"tf.Tensor([ 2.5546567  1.5863022  1.8256168  1.6371286  2.030591  10.       ], shape=(6,), dtype=float32)",0.0,[9 1 0 0 0 0 0 4 6 4 5 4 0 0 0 0 0 0 0 0 0 0 0 0 0],False,"tf.Tensor(
[[ 2.5546567   1.5863022   1.8256168   1.6371286   2.030591    0.35875872
   0.6959828   1.161618    2.1854427  -0.11387913  0.8497579  -0.22006461
   1.9795578   0.0387794   1.2847852   2.2138596   1.2121826   0.75113004]], shape=(1, 18), dtype=float32)"
659,[9 1 0 0 0 0 0 4 6 4 5 4 0 0 0 0 0 0 0 0 0 0 0 0 0],"tf.Tensor([ 2.5552328  1.8573934  1.3710773  1.3877391  2.161291  11.       ], shape=(6,), dtype=float32)",0.5,[9 2 3 3 5 4 3 0 0 0 0 0 0 0 0 0 0 0 0 0 0 0 0 0 0],False,"tf.Tensor(
[[ 2.5552328   1.8573934   1.3710773   1.3877391   2.161291    1.0026144
   1.217451    0.6982174   2.1965747  -0.37173706  0.50613755  0.18348163
   2.1088116   1.5435222   1.0543121   1.5794892   2.368434    0.17540377]], shape=(1, 18), dtype=float32)"
660,[9 2 3 3 5 4 3 0 0 0 0 0 0 0 0 0 0 0 0 0 0 0 0 0 0],"tf.Tensor([ 2.251473   1.1740873  1.4730477  1.5632354  1.5459774 10.       ], shape=(6,), dtype=float32)",0.0,[9 3 3 3 5 4 3 0 0 0 0 0 0 0 0 0 0 0 0 0 0 0 0 0 0],False,"tf.Tensor(
[[ 2.251473    1.1740873   1.4730477   1.5632354   1.5459774   0.38142136
   0.7294365   1.0468181   1.7278267  -0.3280158   0.83242065  0.05033581
   1.6336352  -0.10607473  1.0241933   2.2142274   0.89637125  0.87148124]], shape=(1, 18), dtype=float32)"
661,[9 3 3 3 5 4 3 0 0 0 0 0 0 0 0 0 0 0 0 0 0 0 0 0 0],"tf.Tensor([ 2.255533   1.1658955  1.5664005  1.5638735  1.6056483 10.       ], shape=(6,), dtype=float32)",0.0,[10 1 0 0 0 0 0 3 3 5 4 3 0 0 0 0 0 0 0 0 0 0 0 0 0],False,"tf.Tensor(
[[ 2.2555330e+00  1.1658955e+00  1.5664005e+00  1.5638735e+00
   1.6056483e+00  3.8416946e-01  7.5272405e-01  1.0202755e+00
   1.8186742e+00 -3.2285145e-01  8.5633528e-01 -6.2512979e-04
   1.6629310e+00 -1.5469077e-01  1.0466588e+00  2.2668259e+00
   8.5282415e-01  8.6859179e-01]], shape=(1, 18), dtype=float32)"
662,[10 1 0 0 0 0 0 3 3 5 4 3 0 0 0 0 0 0 0 0 0 0 0 0 0],"tf.Tensor([ 2.4905496  1.531221   1.2035302  1.3946667  1.9136194 11.       ], shape=(6,), dtype=float32)",0.5,[10 2 5 3 1 2 5 0 0 0 0 0 0 0 0 0 0 0 0 0 0 0 0 0 0],False,"tf.Tensor(
[[ 2.4905496   1.531221    1.2035302   1.3946667   1.9136194   1.1167982
   1.3458575   0.6202143   2.1094599  -0.4205328   0.3420269   0.24378768
   1.936265    1.4750824   0.9072257   1.513463    2.3750024   0.2139304 ]], shape=(1, 18), dtype=float32)"
663,[10 2 5 3 1 2 5 0 0 0 0 0 0 0 0 0 0 0 0 0 0 0 0 0 0],"tf.Tensor([2.2881117 1.5506177 1.1839876 1.5519572 1.8660706 7.       ], shape=(6,), dtype=float32)",0.0,[10 3 5 3 1 2 5 0 0 0 0 0 0 0 0 0 0 0 0 0 0 0 0 0 0],False,"tf.Tensor(
[[ 2.2881117   1.5506177   1.1839876   1.5519572   1.8660706   0.85029066
   0.842132    0.7173275   1.8548907  -0.2311214   0.45314902 -0.1400347
   2.0083625   0.84050274  0.7771191   1.9185449   1.4217584   0.7773516 ]], shape=(1, 18), dtype=float32)"
664,[10 3 5 3 1 2 5 0 0 0 0 0 0 0 0 0 0 0 0 0 0 0 0 0 0],"tf.Tensor([2.351911  1.5393592 1.2872212 1.5330559 1.8975996 7.       ], shape=(6,), dtype=float32)",0.0,[11 1 0 0 0 0 0 5 3 1 2 5 0 0 0 0 0 0 0 0 0 0 0 0 0],False,"tf.Tensor(
[[ 2.351911    1.5393592   1.2872212   1.5330559   1.8975996   0.8591073
   0.8565289   0.7535847   1.9912033  -0.211771    0.49318486 -0.15957081
   1.9987925   0.7957293   0.80358225  1.9403112   1.3963952   0.7426882 ]], shape=(1, 18), dtype=float32)"
665,[11 1 0 0 0 0 0 5 3 1 2 5 0 0 0 0 0 0 0 0 0 0 0 0 0],"tf.Tensor([2.5329435 1.7911286 1.0080522 1.3282269 1.9695466 7.       ], shape=(6,), dtype=float32)",0.5,[11 2 3 3 6 2 2 0 0 0 0 0 0 0 0 0 0 0 0 0 0 0 0 0 0],False,"tf.Tensor(
[[ 2.5329435   1.7911286   1.0080522   1.3282269   1.9695466   0.8546023
   0.7534373   1.194357    1.844753   -0.19792672  0.5634029   0.12360629
   1.9252937   1.3423953   0.9286846   1.4174463   1.7587935   0.4384479 ]], shape=(1, 18), dtype=float32)"
666,[11 2 3 3 6 2 2 0 0 0 0 0 0 0 0 0 0 0 0 0 0 0 0 0 0],"tf.Tensor([ 2.549159   1.0286714  1.581298   1.682278   1.5424587 10.       ], shape=(6,), dtype=float32)",0.0,[11 3 3 3 6 2 2 0 0 0 0 0 0 0 0 0 0 0 0 0 0 0 0 0 0],False,"tf.Tensor(
[[ 2.549159    1.0286714   1.581298    1.682278    1.5424587   0.6582417
   0.8909583   1.1149787   2.0366015  -0.39733967  0.8330612   0.15749595
   1.6092193  -0.2016457   1.0518575   2.5437367   0.9005817   1.0546765 ]], shape=(1, 18), dtype=float32)"
667,[11 3 3 3 6 2 2 0 0 0 0 0 0 0 0 0 0 0 0 0 0 0 0 0 0],[0 1 0 0 1 3],0.0,[12 1 0 0 0 0 0 3 3 6 2 2 0 0 0 0 0 0 0 0 0 0 0 0 0],False,"tf.Tensor(
[[ 2.6051114   1.080133    1.6755693   1.6846427   1.613542    0.6472421
   0.8989128   1.1421331   2.1505854  -0.36482042  0.8740429   0.12810367
   1.6429718  -0.19090584  1.0844054   2.5677507   0.90401626  1.0240813 ]], shape=(1, 18), dtype=float32)"
668,[12 1 0 0 0 0 0 3 3 6 2 2 0 0 0 0 0 0 0 0 0 0 0 0 0],"tf.Tensor([ 2.6398196  1.4848791  1.253436   1.5866882  2.1111274 11.       ], shape=(6,), dtype=float32)",0.5,[12 2 3 5 3 6 3 0 0 0 0 0 0 0 0 0 0 0 0 0 0 0 0 0 0],False,"tf.Tensor(
[[ 2.6398196   1.4848791   1.253436    1.5866882   2.1111274   1.2765166
   1.4881121   0.62398386  2.207398   -0.5292935   0.39636922  0.12548436
   2.2568316   1.4524059   0.8558145   1.8112717   2.3070707   0.41916108]], shape=(1, 18), dtype=float32)"
669,[12 2 3 5 3 6 3 0 0 0 0 0 0 0 0 0 0 0 0 0 0 0 0 0 0],"tf.Tensor([ 2.708481   1.3659002  1.6084113  1.6836631  1.971569  10.       ], shape=(6,), dtype=float32)",0.0,[12 3 3 5 3 6 3 0 0 0 0 0 0 0 0 0 0 0 0 0 0 0 0 0 0],False,"tf.Tensor(
[[ 2.708481    1.3659002   1.6084113   1.6836631   1.971569    0.7472728
   1.0804694   1.159862    2.1949747  -0.47468477  0.7742512   0.23370972
   1.9629637   0.20452043  0.887277    2.510518    1.2609882   0.9840917 ]], shape=(1, 18), dtype=float32)"
670,[12 3 3 5 3 6 3 0 0 0 0 0 0 0 0 0 0 0 0 0 0 0 0 0 0],"tf.Tensor([ 2.7334023  1.3598883  1.6962129  1.6776649  2.037737  10.       ], shape=(6,), dtype=float32)",0.0,[13 1 0 0 0 0 0 3 5 3 6 3 0 0 0 0 0 0 0 0 0 0 0 0 0],False,"tf.Tensor(
[[ 2.7334023   1.3598883   1.6962129   1.6776649   2.037737    0.7730831
   1.0873213   1.1360837   2.3163114  -0.4569043   0.7843857   0.17940125
   1.9793252   0.16460529  0.91768366  2.546001    1.2280723   0.9777257 ]], shape=(1, 18), dtype=float32)"
671,[13 1 0 0 0 0 0 3 5 3 6 3 0 0 0 0 0 0 0 0 0 0 0 0 0],"tf.Tensor([ 3.03079    2.1030638  1.3818777  1.7252103  2.4983945 11.       ], shape=(6,), dtype=float32)",0.5,[13 2 5 6 4 1 1 0 0 0 0 0 0 0 0 0 0 0 0 0 0 0 0 0 0],False,"tf.Tensor(
[[ 3.03079     2.1030638   1.3818777   1.7252103   2.4983945   1.1788388
   1.3028758   0.8939775   2.5253434  -0.36065003  0.44899458  0.25236398
   2.3137748   1.7588743   1.1025909   1.8200904   2.668322    0.39035466]], shape=(1, 18), dtype=float32)"
672,[13 2 5 6 4 1 1 0 0 0 0 0 0 0 0 0 0 0 0 0 0 0 0 0 0],"tf.Tensor([ 2.8829799  1.3097624  1.7262812  1.7296818  2.220951  10.       ], shape=(6,), dtype=float32)",0.0,[13 3 5 6 4 1 1 0 0 0 0 0 0 0 0 0 0 0 0 0 0 0 0 0 0],False,"tf.Tensor(
[[ 2.8829799   1.3097624   1.7262812   1.7296818   2.220951    0.852734
   1.2530545   1.1984389   2.4541671  -0.4029092   0.6565529   0.18800154
   2.0256448   0.16142333  1.0048846   2.8420904   1.289402    1.045554  ]], shape=(1, 18), dtype=float32)"
673,[13 3 5 6 4 1 1 0 0 0 0 0 0 0 0 0 0 0 0 0 0 0 0 0 0],"tf.Tensor([ 2.9651098  1.3759198  1.8299769  1.7205888  2.2638698 10.       ], shape=(6,), dtype=float32)",0.0,[14 1 0 0 0 0 0 5 6 4 1 1 0 0 0 0 0 0 0 0 0 0 0 0 0],True,"tf.Tensor(
[[ 2.9651098   1.3759198   1.8299769   1.7205888   2.2638698   0.842256
   1.2507116   1.2381235   2.580743   -0.35966825  0.70407     0.17337647
   2.043083    0.1962041   1.0350286   2.8374166   1.3101009   1.000828  ]], shape=(1, 18), dtype=float32)"
674,[1 1 0 0 0 0 0 6 2 5 6 2 0 0 0 0 0 0 0 0 0 0 0 0 0],[ 1  0  0  0  0 11],0.1,[1 2 6 0 0 0 0 0 5 6 1 6 0 0 0 0 0 0 0 0 0 0 0 0 0],False,"tf.Tensor(
[[ 1.4573733   1.6138048   0.947763    0.6909063   1.6373111   0.8224468
   0.64898264  0.17340873  1.5825108  -0.35299623  0.32469937  0.00868666
   1.6594805   1.0226141   1.0414689   0.89026827  1.7143596  -0.07491115]], shape=(1, 18), dtype=float32)"
675,[1 2 6 0 0 0 0 0 5 6 1 6 0 0 0 0 0 0 0 0 0 0 0 0 0],"tf.Tensor([ 1.8657576  1.5204432  1.6812398  1.0359745  1.6112366 10.       ], shape=(6,), dtype=float32)",0.4,[1 3 6 5 6 1 6 0 0 0 0 0 0 0 0 0 0 0 0 0 0 0 0 0 0],False,"tf.Tensor(
[[ 1.8657576   1.5204432   1.6812398   1.0359745   1.6112366  -0.18271513
   1.0703608   0.57770723  1.4205258  -0.0340102   1.1951183   0.38446474
   1.8271216   1.1928349   0.8078421   2.1866097   0.9443006   0.08387521]], shape=(1, 18), dtype=float32)"
676,[1 3 6 5 6 1 6 0 0 0 0 0 0 0 0 0 0 0 0 0 0 0 0 0 0],"tf.Tensor([1.9673562 1.6060326 1.4034884 1.493247  1.9956255 7.       ], shape=(6,), dtype=float32)",0.0,[2 1 0 0 0 0 0 6 2 5 6 2 0 0 0 0 0 0 0 0 0 0 0 0 0],False,"tf.Tensor(
[[ 1.9673562   1.6060326   1.4034884   1.493247    1.9956255   0.4164062
   0.3997559   0.48438945  1.9146428   0.08768797  0.6668327  -0.5705608
   1.9509946   0.25675112  1.4699576   1.8462919   1.0999427   0.7042121 ]], shape=(1, 18), dtype=float32)"
677,[2 1 0 0 0 0 0 6 2 5 6 2 0 0 0 0 0 0 0 0 0 0 0 0 0],"tf.Tensor([ 1.6121374   1.6118075   0.94720626  0.7227502   1.6206522  11.        ], shape=(6,), dtype=float32)",0.4,[2 2 5 6 2 2 0 0 0 0 5 0 0 0 0 0 0 0 0 0 0 0 0 0 0],False,"tf.Tensor(
[[ 1.6121374   1.6118075   0.94720626  0.7227502   1.6206522   0.92221934
   0.7542703   0.24964103  1.6706901  -0.34306595  0.31424323 -0.0073727
   1.7061051   1.1644711   1.0144442   0.94448507  1.7689093  -0.05627438]], shape=(1, 18), dtype=float32)"
678,[2 2 5 6 2 2 0 0 0 0 5 0 0 0 0 0 0 0 0 0 0 0 0 0 0],"tf.Tensor([1.348364  1.2455083 1.028615  0.9229432 1.3870753 3.       ], shape=(6,), dtype=float32)",0.1,[2 3 5 6 2 2 5 0 0 0 0 0 0 0 0 0 0 0 0 0 0 0 0 0 0],False,"tf.Tensor(
[[ 1.348364    1.2455083   1.028615    0.9229432   1.3870753   0.00693775
   0.19095375  0.6217805   1.3285586   0.2599192   0.49466467 -0.00980199
   1.0138991   0.2296078   0.85084856  1.1404984   0.85094047  0.21004748]], shape=(1, 18), dtype=float32)"
679,[2 3 5 6 2 2 5 0 0 0 0 0 0 0 0 0 0 0 0 0 0 0 0 0 0],"tf.Tensor([1.6781638 1.3150574 1.3763114 1.265483  1.6375347 3.       ], shape=(6,), dtype=float32)",0.0,[3 1 0 0 0 0 0 5 6 2 6 2 0 0 0 0 0 0 0 0 0 0 0 0 0],False,"tf.Tensor(
[[ 1.6781638   1.3150574   1.3763114   1.265483    1.6375347   0.25600386
   0.3912359   0.52028894  1.6692644   0.08040574  0.6540927  -0.5055059
   1.6170795   0.0957855   1.2013851   1.6306952   0.8037441   0.56458694]], shape=(1, 18), dtype=float32)"
680,[3 1 0 0 0 0 0 5 6 2 6 2 0 0 0 0 0 0 0 0 0 0 0 0 0],"tf.Tensor([1.4347485  1.3135282  1.0660645  0.94409966 1.4666374  3.        ], shape=(6,), dtype=float32)",0.5,[3 2 5 2 3 6 2 0 0 0 0 0 0 0 0 0 0 0 0 0 0 0 0 0 0],False,"tf.Tensor(
[[ 1.4347485   1.3135282   1.0660645   0.94409966  1.4666374   0.56725246
   0.65375316  0.2326864   1.5497702  -0.204928    0.37286472 -0.2589629
   1.3438258   0.66605645  0.8524561   1.1441475   1.194231    0.21778473]], shape=(1, 18), dtype=float32)"
681,[3 2 5 2 3 6 2 0 0 0 0 0 0 0 0 0 0 0 0 0 0 0 0 0 0],"tf.Tensor([ 1.478788   1.0242606  1.0850435  1.0206863  1.6324948 10.       ], shape=(6,), dtype=float32)",0.0,[3 3 5 2 3 6 2 0 0 0 0 0 0 0 0 0 0 0 0 0 0 0 0 0 0],False,"tf.Tensor(
[[ 1.478788    1.0242606   1.0850435   1.0206863   1.6324948   0.22287686
   0.6492264   0.5223477   1.3794345  -0.11608559  0.5946805   0.02474916
   1.4858661   0.16227672  0.90684295  1.5005369   0.87462956  0.49389568]], shape=(1, 18), dtype=float32)"
682,[3 3 5 2 3 6 2 0 0 0 0 0 0 0 0 0 0 0 0 0 0 0 0 0 0],"tf.Tensor([ 1.516532   1.0137856  1.147284   1.0276792  1.6680816 10.       ], shape=(6,), dtype=float32)",0.0,[4 1 0 0 0 0 0 5 2 3 6 2 0 0 0 0 0 0 0 0 0 0 0 0 0],False,"tf.Tensor(
[[ 1.516532    1.0137856   1.147284    1.0276792   1.6680816   0.24500707
   0.69611084  0.53097975  1.4551208  -0.13788424  0.5874722   0.00662872
   1.5170647   0.12378639  0.920416    1.534542    0.89212924  0.4944651 ]], shape=(1, 18), dtype=float32)"
683,[4 1 0 0 0 0 0 5 2 3 6 2 0 0 0 0 0 0 0 0 0 0 0 0 0],"tf.Tensor([1.65432    1.3756939  0.86307263 0.6056165  1.4620106  3.        ], shape=(6,), dtype=float32)",0.30000000000000004,[4 2 2 2 5 0 0 0 0 3 3 0 0 0 0 0 0 0 0 0 0 0 0 0 0],False,"tf.Tensor(
[[ 1.65432     1.3756939   0.86307263  0.6056165   1.4620106   1.0691315
   1.1057254   0.27254936  1.80929    -0.39693457  0.09600712  0.02495659
   1.394272    1.2488228   0.91280425  0.9442456   1.7712513  -0.08423359]], shape=(1, 18), dtype=float32)"
684,[4 2 2 2 5 0 0 0 0 3 3 0 0 0 0 0 0 0 0 0 0 0 0 0 0],[0 1 1 1 1 6],0.2,[4 3 2 2 5 3 3 0 0 0 0 0 0 0 0 0 0 0 0 0 0 0 0 0 0],False,"tf.Tensor(
[[ 1.4819137   1.0026431   0.93634903  1.0465337   1.0066658   0.32560378
   0.5664436   0.5051404   1.1640798  -0.09525628  0.46832517 -0.11205688
   1.1799492   0.3756208   0.8049472   1.4171225   0.817431    0.43652096]], shape=(1, 18), dtype=float32)"
685,[4 3 2 2 5 3 3 0 0 0 0 0 0 0 0 0 0 0 0 0 0 0 0 0 0],"tf.Tensor([ 1.6399562  1.0454477  1.3110155  1.2980947  1.0561218 10.       ], shape=(6,), dtype=float32)",0.0,[5 1 0 0 0 0 0 2 2 6 2 5 0 0 0 0 0 0 0 0 0 0 0 0 0],False,"tf.Tensor(
[[ 1.6399562   1.0454477   1.3110155   1.2980947   1.0561218  -0.0294018
   0.26404768  0.8742929   1.2239499   0.0209817   0.7972159  -0.26145977
   1.265436   -0.24906471  1.0801957   1.624464    0.5293129   0.63293785]], shape=(1, 18), dtype=float32)"
686,[5 1 0 0 0 0 0 2 2 6 2 5 0 0 0 0 0 0 0 0 0 0 0 0 0],"tf.Tensor([1.7339174 1.161541  1.1071398 0.9108828 1.3411082 3.       ], shape=(6,), dtype=float32)",0.5,[5 2 3 5 1 1 5 0 0 0 0 0 0 0 0 0 0 0 0 0 0 0 0 0 0],False,"tf.Tensor(
[[ 1.7339174   1.161541    1.1071398   0.9108828   1.3411082   0.4428809
   0.88960356  0.5543734   1.4360731  -0.08777522  0.6099263   0.21746498
   1.3570924   1.0349083   0.6687936   1.3041306   1.3345035   0.06094872]], shape=(1, 18), dtype=float32)"
687,[5 2 3 5 1 1 5 0 0 0 0 0 0 0 0 0 0 0 0 0 0 0 0 0 0],[0 1 0 0 0 0],0.0,[5 3 3 5 1 1 5 0 0 0 0 0 0 0 0 0 0 0 0 0 0 0 0 0 0],False,"tf.Tensor(
[[ 1.7297267   1.2127503   1.2891724   1.1953402   1.2427312   0.35617453
   0.31284708  0.66636616  1.4968433   0.08976537  0.6043636  -0.44615448
   1.378378    0.33121148  0.87486315  1.3574435   0.84004533  0.4239638 ]], shape=(1, 18), dtype=float32)"
688,[5 3 3 5 1 1 5 0 0 0 0 0 0 0 0 0 0 0 0 0 0 0 0 0 0],"tf.Tensor([1.782268  1.2297406 1.3885258 1.1855385 1.2889515 3.       ], shape=(6,), dtype=float32)",0.0,[6 1 0 0 0 0 0 3 5 1 1 5 0 0 0 0 0 0 0 0 0 0 0 0 0],False,"tf.Tensor(
[[ 1.782268    1.2297406   1.3885258   1.1855385   1.2889515   0.36561972
   0.3386795   0.6886086   1.6170424   0.11075975  0.62372583 -0.4825455
   1.3899683   0.31307086  0.9016809   1.3770692   0.84963036  0.38962647]], shape=(1, 18), dtype=float32)"
689,[6 1 0 0 0 0 0 3 5 1 1 5 0 0 0 0 0 0 0 0 0 0 0 0 0],"tf.Tensor([1.632538  1.2700068 1.0164564 0.9039516 1.5136997 3.       ], shape=(6,), dtype=float32)",0.5,[6 2 4 2 6 6 5 0 0 0 0 0 0 0 0 0 0 0 0 0 0 0 0 0 0],False,"tf.Tensor(
[[ 1.632538    1.2700068   1.0164564   0.9039516   1.5136997   0.3616802
   0.2784347   0.63086975  1.4046159  -0.03894555  0.5841968   0.01959972
   1.365532    0.47966442  0.72600585  1.0020869   1.0993197   0.3221417 ]], shape=(1, 18), dtype=float32)"
690,[6 2 4 2 6 6 5 0 0 0 0 0 0 0 0 0 0 0 0 0 0 0 0 0 0],"tf.Tensor([ 2.161779   1.4806851  1.5158418  1.6546216  1.6329843 10.       ], shape=(6,), dtype=float32)",0.0,[6 3 4 2 6 6 5 0 0 0 0 0 0 0 0 0 0 0 0 0 0 0 0 0 0],False,"tf.Tensor(
[[ 2.1617789e+00  1.4806851e+00  1.5158418e+00  1.6546216e+00
   1.6329843e+00  4.2528283e-02  3.7556195e-01  1.0455672e+00
   1.6026298e+00 -1.4945455e-03  9.7810870e-01 -1.7452538e-01
   1.8174164e+00 -3.6288600e-02  1.3634179e+00  2.0569961e+00
   8.8968486e-01  8.2849336e-01]], shape=(1, 18), dtype=float32)"
691,[6 3 4 2 6 6 5 0 0 0 0 0 0 0 0 0 0 0 0 0 0 0 0 0 0],"tf.Tensor([ 2.158703   1.4673625  1.5793223  1.6558175  1.6870776 10.       ], shape=(6,), dtype=float32)",0.0,[7 1 0 0 0 0 0 4 2 6 6 5 0 0 0 0 0 0 0 0 0 0 0 0 0],False,"tf.Tensor(
[[ 2.158703    1.4673625   1.5793223   1.6558175   1.6870776   0.03498628
   0.4345218   1.0294931   1.6528782  -0.01027067  0.9918473  -0.1925862
   1.8585323  -0.05611769  1.3713785   2.107122    0.8775264   0.8191133 ]], shape=(1, 18), dtype=float32)"
692,[7 1 0 0 0 0 0 4 2 6 6 5 0 0 0 0 0 0 0 0 0 0 0 0 0],"tf.Tensor([ 2.3322687  1.8010942  1.23717    1.0148793  1.8697282 11.       ], shape=(6,), dtype=float32)",0.5,[7 2 5 1 1 3 2 0 0 0 0 0 0 0 0 0 0 0 0 0 0 0 0 0 0],False,"tf.Tensor(
[[ 2.3322687   1.8010942   1.23717     1.0148793   1.8697282   1.04812
   1.5610409   0.56211853  2.2342696  -0.2913149   0.3977931   0.25884974
   1.8147973   1.9439474   1.0717692   1.4047854   2.4023745  -0.22153428]], shape=(1, 18), dtype=float32)"
693,[7 2 5 1 1 3 2 0 0 0 0 0 0 0 0 0 0 0 0 0 0 0 0 0 0],[0 1 0 1 1 3],0.0,[7 3 5 1 1 3 2 0 0 0 0 0 0 0 0 0 0 0 0 0 0 0 0 0 0],False,"tf.Tensor(
[[ 1.6494685   0.91827327  0.9396511   1.16418     1.566946    0.57576466
   0.61975545  0.5118114   1.3284286  -0.26660275  0.29590726 -0.04966841
   1.5628296   0.2029133   0.7327849   1.4873711   1.0480711   0.68927217]], shape=(1, 18), dtype=float32)"
694,[7 3 5 1 1 3 2 0 0 0 0 0 0 0 0 0 0 0 0 0 0 0 0 0 0],[ 1  0  1  1  1 12],24.0,[8 1 0 0 0 0 0 5 1 1 3 2 0 0 0 0 0 0 0 0 0 0 0 0 12],False,"tf.Tensor(
[[ 1.7011486   0.91629624  1.0485741   1.1457025   1.6103445   0.5722914
   0.6911304   0.55130094  1.4564635  -0.25345972  0.3126038  -0.06587519
   1.5751113   0.18084879  0.7482785   1.5201905   1.0541916   0.6455439 ]], shape=(1, 18), dtype=float32)"
695,[8 1 0 0 0 0 0 5 1 1 3 2 0 0 0 0 0 0 0 0 0 0 0 0 12],"tf.Tensor([2.5505478 0.8669572 2.2559733 1.3703102 0.798065  3.       ], shape=(6,), dtype=float32)",0.30000000000000004,[8 2 4 2 2 0 0 0 2 0 0 5 0 0 0 0 0 0 0 0 0 0 0 0 12],False,"tf.Tensor(
[[ 2.5505478   0.8669572   2.2559733   1.3703102   0.798065    0.3479314
   0.7900449   1.3667263   2.1857018  -0.02491519  1.1149383   0.35813254
   1.2092519  -0.12565747  1.2544087   1.5769137   1.3961464   0.09037443]], shape=(1, 18), dtype=float32)"
696,[8 2 4 2 2 0 0 0 2 0 0 5 0 0 0 0 0 0 0 0 0 0 0 0 12],"tf.Tensor([2.1811323 1.2574488 2.4428995 1.2812855 1.4792355 3.       ], shape=(6,), dtype=float32)",0.2,[8 3 4 2 2 2 5 0 0 0 0 0 0 0 0 0 0 0 0 0 0 0 0 0 12],False,"tf.Tensor(
[[ 2.1811323   1.2574488   2.4428995   1.2812855   1.4792355  -0.45502073
   1.6356671   1.4804295   2.4629247   0.3855075   1.2976611   0.16253145
   1.4001762   0.02600137  1.4155741   2.3125894   0.94991267 -0.14287606]], shape=(1, 18), dtype=float32)"
697,[8 3 4 2 2 2 5 0 0 0 0 0 0 0 0 0 0 0 0 0 0 0 0 0 12],"tf.Tensor([2.6358397 1.4783658 1.9241383 1.4646305 1.5967059 3.       ], shape=(6,), dtype=float32)",8.0,[9 1 0 0 0 0 0 4 3 2 2 1 0 0 0 4 0 0 0 0 0 0 0 0 12],False,"tf.Tensor(
[[ 2.6358397   1.4783658   1.9241383   1.4646305   1.5967059   0.66109896
   1.1475532   1.0423745   2.6838264  -0.0060788   0.97500116 -0.1101414
   1.6643554   0.509493    1.2269598   2.2440913   1.1819372   0.46617666]], shape=(1, 18), dtype=float32)"
698,[9 1 0 0 0 0 0 4 3 2 2 1 0 0 0 4 0 0 0 0 0 0 0 0 12],"tf.Tensor([ 1.8626038  0.4508354  1.2962142  1.1395614  0.6621221 10.       ], shape=(6,), dtype=float32)",0.30000000000000004,[9 2 6 2 3 0 0 0 1 0 0 4 0 0 0 4 0 0 0 0 0 0 0 0 12],False,"tf.Tensor(
[[ 1.8626038   0.4508354   1.2962142   1.1395614   0.6621221   0.01028299
   0.57203305  1.3117001   1.2830691   0.2794779   0.622649    0.48066863
   0.7828193  -0.5925014   1.1796768   1.3239983   0.8996244   0.5924731 ]], shape=(1, 18), dtype=float32)"
699,[9 2 6 2 3 0 0 0 1 0 0 4 0 0 0 4 0 0 0 0 0 0 0 0 12],[1 1 0 1 1 9],0.2,[9 3 6 2 3 1 4 0 0 0 0 0 0 0 0 4 0 0 0 0 0 0 0 0 12],False,"tf.Tensor(
[[ 1.9666291   0.6492816   2.1546435   1.4021659   1.1460141  -0.4517746
   1.519358    1.3963839   1.857823    0.3554467   0.8731028   0.06295107
   1.4778055  -0.82911956  1.8040563   2.2388535   0.88780993  0.41339132]], shape=(1, 18), dtype=float32)"
700,[9 3 6 2 3 1 4 0 0 0 0 0 0 0 0 4 0 0 0 0 0 0 0 0 12],"tf.Tensor([ 2.2258894  0.7845197  1.7711323  1.5211884  1.2297931 10.       ], shape=(6,), dtype=float32)",0.0,[10 1 0 0 0 0 0 6 2 2 3 5 0 0 0 4 0 0 0 0 0 0 0 0 12],False,"tf.Tensor(
[[ 2.2258894   0.7845197   1.7711323   1.5211884   1.2297931   0.44737113
   1.2303162   0.91665083  2.1916926  -0.07220732  0.6891081  -0.10877374
   1.495778   -0.5088875   1.5743868   2.2147973   1.0643686   0.6928322 ]], shape=(1, 18), dtype=float32)"
701,[10 1 0 0 0 0 0 6 2 2 3 5 0 0 0 4 0 0 0 0 0 0 0 0 12],"tf.Tensor([2.6077816  0.98590124 2.1006274  1.4986304  1.0249498  3.        ], shape=(6,), dtype=float32)",0.5,[10 2 1 5 6 3 3 0 0 0 0 0 0 0 0 4 0 0 0 0 0 0 0 0 12],False,"tf.Tensor(
[[ 2.6077816   0.98590124  2.1006274   1.4986304   1.0249498   0.18893352
   0.85871303  1.5404115   1.9846536   0.12985507  0.7967203   0.3109877
   1.60204    -0.3959218   1.6784729   1.6134883   1.5810797   0.47210053]], shape=(1, 18), dtype=float32)"
702,[10 2 1 5 6 3 3 0 0 0 0 0 0 0 0 4 0 0 0 0 0 0 0 0 12],"tf.Tensor([ 2.4462717  1.2285653  1.704364   1.5469933  1.3090309 10.       ], shape=(6,), dtype=float32)",0.0,[10 3 1 5 6 3 3 0 0 0 0 0 0 0 0 4 0 0 0 0 0 0 0 0 12],False,"tf.Tensor(
[[ 2.4462717   1.2285653   1.704364    1.5469933   1.3090309   0.20065641
   0.72433424  1.7242931   2.3191159   0.03116153  0.9842929   0.04486026
   1.0154939  -0.8418975   1.5239816   2.6874437   0.5699326   0.7306297 ]], shape=(1, 18), dtype=float32)"
703,[10 3 1 5 6 3 3 0 0 0 0 0 0 0 0 4 0 0 0 0 0 0 0 0 12],"tf.Tensor([ 2.4470503  1.225114   1.8331453  1.531633   1.3332578 10.       ], shape=(6,), dtype=float32)",0.0,[11 1 0 0 0 0 0 1 5 6 3 3 0 0 0 4 0 0 0 0 0 0 0 0 12],False,"tf.Tensor(
[[ 2.4470503   1.225114    1.8331453   1.531633    1.3332578   0.17573267
   0.795491    1.7258241   2.3935075   0.02576334  1.0007368   0.02004567
   1.0965422  -0.8721491   1.5731487   2.6673841   0.6108147   0.6732947 ]], shape=(1, 18), dtype=float32)"
704,[11 1 0 0 0 0 0 1 5 6 3 3 0 0 0 4 0 0 0 0 0 0 0 0 12],"tf.Tensor([ 2.4977396   0.62101775  2.0805638   1.4939038   0.96721023 10.        ], shape=(6,), dtype=float32)",0.4,[11 2 3 3 1 4 0 0 3 0 0 0 0 0 0 4 0 0 0 0 0 0 0 0 12],False,"tf.Tensor(
[[ 2.4977396   0.62101775  2.0805638   1.4939038   0.96721023  0.2785936
   1.3134234   1.4061506   1.893322   -0.02677498  0.9791021   0.32651213
   1.5066068  -0.08166045  1.2568829   2.0941887   1.2287934   0.39928332]], shape=(1, 18), dtype=float32)"
705,[11 2 3 3 1 4 0 0 3 0 0 0 0 0 0 4 0 0 0 0 0 0 0 0 12],[ 0  1  0  1  1 10],0.1,[11 3 3 3 1 4 3 0 0 0 0 0 0 0 0 4 0 0 0 0 0 0 0 0 12],False,"tf.Tensor(
[[ 1.8191217   0.41331056  2.0039546   1.1463697   1.2166601   0.09014192
   1.3075739   1.3217297   1.8045477  -0.11506753  0.5036142   0.32034066
   1.438495   -1.0702932   1.4310136   2.049276    0.83179903  0.5505171 ]], shape=(1, 18), dtype=float32)"
706,[11 3 3 3 1 4 3 0 0 0 0 0 0 0 0 4 0 0 0 0 0 0 0 0 12],"tf.Tensor([2.222707   0.67089653 2.0503845  1.3444088  1.1177171  3.        ], shape=(6,), dtype=float32)",0.0,[12 1 0 0 0 0 0 3 1 3 1 4 0 0 0 4 0 0 0 0 0 0 0 0 12],False,"tf.Tensor(
[[ 2.222707    0.67089653  2.0503845   1.3444088   1.1177171   0.2013551
   1.285004    1.1939079   2.2394407   0.00717179  0.8487899   0.19759192
   1.297906   -0.76380646  1.5835661   2.2305539   0.80550545  0.63168204]], shape=(1, 18), dtype=float32)"
707,[12 1 0 0 0 0 0 3 1 3 1 4 0 0 0 4 0 0 0 0 0 0 0 0 12],"tf.Tensor([2.2078445  0.55738014 2.159559   1.3728992  0.71509355 3.        ], shape=(6,), dtype=float32)",0.30000000000000004,[12 2 2 2 4 0 0 0 5 0 0 6 0 0 0 4 0 0 0 0 0 0 0 0 12],False,"tf.Tensor(
[[ 2.2078445   0.55738014  2.159559    1.3728992   0.71509355 -0.03102863
   0.8988479   1.4468219   1.694455    0.1787024   0.87532675  0.42579716
   1.2932516  -0.7244712   1.5519936   1.6751052   1.0885254   0.4586792 ]], shape=(1, 18), dtype=float32)"
708,[12 2 2 2 4 0 0 0 5 0 0 6 0 0 0 4 0 0 0 0 0 0 0 0 12],"tf.Tensor([ 2.2379076   0.83226997  2.3283436   1.4681474   1.3830438  10.        ], shape=(6,), dtype=float32)",0.1,[12 3 2 2 4 6 0 0 1 0 0 0 0 0 0 4 0 0 0 0 0 0 0 0 12],False,"tf.Tensor(
[[ 2.2379076   0.83226997  2.3283436   1.4681474   1.3830438  -0.44743338
   1.2838578   1.914731    1.8590406  -0.01204531  1.1419252   0.38902497
   1.5897316  -0.941056    1.536704    2.6160014   0.6869826   0.5114028 ]], shape=(1, 18), dtype=float32)"
709,[12 3 2 2 4 6 0 0 1 0 0 0 0 0 0 4 0 0 0 0 0 0 0 0 12],"tf.Tensor([ 2.0538433  0.5820694  2.2299452  1.4373047  0.9886465 10.       ], shape=(6,), dtype=float32)",0.0,[13 1 0 0 0 0 0 2 3 2 4 1 0 0 0 4 0 0 0 0 0 0 0 0 12],False,"tf.Tensor(
[[ 2.0538433   0.5820694   2.2299452   1.4373047   0.9886465   0.00817728
   1.3546872   1.3630488   2.1317663  -0.02321105  0.84086895  0.18978566
   1.2798103  -1.3170949   1.8058858   2.624415    0.41848907  0.8202533 ]], shape=(1, 18), dtype=float32)"
710,[13 1 0 0 0 0 0 2 3 2 4 1 0 0 0 4 0 0 0 0 0 0 0 0 12],"tf.Tensor([ 2.291565    0.4413213   1.6054757   1.2418897   0.99857366 10.        ], shape=(6,), dtype=float32)",0.4,[13 2 4 3 6 3 0 0 4 0 0 0 0 0 0 4 0 0 0 0 0 0 0 0 12],False,"tf.Tensor(
[[ 2.291565    0.4413213   1.6054757   1.2418897   0.99857366  0.39360607
   0.8229634   1.3165001   1.8099946   0.04243642  0.8202863   0.65816283
   1.0015334  -0.431912    1.0644039   1.8816382   0.8173972   0.7027656 ]], shape=(1, 18), dtype=float32)"
711,[13 2 4 3 6 3 0 0 4 0 0 0 0 0 0 4 0 0 0 0 0 0 0 0 12],"tf.Tensor([ 2.3470175  0.7755841  2.0101426  1.6787136  1.6326458 10.       ], shape=(6,), dtype=float32)",0.0,[13 3 4 3 6 3 0 0 1 0 0 0 0 0 0 4 0 0 0 0 0 0 0 0 12],False,"tf.Tensor(
[[ 2.3470175   0.7755841   2.0101426   1.6787136   1.6326458   0.24051267
   1.2547905   1.573911    2.0720754  -0.42605776  0.81536245  0.30358988
   1.7742302  -1.1324903   1.6450777   2.9643464   0.82929385  0.9341247 ]], shape=(1, 18), dtype=float32)"
712,[13 3 4 3 6 3 0 0 1 0 0 0 0 0 0 4 0 0 0 0 0 0 0 0 12],[1 1 0 0 0 4],0.0,[14 1 0 0 0 0 0 4 2 3 6 3 0 0 0 4 0 0 0 0 0 0 0 0 12],True,"tf.Tensor(
[[ 2.2812324   0.7756095   2.172989    1.5903751   1.3568641   0.11804873
   1.4904047   1.3768221   2.50092    -0.02364253  0.86315113  0.09427729
   1.3880593  -1.2806842   1.9608713   2.9918854   0.5397735   0.89980286]], shape=(1, 18), dtype=float32)"
713,[1 1 0 0 0 0 0 1 3 3 5 6 0 0 0 0 0 0 0 0 0 0 0 0 0],"tf.Tensor([1.1880385 1.0871662 0.9109713 0.5371409 1.1929773 3.       ], shape=(6,), dtype=float32)",0.4,[1 2 1 3 3 6 0 0 0 0 4 0 0 0 0 0 0 0 0 0 0 0 0 0 0],False,"tf.Tensor(
[[ 1.1880385   1.0871662   0.9109713   0.5371409   1.1929773   0.27563488
   0.858538    0.2184992   1.2011487  -0.21628712  0.6571943   0.28503075
   1.1818135   0.9064259   0.5126118   1.0388393   1.0130388  -0.06540243]], shape=(1, 18), dtype=float32)"
714,[1 2 1 3 3 6 0 0 0 0 4 0 0 0 0 0 0 0 0 0 0 0 0 0 0],"tf.Tensor([ 1.2027785   0.8804703   0.9358058   0.96085805  0.7503996  10.        ], shape=(6,), dtype=float32)",0.1,[1 3 1 3 3 6 4 0 0 0 0 0 0 0 0 0 0 0 0 0 0 0 0 0 0],False,"tf.Tensor(
[[ 1.2027785   0.8804703   0.9358058   0.96085805  0.7503996   0.02101048
   0.1486443   0.6734857   0.8913812   0.00873343  0.55574006 -0.1862631
   0.7423637  -0.21423608  0.79717517  1.2176496   0.4707959   0.4059733 ]], shape=(1, 18), dtype=float32)"
715,[1 3 1 3 3 6 4 0 0 0 0 0 0 0 0 0 0 0 0 0 0 0 0 0 0],"tf.Tensor([ 1.3787326   0.95948255  1.2460208   1.1322014   0.87613153 10.        ], shape=(6,), dtype=float32)",0.0,[2 1 0 0 0 0 0 1 3 3 5 6 0 0 0 0 0 0 0 0 0 0 0 0 0],False,"tf.Tensor(
[[ 1.3787326e+00  9.5948255e-01  1.2460208e+00  1.1322014e+00
   8.7613153e-01 -1.8516164e-02  1.3295396e-01  6.8335384e-01
   1.0632715e+00 -7.3061511e-04  7.6622671e-01 -3.5707107e-01
   1.1284355e+00 -2.2786549e-01  9.3135262e-01  1.3187915e+00
   4.4834256e-01  4.9785998e-01]], shape=(1, 18), dtype=float32)"
716,[2 1 0 0 0 0 0 1 3 3 5 6 0 0 0 0 0 0 0 0 0 0 0 0 0],"tf.Tensor([1.2689887  1.0778987  0.9400631  0.58372283 1.2597451  3.        ], shape=(6,), dtype=float32)",0.4,[2 2 5 6 6 1 0 0 0 0 4 0 0 0 0 0 0 0 0 0 0 0 0 0 0],False,"tf.Tensor(
[[ 1.2689887   1.0778987   0.9400631   0.58372283  1.2597451   0.34863117
   0.9809093   0.2244749   1.2853384  -0.24765764  0.6116232   0.30228287
   1.210243    0.9458542   0.5638206   1.1043102   1.1517193  -0.07585579]], shape=(1, 18), dtype=float32)"
717,[2 2 5 6 6 1 0 0 0 0 4 0 0 0 0 0 0 0 0 0 0 0 0 0 0],"tf.Tensor([ 1.6735946  1.2015759  1.4685104  1.472972   1.3450893 10.       ], shape=(6,), dtype=float32)",0.1,[2 3 5 6 6 1 4 0 0 0 0 0 0 0 0 0 0 0 0 0 0 0 0 0 0],False,"tf.Tensor(
[[ 1.6735946   1.2015759   1.4685104   1.472972    1.3450893  -0.09825496
   0.3705512   0.86912555  1.4728343   0.0940067   0.6251007   0.0620373
   1.2304764  -0.40119663  1.3811657   1.796538    0.9866966   0.47411656]], shape=(1, 18), dtype=float32)"
718,[2 3 5 6 6 1 4 0 0 0 0 0 0 0 0 0 0 0 0 0 0 0 0 0 0],"tf.Tensor([2.0400257 1.3827442 1.6213351 1.470798  1.7516884 3.       ], shape=(6,), dtype=float32)",8.0,[3 1 0 0 0 0 0 5 6 6 1 1 0 0 0 4 0 0 0 0 0 0 0 0 0],False,"tf.Tensor(
[[ 2.0400257   1.3827442   1.6213351   1.470798    1.7516884   0.2806447
   0.46239913  0.74036145  1.9432323   0.1492684   0.6802194  -0.5557832
   1.7493932  -0.09020264  1.5218427   1.898465    0.981338    0.66599613]], shape=(1, 18), dtype=float32)"
719,[3 1 0 0 0 0 0 5 6 6 1 1 0 0 0 4 0 0 0 0 0 0 0 0 0],"tf.Tensor([1.3163683  1.0740066  0.6322937  1.2353039  0.88903594 7.        ], shape=(6,), dtype=float32)",0.30000000000000004,[3 2 3 6 6 0 0 0 0 6 0 4 0 0 0 4 0 0 0 0 0 0 0 0 0],False,"tf.Tensor(
[[ 1.3163683   1.0740066   0.6322937   1.2353039   0.88903594  0.08239594
  -0.21078794  0.8644176   0.3720069  -0.1996355   0.46776116 -0.17460585
   1.2679946  -0.06828387  0.8846497   1.0978781   0.87662137  0.5388582 ]], shape=(1, 18), dtype=float32)"
720,[3 2 3 6 6 0 0 0 0 6 0 4 0 0 0 4 0 0 0 0 0 0 0 0 0],"tf.Tensor([ 1.9997729  1.5409008  1.2298731  1.1388053  1.1522102 10.       ], shape=(6,), dtype=float32)",0.2,[3 3 3 6 6 6 4 0 0 0 0 0 0 0 0 4 0 0 0 0 0 0 0 0 0],False,"tf.Tensor(
[[1.9997729  1.5409008  1.2298731  1.1388053  1.1522102  0.04796657
  0.2366526  1.0566343  1.401164   0.13880698 0.74723047 0.00381402
  1.1962563  0.4563554  0.8782139  1.6214416  0.75322914 0.47874036]], shape=(1, 18), dtype=float32)"
721,[3 3 3 6 6 6 4 0 0 0 0 0 0 0 0 4 0 0 0 0 0 0 0 0 0],"tf.Tensor([ 2.3142183  1.3286088  1.4918721  1.9075606  1.1642821 10.       ], shape=(6,), dtype=float32)",0.0,[4 1 0 0 0 0 0 3 6 2 6 6 0 0 0 4 0 0 0 0 0 0 0 0 0],False,"tf.Tensor(
[[ 2.3142183   1.3286088   1.4918721   1.9075606   1.1642821   0.2118916
  -0.00613846  1.1695119   1.4390302  -0.0464767   0.74899995 -0.3869065
   1.4632388  -0.5371421   1.4792068   2.0899134   0.9362892   1.0056452 ]], shape=(1, 18), dtype=float32)"
722,[4 1 0 0 0 0 0 3 6 2 6 6 0 0 0 4 0 0 0 0 0 0 0 0 0],"tf.Tensor([1.3419901 1.2926954 1.0509335 0.8030787 1.1573739 3.       ], shape=(6,), dtype=float32)",0.4,[4 2 4 4 2 1 0 0 0 0 4 0 0 0 0 4 0 0 0 0 0 0 0 0 0],False,"tf.Tensor(
[[ 1.3419901   1.2926954   1.0509335   0.8030787   1.1573739   0.32768634
   0.43362674  0.4750095   1.4658456  -0.11808021  0.52682513 -0.4119985
   1.1727356   0.16311342  0.9899863   1.1914716   0.7342149   0.2709912 ]], shape=(1, 18), dtype=float32)"
723,[4 2 4 4 2 1 0 0 0 0 4 0 0 0 0 4 0 0 0 0 0 0 0 0 0],"tf.Tensor([ 1.1843276   0.5562998   0.45572606  0.9593864   0.7369571  10.        ], shape=(6,), dtype=float32)",0.1,[4 3 4 4 2 1 4 0 0 0 0 0 0 0 0 4 0 0 0 0 0 0 0 0 0],False,"tf.Tensor(
[[ 1.1843276   0.5562998   0.45572606  0.9593864   0.7369571   0.32034954
  -0.00587392  0.43822455  0.6914785   0.04198072  0.2728913  -0.07388818
   0.78948766 -0.04838449  0.6592384   1.0206623   0.5531267   0.6524339 ]], shape=(1, 18), dtype=float32)"
724,[4 3 4 4 2 1 4 0 0 0 0 0 0 0 0 4 0 0 0 0 0 0 0 0 0],"tf.Tensor([ 1.4963607  0.8351162  0.8831003  1.1688734  0.7635101 10.       ], shape=(6,), dtype=float32)",0.0,[5 1 0 0 0 0 0 4 4 2 6 1 0 0 0 4 0 0 0 0 0 0 0 0 0],False,"tf.Tensor(
[[ 1.4963607   0.8351162   0.8831003   1.1688734   0.7635101   0.40946725
   0.04649037  0.57680064  1.0474918   0.03822818  0.3722185  -0.38124147
   1.0364686  -0.03356456  0.89641154  1.167902    0.6714423   0.6394209 ]], shape=(1, 18), dtype=float32)"
725,[5 1 0 0 0 0 0 4 4 2 6 1 0 0 0 4 0 0 0 0 0 0 0 0 0],"tf.Tensor([1.2977581 1.0067849 0.6296645 0.9790974 1.0401982 7.       ], shape=(6,), dtype=float32)",0.4,[5 2 1 3 4 6 0 0 0 3 0 0 0 0 0 4 0 0 0 0 0 0 0 0 0],False,"tf.Tensor(
[[ 1.2977581   1.0067849   0.6296645   0.9790974   1.0401982   0.454714
   0.13368364  0.4536959   0.96835184 -0.04479703  0.1403052  -0.25938976
   1.1567245   0.26825634  0.8029349   1.040303    0.7347697   0.61808807]], shape=(1, 18), dtype=float32)"
726,[5 2 1 3 4 6 0 0 0 3 0 0 0 0 0 4 0 0 0 0 0 0 0 0 0],"tf.Tensor([ 1.7136954  1.2009615  0.7532609  1.333022   0.6383076 10.       ], shape=(6,), dtype=float32)",0.0,[5 3 1 3 4 6 0 0 0 3 0 0 0 0 0 4 0 0 0 0 0 0 0 0 0],False,"tf.Tensor(
[[ 1.7136954   1.2009615   0.7532609   1.333022    0.6383076   0.18956237
  -0.21747284  1.1408277   0.7630952  -0.16145213  0.5574886  -0.23043843
   0.88705105 -0.24362409  0.8652807   1.3823997   0.69428504  0.72144204]], shape=(1, 18), dtype=float32)"
727,[5 3 1 3 4 6 0 0 0 3 0 0 0 0 0 4 0 0 0 0 0 0 0 0 0],"tf.Tensor([ 1.7055124   1.1206694   0.8428799   1.3151605   0.65454924 10.        ], shape=(6,), dtype=float32)",0.0,[6 1 0 0 0 0 0 1 3 2 4 6 0 0 0 4 0 0 0 0 0 0 0 0 0],False,"tf.Tensor(
[[ 1.7055124   1.1206694   0.8428799   1.3151605   0.65454924  0.1359232
  -0.20715381  1.1423724   0.7546679  -0.15764943  0.6225837  -0.17770137
   0.93656904 -0.27558526  0.86958426  1.3412586   0.70574415  0.6834516 ]], shape=(1, 18), dtype=float32)"
728,[6 1 0 0 0 0 0 1 3 2 4 6 0 0 0 4 0 0 0 0 0 0 0 0 0],"tf.Tensor([1.3322601 1.0233696 0.9421886 0.7419017 1.0685622 3.       ], shape=(6,), dtype=float32)",0.4,[6 2 6 4 2 4 0 0 0 0 3 0 0 0 0 4 0 0 0 0 0 0 0 0 0],False,"tf.Tensor(
[[ 1.3322601   1.0233696   0.9421886   0.7419017   1.0685622   0.27472553
   0.4582152   0.60835683  1.2993417  -0.05525385  0.43388999 -0.21502663
   1.0315636   0.12785089  0.840634    1.0842459   0.7628839   0.2493628 ]], shape=(1, 18), dtype=float32)"
729,[6 2 6 4 2 4 0 0 0 0 3 0 0 0 0 4 0 0 0 0 0 0 0 0 0],"tf.Tensor([ 1.3459141   0.62406206  0.7188119   1.2000958   0.9364011  10.        ], shape=(6,), dtype=float32)",0.1,[6 3 6 4 2 4 3 0 0 0 0 0 0 0 0 4 0 0 0 0 0 0 0 0 0],False,"tf.Tensor(
[[ 1.3459141   0.62406206  0.7188119   1.2000958   0.9364011   0.17728135
   0.44897565  0.6225378   0.86335415  0.0396331   0.2627022  -0.12897982
   1.1363784  -0.27377123  1.0156555   1.360128    0.8067043   0.71462226]], shape=(1, 18), dtype=float32)"
730,[6 3 6 4 2 4 3 0 0 0 0 0 0 0 0 4 0 0 0 0 0 0 0 0 0],[ 1  0  1  1  0 10],0.0,[7 1 0 0 0 0 0 6 4 2 1 4 0 0 0 4 0 0 0 0 0 0 0 0 0],False,"tf.Tensor(
[[ 1.6869363   0.92337114  0.9957783   1.2613914   1.0910395   0.34420994
   0.3206494   0.7387257   1.1965041  -0.02300503  0.3684396  -0.18134885
   1.3234046  -0.08724427  1.0377073   1.3893708   0.8925209   0.72397906]], shape=(1, 18), dtype=float32)"
731,[7 1 0 0 0 0 0 6 4 2 1 4 0 0 0 4 0 0 0 0 0 0 0 0 0],"tf.Tensor([1.618886  1.2187628 0.8711262 0.9776983 1.2125809 7.       ], shape=(6,), dtype=float32)",0.4,[7 2 1 2 6 4 0 0 0 3 0 0 0 0 0 4 0 0 0 0 0 0 0 0 0],False,"tf.Tensor(
[[ 1.618886    1.2187628   0.8711262   0.9776983   1.2125809   0.4861136
   0.4599542   0.805543    1.1695757  -0.0922959   0.29756775 -0.13916984
   1.401933    0.41092888  1.0925086   1.1303681   1.1228333   0.43410727]], shape=(1, 18), dtype=float32)"
732,[7 2 1 2 6 4 0 0 0 3 0 0 0 0 0 4 0 0 0 0 0 0 0 0 0],"tf.Tensor([ 1.984085    1.2029043   0.8670696   1.6073098   0.63178647 10.        ], shape=(6,), dtype=float32)",0.0,[7 3 1 2 6 4 0 0 0 3 0 0 0 0 0 4 0 0 0 0 0 0 0 0 0],False,"tf.Tensor(
[[ 1.984085    1.2029043   0.8670696   1.6073098   0.63178647  0.30815455
  -0.11845249  1.1095777   1.0037076  -0.15091862  0.7044897  -0.15621215
   1.0187713  -0.32729298  1.0278312   1.7773132   0.61168957  1.0687653 ]], shape=(1, 18), dtype=float32)"
733,[7 3 1 2 6 4 0 0 0 3 0 0 0 0 0 4 0 0 0 0 0 0 0 0 0],"tf.Tensor([ 1.9482505   1.1587278   0.9411781   1.5837702   0.69687223 10.        ], shape=(6,), dtype=float32)",0.0,[8 1 0 0 0 0 0 1 2 1 6 4 0 0 0 4 0 0 0 0 0 0 0 0 0],False,"tf.Tensor(
[[ 1.9482505   1.1587278   0.9411781   1.5837702   0.69687223  0.2912306
  -0.06606263  1.0444335   1.1020315  -0.13005051  0.7361955  -0.21051206
   1.0332869  -0.3658144   1.045362    1.7911452   0.576864    1.021357  ]], shape=(1, 18), dtype=float32)"
734,[8 1 0 0 0 0 0 1 2 1 6 4 0 0 0 4 0 0 0 0 0 0 0 0 0],[0 0 0 0 1 0],0.1,[8 2 6 0 0 0 0 1 6 2 2 0 0 0 0 4 0 0 0 0 0 0 0 0 0],False,"tf.Tensor(
[[ 1.5835474   1.1375096   0.74346364  0.88103193  1.1182821   0.47415692
   0.10509229  0.5274504   1.4433699   0.11879753  0.3076832  -0.21490233
   1.0368865   0.3661467   0.8268031   1.2234569   0.6467087   0.547689  ]], shape=(1, 18), dtype=float32)"
735,[8 2 6 0 0 0 0 1 6 2 2 0 0 0 0 4 0 0 0 0 0 0 0 0 0],"tf.Tensor([1.7114329 1.2268839 0.5359549 1.3390003 1.7023184 7.       ], shape=(6,), dtype=float32)",0.30000000000000004,[8 3 6 1 6 2 0 0 0 3 0 0 0 0 0 4 0 0 0 0 0 0 0 0 0],False,"tf.Tensor(
[[ 1.7114329   1.2268839   0.5359549   1.3390003   1.7023184   0.66349286
   0.36043313  0.768271    1.084804   -0.35632265  0.26529807 -0.06925698
   1.7545376   0.54097664  0.8868019   1.2707715   1.4555514   0.6080679 ]], shape=(1, 18), dtype=float32)"
736,[8 3 6 1 6 2 0 0 0 3 0 0 0 0 0 4 0 0 0 0 0 0 0 0 0],[ 1  1  1  1  0 12],36.0,[9 1 0 0 0 0 0 3 4 1 3 6 0 0 0 4 0 0 0 0 0 0 0 0 18],False,"tf.Tensor(
[[ 1.8948212   0.82011145  1.024207    1.5450416   1.0751548   0.46222624
   0.61540157  0.7525232   1.2328839  -0.2833941   0.46014506 -0.15802568
   1.4247614  -0.2767793   1.1899626   1.8846811   1.0281032   0.8942678 ]], shape=(1, 18), dtype=float32)"
737,[9 1 0 0 0 0 0 3 4 1 3 6 0 0 0 4 0 0 0 0 0 0 0 0 18],"tf.Tensor([2.763557   0.955682   2.478619   1.5786455  0.92677665 2.        ], shape=(6,), dtype=float32)",0.5,[9 2 6 5 3 6 4 0 0 0 0 0 0 0 0 4 0 0 0 0 0 0 0 0 18],False,"tf.Tensor(
[[ 2.763557    0.955682    2.478619    1.5786455   0.92677665 -0.40085763
   0.6243988   2.1104982   1.9562378   0.50187135  1.3361839   0.6910326
   1.2036693  -0.55859345  1.5854168   1.7558762   1.3802854   0.18814607]], shape=(1, 18), dtype=float32)"
738,[9 2 6 5 3 6 4 0 0 0 0 0 0 0 0 4 0 0 0 0 0 0 0 0 18],"tf.Tensor([ 2.9751756  1.128425   2.7108932  1.9151376  1.4462172 10.       ], shape=(6,), dtype=float32)",0.0,[9 3 6 5 3 6 4 0 0 0 0 0 0 0 0 4 0 0 0 0 0 0 0 0 18],False,"tf.Tensor(
[[ 2.9751756   1.128425    2.7108932   1.9151376   1.4462172   0.08076663
   1.5738373   1.6579909   2.7703123   0.1816761   1.0752627  -0.0180602
   1.9161698  -0.7874877   2.275056    2.9033349   1.2150431   0.7606894 ]], shape=(1, 18), dtype=float32)"
739,[9 3 6 5 3 6 4 0 0 0 0 0 0 0 0 4 0 0 0 0 0 0 0 0 18],[1 0 0 1 1 4],10.0,[10 1 0 0 0 0 0 6 5 3 6 4 0 0 0 4 5 0 0 0 0 0 0 0 18],False,"tf.Tensor(
[[ 2.9880207   1.1027709   2.8141823   1.8923421   1.4752423   0.06268652
   1.6174526   1.6659265   2.848808    0.18619813  1.0927761  -0.01187149
   1.9529083  -0.85570514  2.3130307   2.8692322   1.2569815   0.72082573]], shape=(1, 18), dtype=float32)"
740,[10 1 0 0 0 0 0 6 5 3 6 4 0 0 0 4 5 0 0 0 0 0 0 0 18],"tf.Tensor([3.3142264 1.7326803 2.4470005 1.9701015 1.8226169 3.       ], shape=(6,), dtype=float32)",0.5,[10 2 3 5 6 6 3 0 0 0 0 0 0 0 0 4 5 0 0 0 0 0 0 0 18],False,"tf.Tensor(
[[ 3.3142264   1.7326803   2.4470005   1.9701015   1.8226169   0.2645105
   0.89096457  1.7130543   2.5972614   0.47344303  1.1498789  -0.13932991
   2.2381787   0.34922302  1.907345    2.0758843   2.0847983   0.3784593 ]], shape=(1, 18), dtype=float32)"
741,[10 2 3 5 6 6 3 0 0 0 0 0 0 0 0 4 5 0 0 0 0 0 0 0 18],[1 0 1 0 1 3],0.0,[10 3 3 5 6 6 3 0 0 0 0 0 0 0 0 4 5 0 0 0 0 0 0 0 18],False,"tf.Tensor(
[[ 3.4407568   1.9372181   2.554974    2.0441887   1.8112857   0.3236468
   1.0377992   2.1204586   3.2833931  -0.05155076  1.3148894   0.03018744
   1.7639265  -0.80267763  2.1059778   3.3453302   0.97460294  1.0142125 ]], shape=(1, 18), dtype=float32)"
742,[10 3 3 5 6 6 3 0 0 0 0 0 0 0 0 4 5 0 0 0 0 0 0 0 18],"tf.Tensor([3.4607723 1.8690776 2.718578  2.0108316 1.793154  3.       ], shape=(6,), dtype=float32)",-8.0,[11 1 0 0 0 0 0 3 5 6 6 3 0 0 0 0 5 0 0 0 0 0 0 0 18],False,"tf.Tensor(
[[ 3.4607723   1.8690776   2.718578    2.0108316   1.793154    0.25955513
   1.0608407   2.154881    3.3316073  -0.04121288  1.3839278   0.05646142
   1.8035157  -0.8466834   2.139404    3.2704918   0.9843217   0.93003255]], shape=(1, 18), dtype=float32)"
743,[11 1 0 0 0 0 0 3 5 6 6 3 0 0 0 0 5 0 0 0 0 0 0 0 18],"tf.Tensor([3.732095  1.8824958 3.0900333 2.0292063 1.9685457 3.       ], shape=(6,), dtype=float32)",0.5,[11 2 2 4 5 4 2 0 0 0 0 0 0 0 0 0 5 0 0 0 0 0 0 0 18],False,"tf.Tensor(
[[ 3.732095    1.8824958   3.0900333   2.0292063   1.9685457   0.6861677
   1.6293101   1.5744455   3.3704457   0.26905555  1.5575405  -0.33056524
   2.492578    1.2107133   1.7346346   2.6273413   2.2085762  -0.06745909]], shape=(1, 18), dtype=float32)"
744,[11 2 2 4 5 4 2 0 0 0 0 0 0 0 0 0 5 0 0 0 0 0 0 0 18],"tf.Tensor([3.703408  2.0871463 3.008972  1.8774636 1.7010328 3.       ], shape=(6,), dtype=float32)",0.0,[11 3 2 4 5 4 2 0 0 0 0 0 0 0 0 0 5 0 0 0 0 0 0 0 18],False,"tf.Tensor(
[[ 3.7034080e+00  2.0871463e+00  3.0089719e+00  1.8774636e+00
   1.7010328e+00  3.4210303e-01  1.4931990e+00  2.0691497e+00
   4.0731864e+00  3.8042933e-01  1.6464036e+00 -3.9989203e-03
   1.5652158e+00 -1.4923608e-01  1.9711797e+00  3.4971991e+00
   6.8852890e-01  7.8566176e-01]], shape=(1, 18), dtype=float32)"
745,[11 3 2 4 5 4 2 0 0 0 0 0 0 0 0 0 5 0 0 0 0 0 0 0 18],"tf.Tensor([3.7031214 2.0168262 3.142853  1.8393791 1.7024865 3.       ], shape=(6,), dtype=float32)",16.0,[12 1 0 0 0 0 0 2 4 5 4 2 0 0 0 8 5 0 0 0 0 0 0 0 18],False,"tf.Tensor(
[[ 3.7031214   2.0168262   3.142853    1.8393791   1.7024865   0.28669938
   1.5111005   2.0881553   4.1217933   0.37715518  1.6974922   0.01331267
   1.6039171  -0.21638149  1.9993148   3.415309    0.70577455  0.7047644 ]], shape=(1, 18), dtype=float32)"
746,[12 1 0 0 0 0 0 2 4 5 4 2 0 0 0 8 5 0 0 0 0 0 0 0 18],"tf.Tensor([2.6209607 0.8716856 1.9724543 1.6760639 1.1619598 3.       ], shape=(6,), dtype=float32)",0.4,[12 2 5 2 2 3 0 0 1 0 0 0 0 0 0 8 5 0 0 0 0 0 0 0 18],False,"tf.Tensor(
[[ 2.6209607   0.8716856   1.9724543   1.6760639   1.1619598  -0.21616746
   0.78105587  1.7935717   1.8925514   0.6562966   0.9844483   0.24253748
   1.4111879  -0.57721126  1.7335465   1.8689023   1.3883915   0.5303883 ]], shape=(1, 18), dtype=float32)"
747,[12 2 5 2 2 3 0 0 1 0 0 0 0 0 0 8 5 0 0 0 0 0 0 0 18],"tf.Tensor([ 2.2730315   0.45774388  2.3336465   1.4999195   1.0722804  10.        ], shape=(6,), dtype=float32)",0.0,[12 3 5 2 2 3 0 0 6 0 0 0 0 0 0 8 5 0 0 0 0 0 0 0 18],False,"tf.Tensor(
[[ 2.2730315   0.45774388  2.3336465   1.4999195   1.0722804  -0.09566252
   1.2691631   1.7356544   2.0469046   0.27500835  0.69470596  0.3349372
   1.4473618  -1.5205948   2.2328014   2.340056    1.1004133   0.64603823]], shape=(1, 18), dtype=float32)"
748,[12 3 5 2 2 3 0 0 6 0 0 0 0 0 0 8 5 0 0 0 0 0 0 0 18],"tf.Tensor([ 2.299565    0.93298215  2.3205836   1.6043319   1.7493939  10.        ], shape=(6,), dtype=float32)",0.0,[13 1 0 0 0 0 0 5 4 2 2 3 0 0 0 8 5 0 0 0 0 0 0 0 18],False,"tf.Tensor(
[[ 2.299565    0.93298215  2.3205836   1.6043319   1.7493939  -0.0865501
   1.365773    1.8502433   2.2418268  -0.06597821  0.680195   -0.02014225
   1.9794933  -1.3364236   1.9525616   2.4746394   1.4635447   0.41661212]], shape=(1, 18), dtype=float32)"
749,[13 1 0 0 0 0 0 5 4 2 2 3 0 0 0 8 5 0 0 0 0 0 0 0 18],"tf.Tensor([2.5453682 1.0316103 1.83141   1.6805887 1.1827135 9.       ], shape=(6,), dtype=float32)",0.5,[13 2 3 2 1 5 3 0 0 0 0 0 0 0 0 8 5 0 0 0 0 0 0 0 18],False,"tf.Tensor(
[[ 2.5453682   1.0316103   1.83141     1.6805887   1.1827135  -0.30088037
   0.65646726  1.8309776   1.8964908   0.5937328   0.76195323  0.15757416
   1.4301201  -0.8925824   2.0088205   1.6952614   1.5604714   0.6441459 ]], shape=(1, 18), dtype=float32)"
750,[13 2 3 2 1 5 3 0 0 0 0 0 0 0 0 8 5 0 0 0 0 0 0 0 18],"tf.Tensor([ 2.6897678  0.926044   2.2883935  1.657866   1.2074761 10.       ], shape=(6,), dtype=float32)",0.0,[13 3 3 2 1 5 3 0 0 0 0 0 0 0 0 8 5 0 0 0 0 0 0 0 18],False,"tf.Tensor(
[[ 2.6897678   0.926044    2.2883935   1.657866    1.2074761   0.05568715
   1.0649881   1.8289174   2.4023058   0.12423323  0.9875337   0.31399205
   1.3791256  -1.2687404   2.0885475   2.587895    0.9928062   0.8071516 ]], shape=(1, 18), dtype=float32)"
751,[13 3 3 2 1 5 3 0 0 0 0 0 0 0 0 8 5 0 0 0 0 0 0 0 18],"tf.Tensor([ 2.6738517  0.9027317  2.446067   1.6365446  1.2121196 10.       ], shape=(6,), dtype=float32)",0.0,[14 1 0 0 0 0 0 3 2 1 5 3 0 0 0 8 5 0 0 0 0 0 0 0 18],True,"tf.Tensor(
[[ 2.6738517   0.9027317   2.446067    1.6365446   1.2121196   0.02148326
   1.1307032   1.7943556   2.4900289   0.15079306  1.0057262   0.2723553
   1.4572091  -1.3123901   2.1517167   2.5415947   1.0024853   0.75981706]], shape=(1, 18), dtype=float32)"
752,[1 1 0 0 0 0 0 4 5 5 4 1 0 0 0 0 0 0 0 0 0 0 0 0 0],"tf.Tensor([1.4938815 1.11544   1.0346799 1.0664667 1.1490785 7.       ], shape=(6,), dtype=float32)",0.5,[1 2 4 5 5 4 1 0 0 0 0 0 0 0 0 0 0 0 0 0 0 0 0 0 0],False,"tf.Tensor(
[[ 1.4938815   1.11544     1.0346799   1.0664667   1.1490785   0.23676385
   0.26535386  0.47938162  0.9913088   0.06214369  0.72095704 -0.15824309
   1.2986164   0.6467818   0.735099    1.1802784   0.9092501   0.2759815 ]], shape=(1, 18), dtype=float32)"
753,[1 2 4 5 5 4 1 0 0 0 0 0 0 0 0 0 0 0 0 0 0 0 0 0 0],"tf.Tensor([ 1.6821367  0.9274653  1.3828809  1.2485517  1.3857358 10.       ], shape=(6,), dtype=float32)",0.0,[1 3 4 5 5 4 1 0 0 0 0 0 0 0 0 0 0 0 0 0 0 0 0 0 0],False,"tf.Tensor(
[[ 1.6821367   0.9274653   1.3828809   1.2485517   1.3857358   0.15659595
   0.7950377   0.75687003  1.5870221  -0.18581545  0.592689   -0.08832676
   1.2684134  -0.4502882   1.2258648   1.9466859   0.8184753   0.5796046 ]], shape=(1, 18), dtype=float32)"
754,[1 3 4 5 5 4 1 0 0 0 0 0 0 0 0 0 0 0 0 0 0 0 0 0 0],"tf.Tensor([ 1.742132    0.90052664  1.4543476   1.2496278   1.4197019  10.        ], shape=(6,), dtype=float32)",0.0,[2 1 0 0 0 0 0 4 5 5 4 1 0 0 0 0 0 0 0 0 0 0 0 0 0],False,"tf.Tensor(
[[ 1.742132    0.90052664  1.4543476   1.2496278   1.4197019   0.16809684
   0.8049567   0.77551734  1.6278446  -0.19563067  0.6431699  -0.11475921
   1.3343577  -0.46600568  1.2512344   1.9507154   0.83772147  0.5826444 ]], shape=(1, 18), dtype=float32)"
755,[2 1 0 0 0 0 0 4 5 5 4 1 0 0 0 0 0 0 0 0 0 0 0 0 0],"tf.Tensor([1.591553  1.1556295 1.0257932 1.1306946 1.190459  7.       ], shape=(6,), dtype=float32)",0.5,[2 2 5 4 4 1 3 0 0 0 0 0 0 0 0 0 0 0 0 0 0 0 0 0 0],False,"tf.Tensor(
[[ 1.591553    1.1556295   1.0257932   1.1306946   1.190459    0.36296666
   0.391759    0.507445    1.0899099   0.00174186  0.6444539  -0.11144362
   1.3487755   0.7708066   0.7275065   1.2217038   1.0969309   0.28086257]], shape=(1, 18), dtype=float32)"
756,[2 2 5 4 4 1 3 0 0 0 0 0 0 0 0 0 0 0 0 0 0 0 0 0 0],"tf.Tensor([ 1.5319802  1.1265677  1.1240474  1.1526951  1.4584194 10.       ], shape=(6,), dtype=float32)",0.0,[2 3 5 4 4 1 3 0 0 0 0 0 0 0 0 0 0 0 0 0 0 0 0 0 0],False,"tf.Tensor(
[[ 1.5319802   1.1265677   1.1240474   1.1526951   1.4584194   0.25813854
   0.33959877  0.50163496  1.4302607   0.10426462  0.52972144 -0.37473047
   1.4094442   0.09300242  1.1093947   1.4695007   0.76941216  0.55814177]], shape=(1, 18), dtype=float32)"
757,[2 3 5 4 4 1 3 0 0 0 0 0 0 0 0 0 0 0 0 0 0 0 0 0 0],"tf.Tensor([1.5887886 1.1537982 1.2404467 1.1791791 1.5046179 3.       ], shape=(6,), dtype=float32)",16.0,[3 1 0 0 0 0 0 5 4 4 1 3 0 0 0 8 0 0 0 0 0 0 0 0 0],False,"tf.Tensor(
[[ 1.5887886   1.1537982   1.2404467   1.1791791   1.5046179   0.26460803
   0.37105465  0.5133197   1.539236    0.09259214  0.5617129  -0.43014932
   1.4656914   0.04927195  1.1533946   1.5176144   0.7846916   0.5486026 ]], shape=(1, 18), dtype=float32)"
758,[3 1 0 0 0 0 0 5 4 4 1 3 0 0 0 8 0 0 0 0 0 0 0 0 0],"tf.Tensor([0.8684202  1.2762678  0.36211208 0.8617651  0.749477   7.        ], shape=(6,), dtype=float32)",0.1,[3 2 1 0 0 0 0 3 0 6 1 5 0 0 0 8 0 0 0 0 0 0 0 0 0],False,"tf.Tensor(
[[ 0.8684202   1.2762678   0.36211208  0.8617651   0.749477    0.22578427
  -0.6765684   0.9551995   0.30395004 -0.2588864   0.07854252 -0.6958074
   1.0283043  -0.00390038  0.80025023  0.5821222   1.008139    0.04846828]], shape=(1, 18), dtype=float32)"
759,[3 2 1 0 0 0 0 3 0 6 1 5 0 0 0 8 0 0 0 0 0 0 0 0 0],"tf.Tensor([ 0.91849047  1.0208458   0.4783414   0.7066131   0.570855   11.        ], shape=(6,), dtype=float32)",0.1,[3 3 1 3 0 0 0 0 0 2 1 4 0 0 0 8 0 0 0 0 0 0 0 0 0],False,"tf.Tensor(
[[ 0.91849047  1.0208458   0.4783414   0.7066131   0.570855    0.22669253
  -0.11632478  0.5992601   0.63628894  0.03076231  0.13229899 -0.27506757
   0.8836149   0.01668187  0.97490466  0.41624227  0.99274576  0.14696799]], shape=(1, 18), dtype=float32)"
760,[3 3 1 3 0 0 0 0 0 2 1 4 0 0 0 8 0 0 0 0 0 0 0 0 0],"tf.Tensor([0.81514317 0.7860008  0.25966436 0.81338465 0.31570783 2.        ], shape=(6,), dtype=float32)",6.0,[4 1 0 0 0 0 0 2 1 3 5 4 0 0 3 8 0 0 0 0 0 0 0 0 0],False,"tf.Tensor(
[[ 0.81514317  0.7860008   0.25966436  0.81338465  0.31570783  0.05711822
  -0.40321922  0.9262792   0.03277821 -0.14899279  0.20860688 -0.18000916
   0.67219096 -0.196513    0.61007345  0.6095891   0.6711226   0.25138977]], shape=(1, 18), dtype=float32)"
761,[4 1 0 0 0 0 0 2 1 3 5 4 0 0 3 8 0 0 0 0 0 0 0 0 0],"tf.Tensor([1.2502362  1.1148664  0.6414323  0.8393194  0.79375154 3.        ], shape=(6,), dtype=float32)",0.2,[4 2 4 4 0 0 0 0 0 4 1 2 0 0 3 8 0 0 0 0 0 0 0 0 0],False,"tf.Tensor(
[[ 1.2502362   1.1148664   0.6414323   0.8393194   0.79375154  0.19831556
   0.00440367  0.75624275  1.0667865   0.1737233   0.21635573 -0.40118226
   0.882286   -0.00133763  0.9012023   0.6569321   0.932669    0.23255473]], shape=(1, 18), dtype=float32)"
762,[4 2 4 4 0 0 0 0 0 4 1 2 0 0 3 8 0 0 0 0 0 0 0 0 0],"tf.Tensor([ 0.70676136  0.8890087   0.2028018   0.4423153   0.739142   11.        ], shape=(6,), dtype=float32)",0.0,[4 3 4 4 0 0 0 0 0 6 3 6 0 0 3 8 0 0 0 0 0 0 0 0 0],False,"tf.Tensor(
[[ 0.70676136  0.8890087   0.2028018   0.4423153   0.739142    0.31041652
  -0.03041799  0.86378944  0.44523135 -0.31499326 -0.13538174 -0.03264295
   0.78441995  0.20763615  0.3963922   0.25641456  1.0058126   0.00320556]], shape=(1, 18), dtype=float32)"
763,[4 3 4 4 0 0 0 0 0 6 3 6 0 0 3 8 0 0 0 0 0 0 0 0 0],"tf.Tensor([1.3760241  1.1521493  0.63215625 0.48560104 1.2087078  3.        ], shape=(6,), dtype=float32)",0.0,[5 1 0 0 0 0 0 4 4 4 4 4 0 0 3 8 0 0 0 0 0 0 0 0 0],False,"tf.Tensor(
[[ 1.3760241   1.1521493   0.63215625  0.48560104  1.2087078   0.41296428
   0.45776886  0.7502894   1.2692927  -0.12351231  0.31074166  0.2538987
   0.9962577   0.5879473   0.5774283   0.7039958   1.1051967   0.05795638]], shape=(1, 18), dtype=float32)"
764,[5 1 0 0 0 0 0 4 4 4 4 4 0 0 3 8 0 0 0 0 0 0 0 0 0],"tf.Tensor([ 1.4412372   1.394923    0.6151023   0.99780774  0.821746   11.        ], shape=(6,), dtype=float32)",0.30000000000000004,[5 2 5 4 1 0 0 0 0 2 0 3 0 0 3 8 0 0 0 0 0 0 0 0 0],False,"tf.Tensor(
[[ 1.4412372   1.394923    0.6151023   0.99780774  0.821746    0.37834144
  -0.18865646  0.9969542   0.92884034 -0.08544077  0.16508697 -0.42049077
   1.1382209   0.01869822  1.127987    0.8584574   1.1431485   0.31290436]], shape=(1, 18), dtype=float32)"
765,[5 2 5 4 1 0 0 0 0 2 0 3 0 0 3 8 0 0 0 0 0 0 0 0 0],[0 0 0 1 1 4],0.1,[5 3 5 4 1 3 0 0 0 6 0 0 0 0 3 8 0 0 0 0 0 0 0 0 0],False,"tf.Tensor(
[[ 0.92846316  0.9859589   0.25076762  0.48750645  0.8690687   0.31954622
  -0.01589007  0.8999043   0.6084924  -0.23042803 -0.01602015  0.06871305
   0.9043057   0.2085841   0.47937003  0.35554007  1.1140984  -0.0106708 ]], shape=(1, 18), dtype=float32)"
766,[5 3 5 4 1 3 0 0 0 6 0 0 0 0 3 8 0 0 0 0 0 0 0 0 0],"tf.Tensor([ 1.0865664   1.1218414   0.30619237  0.5675944   0.9710136  11.        ], shape=(6,), dtype=float32)",0.0,[6 1 0 0 0 0 0 5 4 3 1 6 0 0 3 8 0 0 0 0 0 0 0 0 0],False,"tf.Tensor(
[[ 1.0865664   1.1218414   0.30619237  0.5675944   0.9710136   0.5508495
   0.00935664  0.8051432   0.87760466 -0.33196107 -0.07677072 -0.1027417
   0.9831101   0.3372144   0.5235529   0.38464078  1.2436812   0.05369185]], shape=(1, 18), dtype=float32)"
767,[6 1 0 0 0 0 0 5 4 3 1 6 0 0 3 8 0 0 0 0 0 0 0 0 0],"tf.Tensor([ 1.4120266   1.53824     0.76936924  0.7740616   0.9979249  11.        ], shape=(6,), dtype=float32)",0.30000000000000004,[6 2 3 2 1 0 0 0 0 4 4 0 0 0 3 8 0 0 0 0 0 0 0 0 0],False,"tf.Tensor(
[[ 1.4120266   1.53824     0.76936924  0.7740616   0.9979249   0.27489722
   0.00154272  1.1793127   1.1193286   0.02236697  0.11199923 -0.36119577
   1.2261676   0.13407764  1.3030481   0.7356934   1.3741423   0.00659369]], shape=(1, 18), dtype=float32)"
768,[6 2 3 2 1 0 0 0 0 4 4 0 0 0 3 8 0 0 0 0 0 0 0 0 0],[1 1 0 0 1 7],0.0,[6 3 3 2 1 0 0 0 0 5 4 0 0 0 3 8 0 0 0 0 0 0 0 0 0],False,"tf.Tensor(
[[ 1.1820337   0.82524157  0.22990608  0.7957709   0.767815    0.5892587
   0.18366717  0.5275291   0.78223336 -0.23417483 -0.06605993  0.03477266
   0.900812    0.3242678   0.5493369   0.6252532   0.98165053  0.5340477 ]], shape=(1, 18), dtype=float32)"
769,[6 3 3 2 1 0 0 0 0 5 4 0 0 0 3 8 0 0 0 0 0 0 0 0 0],[1 1 1 0 1 0],1.0,[7 1 0 0 0 0 0 3 2 3 4 1 1 0 3 8 0 0 0 0 0 0 0 0 0],False,"tf.Tensor(
[[ 1.2659564   0.82966393  0.34910357  0.7980637   0.7637878   0.61489344
   0.30232924  0.5947732   0.9101637  -0.23231854 -0.07136674  0.0493609
   0.93368125  0.38124678  0.6072993   0.6056932   1.0956911   0.47801223]], shape=(1, 18), dtype=float32)"
770,[7 1 0 0 0 0 0 3 2 3 4 1 1 0 3 8 0 0 0 0 0 0 0 0 0],"tf.Tensor([ 1.3150164   1.1828765   0.11225291  0.8923732   0.9443726  11.        ], shape=(6,), dtype=float32)",0.30000000000000004,[7 2 2 1 2 0 0 0 0 6 2 0 1 0 3 8 0 0 0 0 0 0 0 0 0],False,"tf.Tensor(
[[ 1.3150164   1.1828765   0.11225291  0.8923732   0.9443726   0.420474
  -0.15848942  0.7969842   0.76285803 -0.03055188  0.05124541 -0.09211154
   0.9717546   0.31477535  0.67500484  0.63371485  1.1247611   0.420029  ]], shape=(1, 18), dtype=float32)"
771,[7 2 2 1 2 0 0 0 0 6 2 0 1 0 3 8 0 0 0 0 0 0 0 0 0],"tf.Tensor([ 1.2277713   0.80759597  0.23790407  0.879276    0.7610982  11.        ], shape=(6,), dtype=float32)",0.0,[7 3 2 1 2 0 0 0 0 1 4 0 1 0 3 8 0 0 0 0 0 0 0 0 0],False,"tf.Tensor(
[[ 1.2277713   0.80759597  0.23790407  0.879276    0.7610982   0.6617008
   0.25590506  0.54055345  0.7720414  -0.3763867  -0.09572802  0.03915175
   0.99493176  0.2749847   0.6225335   0.68974936  1.1140482   0.5809067 ]], shape=(1, 18), dtype=float32)"
772,[7 3 2 1 2 0 0 0 0 1 4 0 1 0 3 8 0 0 0 0 0 0 0 0 0],"tf.Tensor([1.324565   1.0650673  0.293463   0.96005243 1.0346953  7.        ], shape=(6,), dtype=float32)",0.0,[8 1 0 0 0 0 0 2 1 5 6 2 1 0 3 8 0 0 0 0 0 0 0 0 0],False,"tf.Tensor(
[[ 1.324565    1.0650673   0.293463    0.96005243  1.0346953   0.2786427
  -0.08789144  0.6636236   0.7559924   0.06166524  0.08882374 -0.13486388
   1.0510828   0.22516176  0.71300375  0.89833057  1.0045152   0.50015   ]], shape=(1, 18), dtype=float32)"
773,[8 1 0 0 0 0 0 2 1 5 6 2 1 0 3 8 0 0 0 0 0 0 0 0 0],"tf.Tensor([ 1.6397982   1.0143061   0.3896976   0.90690017  1.0402038  11.        ], shape=(6,), dtype=float32)",0.4,[8 2 1 5 3 3 0 0 0 6 0 0 1 0 3 8 0 0 0 0 0 0 0 0 0],False,"tf.Tensor(
[[ 1.6397982   1.0143061   0.3896976   0.90690017  1.0402038   0.75298226
   0.40107918  0.6010328   1.1901845  -0.15478963  0.03544363  0.11816787
   1.1670166   0.55122286  0.725159    0.83017963  1.3134838   0.5148162 ]], shape=(1, 18), dtype=float32)"
774,[8 2 1 5 3 3 0 0 0 6 0 0 1 0 3 8 0 0 0 0 0 0 0 0 0],"tf.Tensor([ 1.516861    1.4521444   0.35614112  0.9396048   0.9506163  11.        ], shape=(6,), dtype=float32)",0.0,[8 3 1 5 3 3 0 0 0 4 0 0 1 0 3 8 0 0 0 0 0 0 0 0 0],False,"tf.Tensor(
[[ 1.516861    1.4521444   0.35614112  0.9396048   0.9506163   0.53826135
  -0.17026983  1.244117    0.81209147 -0.46178138  0.06987901 -0.08408971
   1.1869437   0.17383176  0.678285    0.7240802   1.4542695   0.2170768 ]], shape=(1, 18), dtype=float32)"
775,[8 3 1 5 3 3 0 0 0 4 0 0 1 0 3 8 0 0 0 0 0 0 0 0 0],"tf.Tensor([ 1.3267974   1.3774028   0.30549806  0.8829835   0.9869016  11.        ], shape=(6,), dtype=float32)",0.0,[9 1 0 0 0 0 0 1 5 6 3 3 1 0 3 8 0 0 0 0 0 0 0 0 0],False,"tf.Tensor(
[[ 1.3267974   1.3774028   0.30549806  0.8829835   0.9869016   0.3836925
  -0.19400051  1.2618998   0.66641533 -0.4076505   0.04411821 -0.07623065
   1.2029442   0.0734074   0.6804939   0.66515326  1.4021963   0.15775613]], shape=(1, 18), dtype=float32)"
776,[9 1 0 0 0 0 0 1 5 6 3 3 1 0 3 8 0 0 0 0 0 0 0 0 0],"tf.Tensor([ 1.8113497   1.3298154   0.46468478  1.1268319   1.0155729  11.        ], shape=(6,), dtype=float32)",0.4,[9 2 4 2 6 2 0 0 0 6 0 0 1 0 3 8 0 0 0 0 0 0 0 0 0],False,"tf.Tensor(
[[ 1.8113497   1.3298154   0.46468478  1.1268319   1.0155729   0.5167316
  -0.06612124  1.1389896   0.94361156 -0.3591693   0.30112237  0.17614049
   1.2839514   0.30474907  0.7519122   0.8865661   1.4047818   0.5075473 ]], shape=(1, 18), dtype=float32)"
777,[9 2 4 2 6 2 0 0 0 6 0 0 1 0 3 8 0 0 0 0 0 0 0 0 0],"tf.Tensor([ 2.0403194   1.5186625   0.28708977  1.3163292   1.0328743  11.        ], shape=(6,), dtype=float32)",0.0,[9 3 4 2 6 2 0 0 0 6 0 0 1 0 3 8 0 0 0 0 0 0 0 0 0],False,"tf.Tensor(
[[ 2.0403194   1.5186625   0.28708977  1.3163292   1.0328743   0.8427073
  -0.08930717  1.0607966   1.040715   -0.48965174  0.17588736  0.04619227
   1.3597711   0.43438706  0.8197062   1.0228347   1.6376969   0.6601624 ]], shape=(1, 18), dtype=float32)"
778,[9 3 4 2 6 2 0 0 0 6 0 0 1 0 3 8 0 0 0 0 0 0 0 0 0],"tf.Tensor([ 2.0206249   1.4784809   0.37733358  1.288138    1.0627384  11.        ], shape=(6,), dtype=float32)",0.0,[10 1 0 0 0 0 0 4 2 5 6 2 1 0 3 8 0 0 0 0 0 0 0 0 0],False,"tf.Tensor(
[[ 2.0206249   1.4784809   0.37733358  1.288138    1.0627384   0.79060996
  -0.03102077  1.0633281   1.0863049  -0.46908307  0.19888215  0.06524425
   1.3970199   0.3824804   0.8590675   1.0137812   1.6348231   0.62532634]], shape=(1, 18), dtype=float32)"
779,[10 1 0 0 0 0 0 4 2 5 6 2 1 0 3 8 0 0 0 0 0 0 0 0 0],"tf.Tensor([ 2.0436478   1.2341366   0.46452892  1.1216894   1.2001708  11.        ], shape=(6,), dtype=float32)",0.4,[10 2 6 3 4 1 0 0 0 1 0 0 1 0 3 8 0 0 0 0 0 0 0 0 0],False,"tf.Tensor(
[[ 2.0436478   1.2341366   0.46452892  1.1216894   1.2001708   0.90668696
   0.40546012  0.81751513  1.3146771  -0.17215626  0.03319876  0.16394064
   1.408047    0.726845    0.9175159   1.0857584   1.5511302   0.65495276]], shape=(1, 18), dtype=float32)"
780,[10 2 6 3 4 1 0 0 0 1 0 0 1 0 3 8 0 0 0 0 0 0 0 0 0],"tf.Tensor([1.5826701  1.0473745  0.45388323 1.2234521  1.152431   7.        ], shape=(6,), dtype=float32)",0.0,[10 3 6 3 4 1 0 0 0 6 0 0 1 0 3 8 0 0 0 0 0 0 0 0 0],False,"tf.Tensor(
[[ 1.5826701   1.0473745   0.45388323  1.2234521   1.152431    0.47038162
   0.12326303  0.9936191   0.79563177 -0.19324915 -0.00362735 -0.01405438
   1.4235187  -0.03402603  1.0285586   1.143434    1.3641376   0.6516451 ]], shape=(1, 18), dtype=float32)"
781,[10 3 6 3 4 1 0 0 0 6 0 0 1 0 3 8 0 0 0 0 0 0 0 0 0],"tf.Tensor([ 2.0108469   1.3210214   0.55289954  1.0410485   1.231289   11.        ], shape=(6,), dtype=float32)",0.0,[11 1 0 0 0 0 0 6 3 4 4 1 1 0 3 8 0 0 0 0 0 0 0 0 0],False,"tf.Tensor(
[[ 2.0108469   1.3210214   0.55289954  1.0410485   1.231289    0.92267394
   0.43383378  0.9168575   1.4926695  -0.33278334  0.05208903  0.14069839
   1.4538735   0.63611114  0.8601228   0.8570778   1.8386987   0.35694355]], shape=(1, 18), dtype=float32)"
782,[11 1 0 0 0 0 0 6 3 4 4 1 1 0 3 8 0 0 0 0 0 0 0 0 0],"tf.Tensor([ 1.9860357   1.2417927   0.32248786  1.2881106   1.2771003  11.        ], shape=(6,), dtype=float32)",0.4,[11 2 3 3 6 3 0 0 0 2 0 0 1 0 3 8 0 0 0 0 0 0 0 0 0],False,"tf.Tensor(
[[ 1.9860357   1.2417927   0.32248786  1.2881106   1.2771003   0.72573364
   0.23137356  0.91352177  1.0327995  -0.16927226  0.05896889  0.30247107
   1.5131038   0.5062661   0.98522633  1.1419334   1.5721661   0.83940834]], shape=(1, 18), dtype=float32)"
783,[11 2 3 3 6 3 0 0 0 2 0 0 1 0 3 8 0 0 0 0 0 0 0 0 0],"tf.Tensor([ 2.0916317   1.583076    0.44167322  1.629396    1.187654   10.        ], shape=(6,), dtype=float32)",0.0,[11 3 3 3 6 3 0 0 0 4 0 0 1 0 3 8 0 0 0 0 0 0 0 0 0],False,"tf.Tensor(
[[ 2.0916317   1.583076    0.44167322  1.629396    1.187654    0.6330246
  -0.11246385  1.3574018   1.0607426  -0.34574455  0.15915631 -0.27150837
   1.3550342  -0.18574089  1.1577226   1.6782596   1.4260169   0.8764949 ]], shape=(1, 18), dtype=float32)"
784,[11 3 3 3 6 3 0 0 0 4 0 0 1 0 3 8 0 0 0 0 0 0 0 0 0],"tf.Tensor([ 2.2208192   1.6548985   0.58514065  1.5788575   1.1446764  11.        ], shape=(6,), dtype=float32)",0.0,[12 1 0 0 0 0 0 3 3 5 6 3 1 0 3 8 0 0 0 0 0 0 0 0 0],False,"tf.Tensor(
[[ 2.2208192   1.6548985   0.58514065  1.5788575   1.1446764   0.5997206
  -0.08663939  1.457738    1.0658612  -0.40523785  0.26439053 -0.11392627
   1.4672843   0.01794118  1.1105329   1.4993218   1.5783031   0.7619974 ]], shape=(1, 18), dtype=float32)"
785,[12 1 0 0 0 0 0 3 3 5 6 3 1 0 3 8 0 0 0 0 0 0 0 0 0],"tf.Tensor([ 2.3658712  1.3827927  0.6482096  1.2097182  1.3835047 11.       ], shape=(6,), dtype=float32)",0.4,[12 2 4 3 6 2 0 0 0 2 0 0 1 0 3 8 0 0 0 0 0 0 0 0 0],False,"tf.Tensor(
[[ 2.3658712   1.3827927   0.6482096   1.2097182   1.3835047   0.95310235
   0.5697347   1.0102434   1.5777336  -0.2034455   0.14586037  0.29950497
   1.652302    0.857041    1.0256876   1.2227278   1.7825841   0.64025325]], shape=(1, 18), dtype=float32)"
786,[12 2 4 3 6 2 0 0 0 2 0 0 1 0 3 8 0 0 0 0 0 0 0 0 0],"tf.Tensor([ 2.0893052   1.4522312   0.48966956  1.5709927   1.3273108  10.        ], shape=(6,), dtype=float32)",0.0,[12 3 4 3 6 2 0 0 0 5 0 0 1 0 3 8 0 0 0 0 0 0 0 0 0],False,"tf.Tensor(
[[ 2.0893052   1.4522312   0.48966956  1.5709927   1.3273108   0.64744747
   0.05864323  1.2947977   1.1075971  -0.33134097  0.10988982 -0.10709427
   1.4822767  -0.1058392   1.1645414   1.6643466   1.4759566   0.88601804]], shape=(1, 18), dtype=float32)"
787,[12 3 4 3 6 2 0 0 0 5 0 0 1 0 3 8 0 0 0 0 0 0 0 0 0],"tf.Tensor([ 2.4004211  1.4312477  0.7525379  1.5459498  1.2063195 11.       ], shape=(6,), dtype=float32)",0.0,[13 1 0 0 0 0 0 4 3 5 6 2 1 0 3 8 0 0 0 0 0 0 0 0 0],False,"tf.Tensor(
[[ 2.4004211   1.4312477   0.7525379   1.5459498   1.2063195   0.74980175
   0.25539297  1.2708898   1.3195071  -0.3916797   0.32944906  0.12878361
   1.6033925   0.26115233  1.1118658   1.4405257   1.7721527   0.7435805 ]], shape=(1, 18), dtype=float32)"
788,[13 1 0 0 0 0 0 4 3 5 6 2 1 0 3 8 0 0 0 0 0 0 0 0 0],"tf.Tensor([ 2.4269047   1.3634284   0.57774276  1.3598545   1.5346277  11.        ], shape=(6,), dtype=float32)",0.4,[13 2 6 3 2 1 0 0 0 2 0 0 1 0 3 8 0 0 0 0 0 0 0 0 0],False,"tf.Tensor(
[[ 2.4269047   1.3634284   0.57774276  1.3598545   1.5346277   1.0041084
   0.6344356   0.97247666  1.5156676  -0.26434427  0.0629137   0.38009718
   1.7461271   0.89687794  1.0505862   1.3551801   1.9335822   0.76333123]], shape=(1, 18), dtype=float32)"
789,[13 2 6 3 2 1 0 0 0 2 0 0 1 0 3 8 0 0 0 0 0 0 0 0 0],"tf.Tensor([ 1.7660522   1.092757    0.48389488  1.1340357   1.32507    11.        ], shape=(6,), dtype=float32)",0.0,[13 3 6 3 2 1 0 0 0 1 0 0 1 0 3 8 0 0 0 0 0 0 0 0 0],False,"tf.Tensor(
[[ 1.7660522   1.092757    0.48389488  1.1340357   1.32507     0.7197581
   0.4466715   1.0198687   1.0898799  -0.2714291  -0.11182383  0.1490187
   1.595311    0.3311722   0.97372055  1.0712528   1.7419994   0.47266805]], shape=(1, 18), dtype=float32)"
790,[13 3 6 3 2 1 0 0 0 1 0 0 1 0 3 8 0 0 0 0 0 0 0 0 0],"tf.Tensor([ 1.727205    1.1769733   0.49748543  1.1450167   1.4092257  11.        ], shape=(6,), dtype=float32)",0.0,[14 1 0 0 0 0 0 6 3 2 2 1 1 0 3 8 0 0 0 0 0 0 0 0 0],True,"tf.Tensor(
[[ 1.727205    1.1769733   0.49748543  1.1450167   1.4092257   0.613695
   0.33180648  1.1508511   1.0500416  -0.19645226 -0.131266    0.06273443
   1.6293424   0.25063637  1.0213321   1.0798671   1.7318089   0.42698336]], shape=(1, 18), dtype=float32)"
791,[1 1 0 0 0 0 0 5 6 2 1 4 0 0 0 0 0 0 0 0 0 0 0 0 0],"tf.Tensor([ 1.3882462  1.1782615  1.0255798  0.9569556  1.0849528 10.       ], shape=(6,), dtype=float32)",0.5,[1 2 5 6 2 1 4 0 0 0 0 0 0 0 0 0 0 0 0 0 0 0 0 0 0],False,"tf.Tensor(
[[ 1.3882462   1.1782615   1.0255798   0.9569556   1.0849528  -0.02978633
   0.14034882  0.6463413   1.0255646   0.02503648  0.7096315  -0.169052
   1.0647454   0.16468921  0.7612879   1.0779716   0.5489908   0.3685658 ]], shape=(1, 18), dtype=float32)"
792,[1 2 5 6 2 1 4 0 0 0 0 0 0 0 0 0 0 0 0 0 0 0 0 0 0],"tf.Tensor([ 1.4542574  1.1793247  1.1914022  1.1341717  1.4905467 10.       ], shape=(6,), dtype=float32)",0.0,[1 3 5 6 2 1 4 0 0 0 0 0 0 0 0 0 0 0 0 0 0 0 0 0 0],False,"tf.Tensor(
[[ 1.4542574   1.1793247   1.1914022   1.1341717   1.4905467   0.18618092
   0.42944768  0.3678522   1.3980521   0.03284999  0.5737964  -0.3790213
   1.4796964   0.11342252  1.1209033   1.6496876   0.67583275  0.5640317 ]], shape=(1, 18), dtype=float32)"
793,[1 3 5 6 2 1 4 0 0 0 0 0 0 0 0 0 0 0 0 0 0 0 0 0 0],"tf.Tensor([ 1.5346555  1.2010134  1.294955   1.1777399  1.5175378 10.       ], shape=(6,), dtype=float32)",0.0,[2 1 0 0 0 0 0 5 6 2 1 4 0 0 0 0 0 0 0 0 0 0 0 0 0],False,"tf.Tensor(
[[ 1.5346555   1.2010134   1.294955    1.1777399   1.5175378   0.22175848
   0.46000025  0.4057325   1.5127261   0.02382515  0.6102998  -0.4365517
   1.5274582   0.08936068  1.1556859   1.6636415   0.7285317   0.54419464]], shape=(1, 18), dtype=float32)"
794,[2 1 0 0 0 0 0 5 6 2 1 4 0 0 0 0 0 0 0 0 0 0 0 0 0],"tf.Tensor([1.4142569  1.2260804  0.9845878  0.93957776 1.2066811  7.        ], shape=(6,), dtype=float32)",0.5,[2 2 5 2 1 4 5 0 0 0 0 0 0 0 0 0 0 0 0 0 0 0 0 0 0],False,"tf.Tensor(
[[ 1.4142569   1.2260804   0.9845878   0.93957776  1.2066811   0.04588971
   0.18280807  0.6275213   1.0966984   0.01167291  0.67221487 -0.11357249
   1.1399      0.26753885  0.73175335  1.0721498   0.64416015  0.37328583]], shape=(1, 18), dtype=float32)"
795,[2 2 5 2 1 4 5 0 0 0 0 0 0 0 0 0 0 0 0 0 0 0 0 0 0],"tf.Tensor([1.1376477  1.147923   0.75542307 0.884628   1.4619639  7.        ], shape=(6,), dtype=float32)",0.0,[2 3 5 2 1 4 5 0 0 0 0 0 0 0 0 0 0 0 0 0 0 0 0 0 0],False,"tf.Tensor(
[[ 1.1376477   1.147923    0.75542307  0.884628    1.4619639   0.39309105
   0.5373178   0.13646477  1.2841928  -0.1514468   0.432554   -0.16748089
   1.3844746   0.36781245  0.78879094  1.1769006   0.9253426   0.42038348]], shape=(1, 18), dtype=float32)"
796,[2 3 5 2 1 4 5 0 0 0 0 0 0 0 0 0 0 0 0 0 0 0 0 0 0],"tf.Tensor([1.1947359 1.1013776 0.8418671 0.905029  1.5071802 7.       ], shape=(6,), dtype=float32)",0.0,[3 1 0 0 0 0 0 5 2 1 4 5 0 0 0 0 0 0 0 0 0 0 0 0 0],False,"tf.Tensor(
[[ 1.1947359   1.1013776   0.8418671   0.905029    1.5071802   0.412564
   0.51964515  0.14534473  1.3094394  -0.16111068  0.44276434 -0.189699
   1.4263968   0.3129199   0.829531    1.1863315   0.95641595  0.42022815]], shape=(1, 18), dtype=float32)"
797,[3 1 0 0 0 0 0 5 2 1 4 5 0 0 0 0 0 0 0 0 0 0 0 0 0],[1 1 1 0 1 0],0.4,[3 2 2 2 6 2 0 0 0 0 4 0 0 0 0 0 0 0 0 0 0 0 0 0 0],False,"tf.Tensor(
[[ 1.2927145   1.0943247   0.8659923   0.39160565  1.2946619   0.7904642
   0.94136524  0.24555871  1.6101183  -0.4311981   0.2104155  -0.04031609
   1.2279348   0.6045      0.754234    0.8491306   1.252252   -0.02332062]], shape=(1, 18), dtype=float32)"
798,[3 2 2 2 6 2 0 0 0 0 4 0 0 0 0 0 0 0 0 0 0 0 0 0 0],"tf.Tensor([ 1.371132    0.75904244  1.078552    1.3882285   0.6132859  10.        ], shape=(6,), dtype=float32)",0.1,[3 3 2 2 6 2 4 0 0 0 0 0 0 0 0 0 0 0 0 0 0 0 0 0 0],False,"tf.Tensor(
[[ 1.371132    0.75904244  1.078552    1.3882285   0.6132859  -0.1857354
   0.09923296  0.85582787  0.7165313  -0.06967665  0.73871905  0.04968353
   0.9415395  -0.55997396  1.0624981   1.5758711   0.47046515  0.67889065]], shape=(1, 18), dtype=float32)"
799,[3 3 2 2 6 2 4 0 0 0 0 0 0 0 0 0 0 0 0 0 0 0 0 0 0],"tf.Tensor([ 1.690566   1.1425481  1.3551221  1.4015311  1.0868415 10.       ], shape=(6,), dtype=float32)",0.0,[4 1 0 0 0 0 0 2 2 6 4 2 0 0 0 0 0 0 0 0 0 0 0 0 0],False,"tf.Tensor(
[[ 1.690566    1.1425481   1.3551221   1.4015311   1.0868415   0.00281348
   0.09723119  0.8219426   1.2437395   0.07013004  0.8051377  -0.3581647
   1.3589103  -0.22490367  1.1875235   1.5728432   0.6294871   0.6477207 ]], shape=(1, 18), dtype=float32)"
800,[4 1 0 0 0 0 0 2 2 6 4 2 0 0 0 0 0 0 0 0 0 0 0 0 0],"tf.Tensor([ 1.7604755  1.0540416  1.1163003  1.0696265  1.1941199 11.       ], shape=(6,), dtype=float32)",0.5,[4 2 1 1 4 5 4 0 0 0 0 0 0 0 0 0 0 0 0 0 0 0 0 0 0],False,"tf.Tensor(
[[ 1.7604755   1.0540416   1.1163003   1.0696265   1.1941199   0.63238585
   0.9035625   0.3706891   1.3272799  -0.20536964  0.400734    0.06307812
   1.3502716   1.0633354   0.7637617   1.3229291   1.5674678   0.09610854]], shape=(1, 18), dtype=float32)"
801,[4 2 1 1 4 5 4 0 0 0 0 0 0 0 0 0 0 0 0 0 0 0 0 0 0],"tf.Tensor([ 1.4335303   1.0546207   1.1506476   1.2420069   0.81227565 10.        ], shape=(6,), dtype=float32)",0.0,[4 3 1 1 4 5 4 0 0 0 0 0 0 0 0 0 0 0 0 0 0 0 0 0 0],False,"tf.Tensor(
[[ 1.4335303   1.0546207   1.1506476   1.2420069   0.81227565 -0.12882093
   0.06334248  0.82688254  0.95315576  0.06717551  0.81583995 -0.2752811
   1.146365   -0.15493879  0.9280582   1.4044168   0.34882233  0.61197895]], shape=(1, 18), dtype=float32)"
802,[4 3 1 1 4 5 4 0 0 0 0 0 0 0 0 0 0 0 0 0 0 0 0 0 0],"tf.Tensor([ 1.4441676  1.0309398  1.2105372  1.2334857  0.8742663 10.       ], shape=(6,), dtype=float32)",0.0,[5 1 0 0 0 0 0 1 1 4 5 4 0 0 0 0 0 0 0 0 0 0 0 0 0],False,"tf.Tensor(
[[ 1.4441676   1.0309398   1.2105372   1.2334857   0.8742663  -0.11531613
   0.12052612  0.81068784  1.0194092   0.05664298  0.8190699  -0.28248483
   1.1790433  -0.17558858  0.93722045  1.4423847   0.35716698  0.5989878 ]], shape=(1, 18), dtype=float32)"
803,[5 1 0 0 0 0 0 1 1 4 5 4 0 0 0 0 0 0 0 0 0 0 0 0 0],"tf.Tensor([ 1.6683925   1.3076305   0.98481965  0.7182605   1.2843454  11.        ], shape=(6,), dtype=float32)",0.4,[5 2 6 5 2 5 0 0 0 0 2 0 0 0 0 0 0 0 0 0 0 0 0 0 0],False,"tf.Tensor(
[[ 1.6683925   1.3076305   0.98481965  0.7182605   1.2843454   0.6150115
   1.1572628   0.3409021   1.5628366  -0.19005556  0.31729466  0.30552796
   1.206148    1.4522996   0.7338393   1.1005635   1.7005587  -0.19155619]], shape=(1, 18), dtype=float32)"
804,[5 2 6 5 2 5 0 0 0 0 2 0 0 0 0 0 0 0 0 0 0 0 0 0 0],"tf.Tensor([ 1.7745839  0.9536755  1.2302659  1.210871   1.5934376 10.       ], shape=(6,), dtype=float32)",0.1,[5 3 6 5 2 5 2 0 0 0 0 0 0 0 0 0 0 0 0 0 0 0 0 0 0],False,"tf.Tensor(
[[ 1.7745839   0.9536755   1.2302659   1.210871    1.5934376   0.24204344
   0.67133135  0.80324304  1.4541737  -0.08291836  0.53815556  0.01673258
   1.4918299  -0.08833105  1.0403637   1.7386291   0.931451    0.65425533]], shape=(1, 18), dtype=float32)"
805,[5 3 6 5 2 5 2 0 0 0 0 0 0 0 0 0 0 0 0 0 0 0 0 0 0],"tf.Tensor([1.9249727 1.2289542 1.3900816 1.2195848 1.929403  3.       ], shape=(6,), dtype=float32)",0.0,[6 1 0 0 0 0 0 6 5 2 1 5 0 0 0 0 0 0 0 0 0 0 0 0 0],False,"tf.Tensor(
[[ 1.9249727   1.2289542   1.3900816   1.2195848   1.929403    0.37717023
   0.6964877   0.72550565  1.8383394  -0.08763294  0.56786865 -0.13835302
   1.708444    0.11129118  1.0544667   1.7638458   1.05089     0.5985696 ]], shape=(1, 18), dtype=float32)"
806,[6 1 0 0 0 0 0 6 5 2 1 5 0 0 0 0 0 0 0 0 0 0 0 0 0],"tf.Tensor([1.6934909  1.5668485  0.8823962  0.89202684 1.6588029  7.        ], shape=(6,), dtype=float32)",0.30000000000000004,[6 2 6 1 6 0 0 0 0 1 3 0 0 0 0 0 0 0 0 0 0 0 0 0 0],False,"tf.Tensor(
[[ 1.6934909   1.5668485   0.8823962   0.89202684  1.6588029   0.5440132
   0.46458605  0.68567854  1.4049758  -0.18147846  0.48122346 -0.04629583
   1.59758     0.7993712   0.9161833   1.1945958   1.1780581   0.35810342]], shape=(1, 18), dtype=float32)"
807,[6 2 6 1 6 0 0 0 0 1 3 0 0 0 0 0 0 0 0 0 0 0 0 0 0],"tf.Tensor([ 1.8537554  0.9911496  1.1613376  1.4791373  1.3153287 10.       ], shape=(6,), dtype=float32)",0.2,[6 3 6 1 6 1 3 0 0 0 0 0 0 0 0 0 0 0 0 0 0 0 0 0 0],False,"tf.Tensor(
[[ 1.8537554   0.9911496   1.1613376   1.4791373   1.3153287   0.16718069
   0.61131436  0.82003736  1.2699864  -0.08159474  0.66272783 -0.06688656
   1.4908481  -0.10834762  1.247386    2.0609777   0.81345344  0.8228751 ]], shape=(1, 18), dtype=float32)"
808,[6 3 6 1 6 1 3 0 0 0 0 0 0 0 0 0 0 0 0 0 0 0 0 0 0],"tf.Tensor([ 1.8781843  1.1544944  1.3213223  1.6150355  1.5892853 10.       ], shape=(6,), dtype=float32)",0.0,[7 1 0 0 0 0 0 6 1 5 6 6 0 0 0 0 0 0 0 0 0 0 0 0 0],False,"tf.Tensor(
[[ 1.8781843   1.1544944   1.3213223   1.6150355   1.5892853   0.18128031
   0.58405435  0.7515474   1.379975   -0.18893836  0.7614409  -0.21650289
   1.7538453  -0.20283896  1.276712    2.183301    0.8121595   0.9223771 ]], shape=(1, 18), dtype=float32)"
809,[7 1 0 0 0 0 0 6 1 5 6 6 0 0 0 0 0 0 0 0 0 0 0 0 0],"tf.Tensor([2.3770788 1.8716881 1.2438846 0.7993719 1.9565326 3.       ], shape=(6,), dtype=float32)",0.4,[7 2 6 5 3 2 0 0 0 0 3 0 0 0 0 0 0 0 0 0 0 0 0 0 0],False,"tf.Tensor(
[[ 2.3770788   1.8716881   1.2438846   0.7993719   1.9565326   1.3274214
   1.5872108   0.57942605  2.471971   -0.4834204   0.27284026  0.1293855
   1.9951001   1.7670602   1.1842215   1.3341432   2.4110699  -0.20426631]], shape=(1, 18), dtype=float32)"
810,[7 2 6 5 3 2 0 0 0 0 3 0 0 0 0 0 0 0 0 0 0 0 0 0 0],"tf.Tensor([ 1.9717214  1.0230113  1.3152496  1.4203181  1.6468583 10.       ], shape=(6,), dtype=float32)",0.1,[7 3 6 5 3 2 3 0 0 0 0 0 0 0 0 0 0 0 0 0 0 0 0 0 0],False,"tf.Tensor(
[[ 1.9717214   1.0230113   1.3152496   1.4203181   1.6468583   0.3098298
   0.693622    0.8907891   1.556815   -0.05500164  0.5163787  -0.12075314
   1.6093785  -0.08935487  1.1067885   1.9972287   0.9229193   0.79725146]], shape=(1, 18), dtype=float32)"
811,[7 3 6 5 3 2 3 0 0 0 0 0 0 0 0 0 0 0 0 0 0 0 0 0 0],[0 0 0 1 0 6],0.0,[8 1 0 0 0 0 0 6 5 3 4 2 0 0 0 0 0 0 0 0 0 0 0 0 0],False,"tf.Tensor(
[[ 2.0736773   1.353496    1.4966648   1.4693229   1.9129902   0.41067874
   0.6273404   0.7701019   1.8393217  -0.0966301   0.6126221  -0.33273783
   1.8426234   0.069172    1.1407182   1.9931071   1.0298696   0.7505601 ]], shape=(1, 18), dtype=float32)"
812,[8 1 0 0 0 0 0 6 5 3 4 2 0 0 0 0 0 0 0 0 0 0 0 0 0],"tf.Tensor([2.194547  1.6692371 0.9204804 1.3760365 1.808153  7.       ], shape=(6,), dtype=float32)",0.5,[8 2 4 6 6 5 6 0 0 0 0 0 0 0 0 0 0 0 0 0 0 0 0 0 0],False,"tf.Tensor(
[[ 2.194547    1.6692371   0.9204804   1.3760365   1.808153    0.93693376
   0.96240395  0.73326856  1.6773033  -0.38349718  0.46049577 -0.03246223
   1.9232229   1.4120622   1.0075158   1.388232    1.844123    0.37300426]], shape=(1, 18), dtype=float32)"
813,[8 2 4 6 6 5 6 0 0 0 0 0 0 0 0 0 0 0 0 0 0 0 0 0 0],"tf.Tensor([ 2.816708   1.8808898  1.9620852  1.9629631  1.9576473 10.       ], shape=(6,), dtype=float32)",0.0,[8 3 4 6 6 5 6 0 0 0 0 0 0 0 0 0 0 0 0 0 0 0 0 0 0],False,"tf.Tensor(
[[ 2.816708    1.8808898   1.9620852   1.9629631   1.9576473   0.22283241
   0.394922    1.3407245   2.2145813   0.02744538  1.0792478  -0.39690697
   2.1155555  -0.02786394  1.623426    2.3973334   1.1932538   0.9107704 ]], shape=(1, 18), dtype=float32)"
814,[8 3 4 6 6 5 6 0 0 0 0 0 0 0 0 0 0 0 0 0 0 0 0 0 0],"tf.Tensor([ 2.8407183  1.8926927  2.0761676  1.9682201  2.0250418 10.       ], shape=(6,), dtype=float32)",0.0,[9 1 0 0 0 0 0 4 6 6 5 6 0 0 0 0 0 0 0 0 0 0 0 0 0],False,"tf.Tensor(
[[ 2.8407183   1.8926927   2.0761676   1.9682201   2.0250418   0.21583879
   0.43144658  1.335185    2.312887    0.03958071  1.1065253  -0.45181075
   2.172546   -0.04637014  1.6459107   2.4334033   1.187202    0.8852232 ]], shape=(1, 18), dtype=float32)"
815,[9 1 0 0 0 0 0 4 6 6 5 6 0 0 0 0 0 0 0 0 0 0 0 0 0],"tf.Tensor([ 2.6533642  1.9316885  1.4932364  1.3996799  2.3070636 11.       ], shape=(6,), dtype=float32)",0.5,[9 2 2 2 6 3 5 0 0 0 0 0 0 0 0 0 0 0 0 0 0 0 0 0 0],False,"tf.Tensor(
[[ 2.6533642   1.9316885   1.4932364   1.3996799   2.3070636   1.0049611
   1.5389966   0.70688516  2.34164    -0.34735182  0.64695007  0.26977804
   2.1898606   1.8069699   1.1461543   1.8005414   2.5324583   0.01338419]], shape=(1, 18), dtype=float32)"
816,[9 2 2 2 6 3 5 0 0 0 0 0 0 0 0 0 0 0 0 0 0 0 0 0 0],"tf.Tensor([ 2.2943041  1.2533395  1.50161    1.6629562  1.2571642 10.       ], shape=(6,), dtype=float32)",0.0,[9 3 2 2 6 3 5 0 0 0 0 0 0 0 0 0 0 0 0 0 0 0 0 0 0],False,"tf.Tensor(
[[ 2.2943041   1.2533395   1.50161     1.6629562   1.2571642   0.43654832
   0.5103745   0.9887753   1.7461346  -0.21985634  0.96210104 -0.10778946
   1.5762062   0.01657147  1.1048255   2.1367683   0.80738646  0.8697579 ]], shape=(1, 18), dtype=float32)"
817,[9 3 2 2 6 3 5 0 0 0 0 0 0 0 0 0 0 0 0 0 0 0 0 0 0],[ 1  1  0  1  0 10],0.0,[10 1 0 0 0 0 0 2 2 6 3 5 0 0 0 0 0 0 0 0 0 0 0 0 0],False,"tf.Tensor(
[[ 2.2957144   1.2386175   1.5973678   1.657429    1.3303628   0.44307366
   0.5343961   0.95080554  1.8411582  -0.2241569   0.99237734 -0.15613528
   1.6046699  -0.03098399  1.1299295   2.183894    0.76877874  0.85406053]], shape=(1, 18), dtype=float32)"
818,[10 1 0 0 0 0 0 2 2 6 3 5 0 0 0 0 0 0 0 0 0 0 0 0 0],"tf.Tensor([ 2.4508884  1.4897162  1.2110615  1.2930216  1.8182384 11.       ], shape=(6,), dtype=float32)",0.5,[10 2 2 6 4 5 2 0 0 0 0 0 0 0 0 0 0 0 0 0 0 0 0 0 0],False,"tf.Tensor(
[[ 2.4508884   1.4897162   1.2110615   1.2930216   1.8182384   1.0527469
   1.4793997   0.6674484   2.1291199  -0.35848352  0.42485017  0.3060053
   1.8122079   1.5366702   0.89773136  1.5451181   2.3103979   0.08473151]], shape=(1, 18), dtype=float32)"
819,[10 2 2 6 4 5 2 0 0 0 0 0 0 0 0 0 0 0 0 0 0 0 0 0 0],"tf.Tensor([ 2.5380182  1.195506   1.68023    1.5361513  1.6739974 10.       ], shape=(6,), dtype=float32)",0.0,[10 3 2 6 4 5 2 0 0 0 0 0 0 0 0 0 0 0 0 0 0 0 0 0 0],False,"tf.Tensor(
[[ 2.5380182   1.195506    1.68023     1.5361513   1.6739974   0.5215844
   0.87930363  1.2465372   2.076308   -0.38237032  0.8845819   0.1646723
   1.6195005  -0.08526679  0.9548463   2.3391142   1.0091797   0.8025879 ]], shape=(1, 18), dtype=float32)"
820,[10 3 2 6 4 5 2 0 0 0 0 0 0 0 0 0 0 0 0 0 0 0 0 0 0],"tf.Tensor([ 2.5208902  1.1685599  1.7594079  1.513909   1.7259575 10.       ], shape=(6,), dtype=float32)",0.0,[11 1 0 0 0 0 0 2 6 4 5 2 0 0 0 0 0 0 0 0 0 0 0 0 0],False,"tf.Tensor(
[[ 2.5208902   1.1685599   1.7594079   1.513909    1.7259575   0.5480849
   0.89325196  1.1974615   2.1849763  -0.36774224  0.87413305  0.0988377
   1.6269411  -0.14571282  0.98146856  2.3627918   0.9532724   0.794614  ]], shape=(1, 18), dtype=float32)"
821,[11 1 0 0 0 0 0 2 6 4 5 2 0 0 0 0 0 0 0 0 0 0 0 0 0],"tf.Tensor([ 2.6526527  1.9086021  1.308053   1.6017866  2.2844167 11.       ], shape=(6,), dtype=float32)",0.5,[11 2 3 2 6 6 2 0 0 0 0 0 0 0 0 0 0 0 0 0 0 0 0 0 0],False,"tf.Tensor(
[[ 2.6526527   1.9086021   1.308053    1.6017866   2.2844167   1.042611
   1.3026307   0.6785627   2.182184   -0.41021505  0.46543306  0.2465464
   2.2069592   1.6730901   0.97600454  1.7355903   2.4791796   0.31443948]], shape=(1, 18), dtype=float32)"
822,[11 2 3 2 6 6 2 0 0 0 0 0 0 0 0 0 0 0 0 0 0 0 0 0 0],"tf.Tensor([ 2.4707325  1.1704813  1.4853425  1.769819   1.6490144 10.       ], shape=(6,), dtype=float32)",0.0,[11 3 3 2 6 6 2 0 0 0 0 0 0 0 0 0 0 0 0 0 0 0 0 0 0],False,"tf.Tensor(
[[ 2.4707325   1.1704813   1.4853425   1.769819    1.6490144   0.33146536
   0.7725448   1.2920566   1.6390727  -0.51788056  0.95739514  0.30643263
   1.7570593  -0.30646658  1.0573875   2.559816    0.93434423  1.0958999 ]], shape=(1, 18), dtype=float32)"
823,[11 3 3 2 6 6 2 0 0 0 0 0 0 0 0 0 0 0 0 0 0 0 0 0 0],"tf.Tensor([ 2.5244913  1.1939468  1.5817648  1.7807478  1.7024934 10.       ], shape=(6,), dtype=float32)",0.0,[12 1 0 0 0 0 0 3 2 6 6 2 0 0 0 0 0 0 0 0 0 0 0 0 0],False,"tf.Tensor(
[[ 2.5244913   1.1939468   1.5817648   1.7807478   1.7024934   0.341737
   0.78158265  1.3037106   1.7521749  -0.49625406  0.9876372   0.2652978
   1.7864798  -0.32314032  1.0921156   2.5975533   0.9294816   1.0837349 ]], shape=(1, 18), dtype=float32)"
824,[12 1 0 0 0 0 0 3 2 6 6 2 0 0 0 0 0 0 0 0 0 0 0 0 0],"tf.Tensor([ 2.7923226  1.7646235  1.3197032  1.6287758  2.0156436 11.       ], shape=(6,), dtype=float32)",0.5,[12 2 2 5 4 4 4 0 0 0 0 0 0 0 0 0 0 0 0 0 0 0 0 0 0],False,"tf.Tensor(
[[ 2.7923226   1.7646235   1.3197032   1.6287758   2.0156436   1.2263497
   1.5385689   0.5826498   2.2536707  -0.47855332  0.2105422   0.23708707
   2.1599066   1.8061291   1.0527233   1.8817974   2.6230392   0.3085199 ]], shape=(1, 18), dtype=float32)"
825,[12 2 2 5 4 4 4 0 0 0 0 0 0 0 0 0 0 0 0 0 0 0 0 0 0],"tf.Tensor([ 2.739679   1.336249   1.7380155  1.7310197  1.7511971 10.       ], shape=(6,), dtype=float32)",0.0,[12 3 2 5 4 4 4 0 0 0 0 0 0 0 0 0 0 0 0 0 0 0 0 0 0],False,"tf.Tensor(
[[ 2.739679    1.336249    1.7380155   1.7310197   1.7511971   0.773292
   1.0432492   1.1374484   2.3073442  -0.35528782  0.8837655   0.12028585
   1.8919846   0.22648445  0.9530701   2.5589445   1.1253175   0.97372884]], shape=(1, 18), dtype=float32)"
826,[12 3 2 5 4 4 4 0 0 0 0 0 0 0 0 0 0 0 0 0 0 0 0 0 0],"tf.Tensor([ 2.7735343  1.3628222  1.817093   1.7131839  1.8101102 10.       ], shape=(6,), dtype=float32)",0.0,[13 1 0 0 0 0 0 2 5 4 4 4 0 0 0 0 0 0 0 0 0 0 0 0 0],False,"tf.Tensor(
[[ 2.7735343   1.3628222   1.817093    1.7131839   1.8101102   0.7869442
   1.0538605   1.1375531   2.4290993  -0.33657593  0.902864    0.08597367
   1.9017015   0.22163197  0.9691899   2.5699432   1.1096884   0.9457851 ]], shape=(1, 18), dtype=float32)"
827,[13 1 0 0 0 0 0 2 5 4 4 4 0 0 0 0 0 0 0 0 0 0 0 0 0],"tf.Tensor([ 2.9538152  1.9899019  1.4459132  1.6252737  2.493307  11.       ], shape=(6,), dtype=float32)",0.5,[13 2 6 6 2 1 2 0 0 0 0 0 0 0 0 0 0 0 0 0 0 0 0 0 0],False,"tf.Tensor(
[[ 2.9538152   1.9899019   1.4459132   1.6252737   2.493307    1.1595597
   1.3116194   0.8433599   2.4665744  -0.42813247  0.5603049   0.2786251
   2.399103    1.6233958   0.9727839   1.8418374   2.5615892   0.37079304]], shape=(1, 18), dtype=float32)"
828,[13 2 6 6 2 1 2 0 0 0 0 0 0 0 0 0 0 0 0 0 0 0 0 0 0],"tf.Tensor([ 2.8330169  1.5169244  1.6257608  1.6623088  2.2004192 10.       ], shape=(6,), dtype=float32)",0.0,[13 3 6 6 2 1 2 0 0 0 0 0 0 0 0 0 0 0 0 0 0 0 0 0 0],False,"tf.Tensor(
[[ 2.8330169   1.5169244   1.6257608   1.6623088   2.2004192   0.9022193
   1.1840912   1.084461    2.3912678  -0.29229096  0.5561748   0.09899423
   2.144627    0.60554826  0.8857091   2.508687    1.4900976   0.9105882 ]], shape=(1, 18), dtype=float32)"
829,[13 3 6 6 2 1 2 0 0 0 0 0 0 0 0 0 0 0 0 0 0 0 0 0 0],[0 0 0 1 1 5],24.0,[14 1 0 0 0 0 0 6 6 2 1 2 0 0 0 0 0 12 0 0 0 0 0 0 0],True,"tf.Tensor(
[[ 2.9179485   1.5637037   1.7331661   1.6416843   2.2682793   0.91840786
   1.2054973   1.1143895   2.5453117  -0.27128294  0.5848956   0.08136077
   2.1645083   0.62836266  0.91773134  2.512136    1.5276175   0.8528904 ]], shape=(1, 18), dtype=float32)"
830,[1 1 0 0 0 0 0 1 6 6 1 2 0 0 0 0 0 0 0 0 0 0 0 0 0],"tf.Tensor([ 1.4988431   0.8127725   1.3964996   1.126016    0.89275193 10.        ], shape=(6,), dtype=float32)",0.30000000000000004,[1 2 1 6 1 0 0 0 2 0 0 3 0 0 0 0 0 0 0 0 0 0 0 0 0],False,"tf.Tensor(
[[ 1.4988431   0.8127725   1.3964996   1.126016    0.89275193  0.02427838
   0.7777748   0.5379033   1.067528   -0.09598911  0.99944407 -0.21645823
   1.1591092   0.28134227  0.7535107   1.6592302   0.90317255  0.0538577 ]], shape=(1, 18), dtype=float32)"
831,[1 2 1 6 1 0 0 0 2 0 0 3 0 0 0 0 0 0 0 0 0 0 0 0 0],"tf.Tensor([ 1.1857578   0.5152664   1.2694411   0.812696    0.90743196 10.        ], shape=(6,), dtype=float32)",0.1,[1 3 1 6 1 3 0 0 1 0 0 0 0 0 0 0 0 0 0 0 0 0 0 0 0],False,"tf.Tensor(
[[ 1.1857578   0.5152664   1.2694411   0.812696    0.90743196  0.05714439
   0.9645334   0.52838707  1.301146   -0.08289468  0.71797335 -0.24150461
   0.8875132  -0.08366185  0.6401315   1.3371677   0.6884386  -0.01097241]], shape=(1, 18), dtype=float32)"
832,[1 3 1 6 1 3 0 0 1 0 0 0 0 0 0 0 0 0 0 0 0 0 0 0 0],"tf.Tensor([1.1349063  0.47570398 1.3043126  0.7440175  0.8541316  3.        ], shape=(6,), dtype=float32)",0.0,[2 1 0 0 0 0 0 1 6 6 1 2 0 0 0 0 0 0 0 0 0 0 0 0 0],False,"tf.Tensor(
[[ 1.1349063   0.47570398  1.3043126   0.7440175   0.8541316   0.10794576
   0.62312645  0.55076295  1.2136217  -0.02495364  0.40545863 -0.26634634
   0.87995714 -0.46725243  0.8572354   1.1606317   0.5303888   0.26458243]], shape=(1, 18), dtype=float32)"
833,[2 1 0 0 0 0 0 1 6 6 1 2 0 0 0 0 0 0 0 0 0 0 0 0 0],"tf.Tensor([ 1.611484   0.8449925  1.4075203  1.1463232  0.9659682 10.       ], shape=(6,), dtype=float32)",0.4,[2 2 6 1 3 1 0 0 1 0 0 0 0 0 0 0 0 0 0 0 0 0 0 0 0],False,"tf.Tensor(
[[ 1.611484    0.8449925   1.4075203   1.1463232   0.9659682   0.15470211
   0.7770413   0.5880244   1.1288426  -0.12665476  0.9383793  -0.1513162
   1.2448658   0.38280404  0.72995156  1.6401045   0.97578055  0.11069513]], shape=(1, 18), dtype=float32)"
834,[2 2 6 1 3 1 0 0 1 0 0 0 0 0 0 0 0 0 0 0 0 0 0 0 0],"tf.Tensor([ 1.141655    0.77961355  0.9586347   0.9531682   1.2564474  10.        ], shape=(6,), dtype=float32)",0.0,[2 3 6 1 3 1 0 0 4 0 0 0 0 0 0 0 0 0 0 0 0 0 0 0 0],False,"tf.Tensor(
[[ 1.141655    0.77961355  0.9586347   0.9531682   1.2564474   0.11166565
   0.51854134  0.39091963  1.1373527  -0.00297369  0.43617225 -0.02423883
   1.1171472  -0.08165378  0.9642636   1.3514545   0.71325195  0.40303794]], shape=(1, 18), dtype=float32)"
835,[2 3 6 1 3 1 0 0 4 0 0 0 0 0 0 0 0 0 0 0 0 0 0 0 0],"tf.Tensor([1.604826  1.0239998 1.2109125 1.1025729 1.6308746 3.       ], shape=(6,), dtype=float32)",8.0,[3 1 0 0 0 0 0 6 6 1 3 1 0 0 0 4 0 0 0 0 0 0 0 0 0],False,"tf.Tensor(
[[ 1.604826    1.0239998   1.2109125   1.1025729   1.6308746   0.44819868
   0.7361556   0.42048216  1.6230826  -0.12558648  0.48253852 -0.25406194
   1.5255116   0.13665703  1.0368992   1.5968133   0.99573785  0.48570493]], shape=(1, 18), dtype=float32)"
836,[3 1 0 0 0 0 0 6 6 1 3 1 0 0 0 4 0 0 0 0 0 0 0 0 0],[ 0  0  1  0  0 12],0.1,[3 2 3 0 0 0 0 1 5 0 5 1 0 0 0 4 0 0 0 0 0 0 0 0 0],False,"tf.Tensor(
[[ 1.1279191   1.32082     0.46982685  0.97150034  1.1186712   0.32284647
  -0.11185027  0.6782804   0.81333905 -0.2436703   0.21095191 -0.5043298
   1.0430572   0.15955913  0.7813447   0.5777547   0.8560637   0.2313806 ]], shape=(1, 18), dtype=float32)"
837,[3 2 3 0 0 0 0 1 5 0 5 1 0 0 0 4 0 0 0 0 0 0 0 0 0],"tf.Tensor([ 1.1359258   0.91902655  0.5266345   1.0953587   0.8816102  10.        ], shape=(6,), dtype=float32)",0.30000000000000004,[3 3 3 1 5 5 0 0 0 0 0 4 0 0 0 4 0 0 0 0 0 0 0 0 0],False,"tf.Tensor(
[[ 1.1359258   0.91902655  0.5266345   1.0953587   0.8816102   0.09130275
  -0.05428986  0.5720444   0.56593513  0.00907158  0.42059958 -0.23842558
   1.0492727   0.06919247  0.7202758   1.1083179   0.52700543  0.5957767 ]], shape=(1, 18), dtype=float32)"
838,[3 3 3 1 5 5 0 0 0 0 0 4 0 0 0 4 0 0 0 0 0 0 0 0 0],"tf.Tensor([ 1.4514656   0.9407129   1.1210793   1.4758128   0.44338346 10.        ], shape=(6,), dtype=float32)",0.0,[4 1 0 0 0 0 0 6 4 3 6 3 0 0 0 4 0 0 0 0 0 0 0 0 0],False,"tf.Tensor(
[[ 1.4514656   0.9407129   1.1210793   1.4758128   0.44338346 -0.36816436
   0.08750948  1.0589095   0.6409329  -0.09351939  0.88222605  0.0284437
   0.8130422  -0.6544579   1.0716847   1.7707921   0.36159053  0.6979474 ]], shape=(1, 18), dtype=float32)"
839,[4 1 0 0 0 0 0 6 4 3 6 3 0 0 0 4 0 0 0 0 0 0 0 0 0],[0 1 1 0 1 8],0.30000000000000004,[4 2 2 1 5 0 0 4 0 0 2 0 0 0 0 4 0 0 0 0 0 0 0 0 0],False,"tf.Tensor(
[[ 1.3831033   1.3474205   0.8900846   0.7114253   1.3217623   0.62487733
   0.4464984   0.40131742  1.4412082  -0.17772484  0.22329573 -0.399062
   1.3592294   0.44422686  0.98276764  1.1047994   0.920528    0.32186422]], shape=(1, 18), dtype=float32)"
840,[4 2 2 1 5 0 0 4 0 0 2 0 0 0 0 4 0 0 0 0 0 0 0 0 0],"tf.Tensor([ 1.1934103   0.5823201   0.3993891   1.2662044   0.84876305 10.        ], shape=(6,), dtype=float32)",0.2,[4 3 2 1 5 4 2 0 0 0 0 0 0 0 0 4 0 0 0 0 0 0 0 0 0],False,"tf.Tensor(
[[ 1.1934103   0.5823201   0.3993891   1.2662044   0.84876305  0.22266082
  -0.03290959  0.3728376   0.82926226  0.2020751   0.29264838 -0.3721391
   0.8673836  -0.20379204  0.97720444  1.2556391   0.5877236   0.8388351 ]], shape=(1, 18), dtype=float32)"
841,[4 3 2 1 5 4 2 0 0 0 0 0 0 0 0 4 0 0 0 0 0 0 0 0 0],"tf.Tensor([ 1.370353    0.7257599   0.78497046  1.5240395   0.4077172  10.        ], shape=(6,), dtype=float32)",0.0,[5 1 0 0 0 0 0 5 2 1 6 5 0 0 0 4 0 0 0 0 0 0 0 0 0],False,"tf.Tensor(
[[ 1.370353    0.7257599   0.78497046  1.5240395   0.4077172   0.09556416
  -0.20447344  0.6449157   0.62366784 -0.16541119  0.7223847  -0.11027245
   0.77760476 -0.61893356  0.98491657  1.5762665   0.3595607   0.9062176 ]], shape=(1, 18), dtype=float32)"
842,[5 1 0 0 0 0 0 5 2 1 6 5 0 0 0 4 0 0 0 0 0 0 0 0 0],"tf.Tensor([1.4085943  1.1324699  0.99854445 0.6984014  1.2749306  3.        ], shape=(6,), dtype=float32)",0.4,[5 2 3 4 6 5 0 0 0 0 3 0 0 0 0 4 0 0 0 0 0 0 0 0 0],False,"tf.Tensor(
[[ 1.4085943   1.1324699   0.99854445  0.6984014   1.2749306   0.6128872
   0.5218985   0.3997339   1.6300421  -0.13467944  0.23325755 -0.38201523
   1.1928183   0.19577673  1.0019966   1.1460997   0.8407388   0.32070422]], shape=(1, 18), dtype=float32)"
843,[5 2 3 4 6 5 0 0 0 0 3 0 0 0 0 4 0 0 0 0 0 0 0 0 0],"tf.Tensor([ 1.8507797   0.83311534  0.99545497  1.922603    0.6875223  10.        ], shape=(6,), dtype=float32)",0.1,[5 3 3 4 6 5 3 0 0 0 0 0 0 0 0 4 0 0 0 0 0 0 0 0 0],False,"tf.Tensor(
[[ 1.8507797   0.83311534  0.99545497  1.922603    0.6875223   0.06748255
  -0.08774904  0.9605941   0.7715073  -0.18593635  0.85553604 -0.06675951
   1.0374975  -0.8118779   1.2858784   2.1542354   0.57819307  1.1478534 ]], shape=(1, 18), dtype=float32)"
844,[5 3 3 4 6 5 3 0 0 0 0 0 0 0 0 4 0 0 0 0 0 0 0 0 0],"tf.Tensor([ 2.128152   1.076503   1.2968638  1.882363   0.8709992 10.       ], shape=(6,), dtype=float32)",0.0,[6 1 0 0 0 0 0 3 4 6 6 5 0 0 0 4 0 0 0 0 0 0 0 0 0],False,"tf.Tensor(
[[ 2.128152    1.076503    1.2968638   1.882363    0.8709992   0.19695778
  -0.08106706  1.070009    1.1335857  -0.1455942   0.86931986 -0.25108382
   1.290679   -0.6227706   1.353875    2.1230001   0.61773586  1.1394451 ]], shape=(1, 18), dtype=float32)"
845,[6 1 0 0 0 0 0 3 4 6 6 5 0 0 0 4 0 0 0 0 0 0 0 0 0],"tf.Tensor([1.7521139 1.1732372 1.1030437 1.0181586 1.5573295 7.       ], shape=(6,), dtype=float32)",0.5,[6 2 6 4 1 2 1 0 0 0 0 0 0 0 0 4 0 0 0 0 0 0 0 0 0],False,"tf.Tensor(
[[ 1.7521139   1.1732372   1.1030437   1.0181586   1.5573295   0.64819586
   0.95177114  0.47856522  1.5496949  -0.29874632  0.54108596  0.04034267
   1.6181617   0.7368327   0.8938287   1.4428195   1.4158081   0.24997914]], shape=(1, 18), dtype=float32)"
846,[6 2 6 4 1 2 1 0 0 0 0 0 0 0 0 4 0 0 0 0 0 0 0 0 0],"tf.Tensor([1.2639157  0.7163019  0.68148935 0.87835884 0.9130689  7.        ], shape=(6,), dtype=float32)",0.0,[6 3 6 4 1 2 1 0 0 0 0 0 0 0 0 4 0 0 0 0 0 0 0 0 0],False,"tf.Tensor(
[[ 1.2639157   0.7163019   0.68148935  0.87835884  0.9130689   0.38072598
   0.32088286  0.62712055  0.9535832  -0.04527498  0.12220377 -0.13054375
   1.0271002  -0.00146923  0.7715067   0.9488715   0.90289086  0.41635334]], shape=(1, 18), dtype=float32)"
847,[6 3 6 4 1 2 1 0 0 0 0 0 0 0 0 4 0 0 0 0 0 0 0 0 0],"tf.Tensor([1.2976086  0.69514173 0.7809869  0.90868455 0.8796658  7.        ], shape=(6,), dtype=float32)",0.0,[7 1 0 0 0 0 0 6 4 1 2 1 0 0 0 4 0 0 0 0 0 0 0 0 0],False,"tf.Tensor(
[[ 1.2976086   0.69514173  0.7809869   0.90868455  0.8796658   0.34387904
   0.3648631   0.6589776   0.9662552  -0.04796058  0.17082436 -0.11613451
   1.0615705  -0.0476635   0.79893845  0.97196263  0.9107285   0.4151303 ]], shape=(1, 18), dtype=float32)"
848,[7 1 0 0 0 0 0 6 4 1 2 1 0 0 0 4 0 0 0 0 0 0 0 0 0],[1 1 0 0 1 4],0.30000000000000004,[7 2 4 4 1 0 0 0 0 2 4 0 0 0 0 4 0 0 0 0 0 0 0 0 0],False,"tf.Tensor(
[[ 1.5398214   1.1217502   0.40804058  1.2692176   1.0387217   0.34823236
   0.27964208  0.7958661   0.7813668  -0.00848879  0.3417821  -0.06171108
   1.1475456   0.41278943  1.0369675   0.86262846  0.9500793   0.60759234]], shape=(1, 18), dtype=float32)"
849,[7 2 4 4 1 0 0 0 0 2 4 0 0 0 0 4 0 0 0 0 0 0 0 0 0],"tf.Tensor([ 1.703689    0.9398412   0.81505406  0.931621    0.92755586 10.        ], shape=(6,), dtype=float32)",0.1,[7 3 4 4 1 4 0 0 0 3 0 0 0 0 0 4 0 0 0 0 0 0 0 0 0],False,"tf.Tensor(
[[ 1.703689    0.9398412   0.81505406  0.931621    0.92755586  0.46180648
   0.30633593  0.53695005  1.1100293  -0.01735739  0.25049564  0.09721427
   1.0789086   0.63246965  0.64921397  1.1629766   1.0646778   0.39839888]], shape=(1, 18), dtype=float32)"
850,[7 3 4 4 1 4 0 0 0 3 0 0 0 0 0 4 0 0 0 0 0 0 0 0 0],"tf.Tensor([1.4056458  0.7915013  0.84723634 0.7092526  0.85097265 3.        ], shape=(6,), dtype=float32)",16.0,[8 1 0 0 0 0 0 4 4 6 4 1 0 0 0 12 0 0 0 0 0 0 0 0 0],False,"tf.Tensor(
[[ 1.4056458   0.7915013   0.84723634  0.7092526   0.85097265  0.4900994
   0.62001836  0.7207273   1.2517539  -0.15062748  0.11981756  0.0585257
   1.0438526   0.14355129  0.75268453  0.73393023  1.2102102   0.17504087]], shape=(1, 18), dtype=float32)"
851,[8 1 0 0 0 0 0 4 4 6 4 1 0 0 0 12 0 0 0 0 0 0 0 0 0],[ 1  1  1  0  0 12],0.30000000000000004,[8 2 4 5 4 0 0 0 0 0 3 4 0 0 0 12 0 0 0 0 0 0 0 0 0],False,"tf.Tensor(
[[ 1.4928828   1.4420792   0.09329231  1.5543292   0.8071062   0.3301784
  -0.6044586   1.0740833   0.28434983 -0.36106542  0.32084143 -0.45898077
   1.2153232  -0.03851961  0.7259642   1.2500144   1.0190042   0.7769778 ]], shape=(1, 18), dtype=float32)"
852,[8 2 4 5 4 0 0 0 0 0 3 4 0 0 0 12 0 0 0 0 0 0 0 0 0],"tf.Tensor([ 1.5208257   0.83958143  0.4158664   1.6850206   1.1290226  10.        ], shape=(6,), dtype=float32)",0.2,[8 3 4 5 4 3 4 0 0 0 0 0 0 0 0 12 0 0 0 0 0 0 0 0 0],False,"tf.Tensor(
[[ 1.5208257   0.83958143  0.4158664   1.6850206   1.1290226   0.31256095
  -0.03874385  0.6169284   0.95201737  0.10479684  0.41390258 -0.6207739
   1.1475915  -0.5002273   1.1042225   1.687311    0.9016385   0.9060942 ]], shape=(1, 18), dtype=float32)"
853,[8 3 4 5 4 3 4 0 0 0 0 0 0 0 0 12 0 0 0 0 0 0 0 0 0],[0 0 1 0 0 2],6.0,[9 1 0 0 0 0 0 4 5 4 2 4 0 0 3 12 0 0 0 0 0 0 0 0 0],False,"tf.Tensor(
[[ 1.9484214   1.2846488   0.26278165  1.791848    0.7685824   0.70187294
  -0.6286204   0.79493666  0.9793783  -0.02687098  0.37213427 -0.51757014
   1.1008973  -0.04016761  1.0421153   1.5498339   0.92576134  1.2992276 ]], shape=(1, 18), dtype=float32)"
854,[9 1 0 0 0 0 0 4 5 4 2 4 0 0 3 12 0 0 0 0 0 0 0 0 0],"tf.Tensor([ 1.6499028   1.8435678   0.18363987  1.4282478   0.91054577 11.        ], shape=(6,), dtype=float32)",0.4,[9 2 1 3 5 6 0 0 0 5 0 0 0 0 3 12 0 0 0 0 0 0 0 0 0],False,"tf.Tensor(
[[ 1.6499028   1.8435678   0.18363987  1.4282478   0.91054577  0.30503473
  -0.8303958   1.4646348   0.56174916 -0.20937227  0.18945806 -0.5556936
   1.3347553   0.07715473  1.0901254   0.86037606  1.5364434   0.4171057 ]], shape=(1, 18), dtype=float32)"
855,[9 2 1 3 5 6 0 0 0 5 0 0 0 0 3 12 0 0 0 0 0 0 0 0 0],[1 0 1 0 0 4],0.1,[9 3 1 3 5 6 5 0 0 0 0 0 0 0 3 12 0 0 0 0 0 0 0 0 0],False,"tf.Tensor(
[[ 1.7692884   1.8399491   0.02573051  1.5321949   0.85314155  0.52034706
  -0.7431067   1.5234976   0.35459274 -0.5630201   0.1759116  -0.35400763
   1.3195903   0.04890702  0.78019524  1.1533448   1.4828814   0.6521878 ]], shape=(1, 18), dtype=float32)"
856,[9 3 1 3 5 6 5 0 0 0 0 0 0 0 3 12 0 0 0 0 0 0 0 0 0],"tf.Tensor([ 2.169511    1.5851105   0.34293607  1.8593014   1.1233768  10.        ], shape=(6,), dtype=float32)",0.0,[10 1 0 0 0 0 0 1 3 5 5 6 0 0 3 12 0 0 0 0 0 0 0 0 0],False,"tf.Tensor(
[[ 2.169511    1.5851105   0.34293607  1.8593014   1.1233768   0.90462345
  -0.6790978   0.88102114  1.4190316  -0.13040231  0.27586406 -0.7603681
   1.2855715   0.0734078   1.0584366   1.6393732   1.1577545   1.2891839 ]], shape=(1, 18), dtype=float32)"
857,[10 1 0 0 0 0 0 1 3 5 5 6 0 0 3 12 0 0 0 0 0 0 0 0 0],"tf.Tensor([1.820907  1.5192703 0.5754826 1.323997  1.211336  3.       ], shape=(6,), dtype=float32)",0.4,[10 2 1 4 6 6 0 0 0 4 0 0 0 0 3 12 0 0 0 0 0 0 0 0 0],False,"tf.Tensor(
[[ 1.820907    1.5192703   0.5754826   1.323997    1.211336    0.4076695
  -0.04652659  0.9209694   1.3262023   0.00884662  0.29312843 -0.4130719
   1.2816097   0.10158411  1.0012869   1.0836402   1.2893223   0.591764  ]], shape=(1, 18), dtype=float32)"
858,[10 2 1 4 6 6 0 0 0 4 0 0 0 0 3 12 0 0 0 0 0 0 0 0 0],"tf.Tensor([2.054369   1.9071751  0.22352937 1.8590573  0.9828903  2.        ], shape=(6,), dtype=float32)",0.0,[10 3 1 4 6 6 0 0 0 1 0 0 0 0 3 12 0 0 0 0 0 0 0 0 0],False,"tf.Tensor(
[[ 2.054369    1.9071751   0.22352937  1.8590573   0.9828903   0.48323527
  -0.65456164  1.6578206   0.48791292 -0.48456118  0.24233152 -0.495522
   1.495754   -0.15125042  1.0325583   1.5500963   1.5854923   0.8462908 ]], shape=(1, 18), dtype=float32)"
859,[10 3 1 4 6 6 0 0 0 1 0 0 0 0 3 12 0 0 0 0 0 0 0 0 0],"tf.Tensor([ 2.038551    1.5151844   0.4501508   1.9456581   0.94679385 10.        ], shape=(6,), dtype=float32)",0.0,[11 1 0 0 0 0 0 1 4 5 6 6 0 0 3 12 0 0 0 0 0 0 0 0 0],False,"tf.Tensor(
[[ 2.038551    1.5151844   0.4501508   1.9456581   0.94679385  0.4460843
  -0.573171    1.4386735   0.72943085 -0.28868613  0.46392024 -0.5445398
   1.3800889  -0.5028043   1.2583001   1.7635132   1.3622901   0.92318916]], shape=(1, 18), dtype=float32)"
860,[11 1 0 0 0 0 0 1 4 5 6 6 0 0 3 12 0 0 0 0 0 0 0 0 0],"tf.Tensor([2.044822  1.5941572 0.6919487 1.5121027 1.3322926 3.       ], shape=(6,), dtype=float32)",0.4,[11 2 5 4 1 6 0 0 0 3 0 0 0 0 3 12 0 0 0 0 0 0 0 0 0],False,"tf.Tensor(
[[ 2.044822    1.5941572   0.6919487   1.5121027   1.3322926   0.43011776
   0.0506343   0.92962426  1.5007789   0.05582577  0.3574577  -0.4390677
   1.4190102   0.0938165   1.1451144   1.3384787   1.3042513   0.77117693]], shape=(1, 18), dtype=float32)"
861,[11 2 5 4 1 6 0 0 0 3 0 0 0 0 3 12 0 0 0 0 0 0 0 0 0],"tf.Tensor([ 1.1997087   1.3764372  -0.06185172  1.0484976   1.0275084  11.        ], shape=(6,), dtype=float32)",0.0,[11 3 5 4 1 6 0 0 0 1 0 0 0 0 3 12 0 0 0 0 0 0 0 0 0],False,"tf.Tensor(
[[ 1.1997087   1.3764372  -0.06185172  1.0484976   1.0275084   0.5373039
  -0.28111058  1.1066505   0.37131763 -0.56496626 -0.15130675 -0.13405114
   1.4078017   0.12359265  0.7261386   0.74121857  1.5160553   0.34518862]], shape=(1, 18), dtype=float32)"
862,[11 3 5 4 1 6 0 0 0 1 0 0 0 0 3 12 0 0 0 0 0 0 0 0 0],"tf.Tensor([ 1.2334701   1.41555    -0.01378858  1.196507    0.9906561  11.        ], shape=(6,), dtype=float32)",0.0,[12 1 0 0 0 0 0 5 4 3 1 6 0 0 3 12 0 0 0 0 0 0 0 0 0],False,"tf.Tensor(
[[ 1.2334701   1.41555    -0.01378858  1.196507    0.9906561   0.3646395
  -0.4215343   1.3135954   0.21756223 -0.42879552 -0.08726856 -0.2224772
   1.4489799   0.00641581  0.8816257   0.848048    1.529322    0.34025973]], shape=(1, 18), dtype=float32)"
863,[12 1 0 0 0 0 0 5 4 3 1 6 0 0 3 12 0 0 0 0 0 0 0 0 0],"tf.Tensor([ 1.93973    1.8575758  0.5045015  1.4206672  1.180067  11.       ], shape=(6,), dtype=float32)",0.4,[12 2 6 4 4 5 0 0 0 2 0 0 0 0 3 12 0 0 0 0 0 0 0 0 0],False,"tf.Tensor(
[[ 1.93973     1.8575758   0.5045015   1.4206672   1.180067    0.25715384
  -0.47708023  1.525336    1.0807456   0.07784576  0.1832395  -0.43167382
   1.4676535   0.12904865  1.3289386   0.90423095  1.7286569   0.42105418]], shape=(1, 18), dtype=float32)"
864,[12 2 6 4 4 5 0 0 0 2 0 0 0 0 3 12 0 0 0 0 0 0 0 0 0],[ 1  1  1  0  0 10],0.1,[12 3 6 4 4 5 2 0 0 0 0 0 0 0 3 12 0 0 0 0 0 0 0 0 0],False,"tf.Tensor(
[[ 1.6269834   1.3753289   0.17158644  1.4914564   1.1541893   0.49334243
  -0.23141849  1.2411454   0.47490957 -0.4335879  -0.00320273 -0.17383124
   1.6085311  -0.07752379  1.0615458   1.2523134   1.5789226   0.6995146 ]], shape=(1, 18), dtype=float32)"
865,[12 3 6 4 4 5 2 0 0 0 0 0 0 0 3 12 0 0 0 0 0 0 0 0 0],"tf.Tensor([1.7527136  1.398497   0.28346762 1.7714167  1.30098    7.        ], shape=(6,), dtype=float32)",0.0,[13 1 0 0 0 0 0 6 4 5 4 5 0 0 3 12 0 0 0 0 0 0 0 0 0],False,"tf.Tensor(
[[ 1.7527136   1.398497    0.28346762  1.7714167   1.30098     0.45609614
  -0.17302495  1.1378103   0.6210989  -0.28397065  0.05599645 -0.44449776
   1.7326009  -0.17422837  1.2114166   1.5788251   1.5100158   0.9000405 ]], shape=(1, 18), dtype=float32)"
866,[13 1 0 0 0 0 0 6 4 5 4 5 0 0 3 12 0 0 0 0 0 0 0 0 0],"tf.Tensor([ 2.3093395  1.8275057  0.5846558  1.5525551  1.3316538 11.       ], shape=(6,), dtype=float32)",0.4,[13 2 3 4 2 3 0 0 0 1 0 0 0 0 3 12 0 0 0 0 0 0 0 0 0],False,"tf.Tensor(
[[ 2.3093395   1.8275057   0.5846558   1.5525551   1.3316538   0.49871796
  -0.20300648  1.3577785   1.3075858   0.03270791  0.2566175  -0.11747289
   1.6711376   0.2987508   1.3925711   1.1783332   1.7085397   0.77702713]], shape=(1, 18), dtype=float32)"
867,[13 2 3 4 2 3 0 0 0 1 0 0 0 0 3 12 0 0 0 0 0 0 0 0 0],"tf.Tensor([1.4651606  1.4077163  0.02265341 1.4045874  1.1527702  7.        ], shape=(6,), dtype=float32)",0.0,[13 3 3 4 2 3 0 0 0 6 0 0 0 0 3 12 0 0 0 0 0 0 0 0 0],False,"tf.Tensor(
[[ 1.4651606   1.4077163   0.02265341  1.4045874   1.1527702   0.35945854
  -0.39614958  1.3505398   0.26570955 -0.37496346  0.0281592  -0.1696706
   1.5392398   0.04669153  0.84788835  1.1378083   1.4941858   0.5657774 ]], shape=(1, 18), dtype=float32)"
868,[13 3 3 4 2 3 0 0 0 6 0 0 0 0 3 12 0 0 0 0 0 0 0 0 0],[0 0 0 1 0 4],0.0,[14 1 0 0 0 0 0 3 4 3 2 3 0 0 3 12 0 0 0 0 0 0 0 0 0],True,"tf.Tensor(
[[ 1.6216404   1.4055382   0.32057232  1.1409938   1.169446    0.64011973
  -0.01344622  1.0956447   0.8583326  -0.5970353   0.05937478  0.00969613
   1.5292861   0.19358554  0.7882497   0.916498    1.5963352   0.45541677]], shape=(1, 18), dtype=float32)"
869,[1 1 0 0 0 0 0 2 1 2 3 2 0 0 0 0 0 0 0 0 0 0 0 0 0],"tf.Tensor([0.8324674  0.7249234  0.5230371  0.38117123 0.8286139  3.        ], shape=(6,), dtype=float32)",0.0,[1 2 0 0 0 0 0 2 5 5 1 5 0 0 0 0 0 0 0 0 0 0 0 0 0],False,"tf.Tensor(
[[ 0.8324674   0.7249234   0.5230371   0.38117123  0.8286139   0.42547527
   0.50783473  0.16548681  0.8830069  -0.13224047  0.2719112   0.04202983
   0.7914828   0.57824546  0.42920676  0.5198945   0.828387   -0.00608679]], shape=(1, 18), dtype=float32)"
870,[1 2 0 0 0 0 0 2 5 5 1 5 0 0 0 0 0 0 0 0 0 0 0 0 0],[1 1 0 0 1 9],0.30000000000000004,[1 3 2 5 5 0 0 0 0 1 6 0 0 0 0 0 0 0 0 0 0 0 0 0 0],False,"tf.Tensor(
[[ 1.4724416   0.98293024  1.2371466   1.006739    0.98572034 -0.01458518
   0.35981536  0.7534863   0.96240556  0.05368818  1.0098509   0.01924897
   1.0949084   0.36636165  0.7496035   1.2553316   0.80386823  0.13905361]], shape=(1, 18), dtype=float32)"
871,[1 3 2 5 5 0 0 0 0 1 6 0 0 0 0 0 0 0 0 0 0 0 0 0 0],"tf.Tensor([1.4653227  1.3537204  1.1835011  0.98828137 1.3042048  3.        ], shape=(6,), dtype=float32)",0.0,[2 1 0 0 0 0 0 2 1 2 3 2 0 0 0 0 0 0 0 0 0 0 0 0 0],False,"tf.Tensor(
[[ 1.4653227   1.3537204   1.1835011   0.98828137  1.3042048  -0.02056755
   0.02638048  0.6450582   1.6111146   0.42036507  0.48364758 -0.33958456
   0.8866611   0.05869152  0.9613369   1.0962132   0.89166814  0.10617687]], shape=(1, 18), dtype=float32)"
872,[2 1 0 0 0 0 0 2 1 2 3 2 0 0 0 0 0 0 0 0 0 0 0 0 0],"tf.Tensor([0.92911464 0.7670437  0.5493636  0.43572617 0.847781   3.        ], shape=(6,), dtype=float32)",0.1,[2 2 5 0 0 0 0 0 1 3 5 6 0 0 0 0 0 0 0 0 0 0 0 0 0],False,"tf.Tensor(
[[ 0.92911464  0.7670437   0.5493636   0.43572617  0.847781    0.4519088
   0.62541825  0.21149656  0.9724842  -0.11790409  0.21924146  0.08664808
   0.762037    0.702156    0.4621974   0.5535672   0.9722249  -0.04738236]], shape=(1, 18), dtype=float32)"
873,[2 2 5 0 0 0 0 0 1 3 5 6 0 0 0 0 0 0 0 0 0 0 0 0 0],"tf.Tensor([1.4238019  1.4890547  0.983673   0.62617165 1.4932578  7.        ], shape=(6,), dtype=float32)",0.30000000000000004,[2 3 5 1 3 6 0 0 0 0 4 0 0 0 0 0 0 0 0 0 0 0 0 0 0],False,"tf.Tensor(
[[ 1.4238019   1.4890547   0.983673    0.62617165  1.4932578   0.2250079
   1.0500311   0.16640185  1.193842   -0.31264594  0.6060632   0.6829149
   1.5677037   1.4413142   0.6971584   1.468093    1.3526005  -0.06371912]], shape=(1, 18), dtype=float32)"
874,[2 3 5 1 3 6 0 0 0 0 4 0 0 0 0 0 0 0 0 0 0 0 0 0 0],"tf.Tensor([ 0.99993986  0.8204541   0.8071272   0.8767955   1.4863753  10.        ], shape=(6,), dtype=float32)",0.0,[3 1 0 0 0 0 0 5 1 1 1 6 0 0 0 0 0 0 0 0 0 0 0 0 0],False,"tf.Tensor(
[[ 0.99993986  0.8204541   0.8071272   0.8767955   1.4863753   0.24165542
   0.82623965  0.1041605   1.1019241  -0.26683497  0.49088645  0.00207618
   1.3834424   0.13732705  0.853612    1.4560629   0.7271333   0.46727663]], shape=(1, 18), dtype=float32)"
875,[3 1 0 0 0 0 0 5 1 1 1 6 0 0 0 0 0 0 0 0 0 0 0 0 0],"tf.Tensor([1.086985   1.0032082  0.78294176 0.35885084 1.2304876  3.        ], shape=(6,), dtype=float32)",0.30000000000000004,[3 2 3 2 1 0 0 0 0 4 1 0 0 0 0 0 0 0 0 0 0 0 0 0 0],False,"tf.Tensor(
[[ 1.086985    1.0032082   0.78294176  0.35885084  1.2304876   0.45189804
   0.6429679   0.2998318   1.3593516  -0.2225627   0.33201367  0.0558126
   0.999857    0.43732595  0.6172979   0.69703704  0.95614356  0.00933108]], shape=(1, 18), dtype=float32)"
876,[3 2 3 2 1 0 0 0 0 4 1 0 0 0 0 0 0 0 0 0 0 0 0 0 0],"tf.Tensor([1.2728155  0.91862565 0.8550738  0.5451348  0.813583   3.        ], shape=(6,), dtype=float32)",0.0,[3 3 3 2 1 0 0 0 0 6 2 0 0 0 0 0 0 0 0 0 0 0 0 0 0],False,"tf.Tensor(
[[ 1.2728155   0.91862565  0.8550738   0.5451348   0.813583    0.40069315
   0.5728098   0.29127368  1.2099109  -0.04508889  0.33518347 -0.03832879
   0.8873554   0.71790755  0.4852607   0.85020626  0.93974084 -0.02111832]], shape=(1, 18), dtype=float32)"
877,[3 3 3 2 1 0 0 0 0 6 2 0 0 0 0 0 0 0 0 0 0 0 0 0 0],"tf.Tensor([1.5350564 1.0309994 1.0695751 0.6747995 1.0295227 3.       ], shape=(6,), dtype=float32)",0.0,[4 1 0 0 0 0 0 3 2 2 4 1 0 0 0 0 0 0 0 0 0 0 0 0 0],False,"tf.Tensor(
[[ 1.5350564   1.0309994   1.0695751   0.6747995   1.0295227   0.48802632
   0.75242996  0.3585947   1.4932963  -0.07826449  0.45908672 -0.07664162
   1.101301    0.8038922   0.5692994   1.0283105   1.1764735  -0.07092501]], shape=(1, 18), dtype=float32)"
878,[4 1 0 0 0 0 0 3 2 2 4 1 0 0 0 0 0 0 0 0 0 0 0 0 0],"tf.Tensor([ 1.3212385   1.0111934   0.67600846  0.6878144   1.0950041  11.        ], shape=(6,), dtype=float32)",0.30000000000000004,[4 2 3 4 5 0 0 0 0 3 5 0 0 0 0 0 0 0 0 0 0 0 0 0 0],False,"tf.Tensor(
[[ 1.3212385   1.0111934   0.67600846  0.6878144   1.0950041   0.6677771
   0.7451513   0.33262622  1.2305194  -0.19467133  0.10088844  0.05573124
   1.0405006   0.92567474  0.6210933   0.76280963  1.3338528   0.05835656]], shape=(1, 18), dtype=float32)"
879,[4 2 3 4 5 0 0 0 0 3 5 0 0 0 0 0 0 0 0 0 0 0 0 0 0],"tf.Tensor([ 1.7605388  1.2906121  1.1325234  1.0844649  1.3917868 10.       ], shape=(6,), dtype=float32)",0.2,[4 3 3 4 5 3 5 0 0 0 0 0 0 0 0 0 0 0 0 0 0 0 0 0 0],False,"tf.Tensor(
[[ 1.7605388   1.2906121   1.1325234   1.0844649   1.3917868   0.29979867
   0.56160724  0.5278098   1.521542    0.14388122  0.49824145 -0.22325817
   1.3850158   0.6244937   0.9525099   1.6189523   0.96982574  0.37114707]], shape=(1, 18), dtype=float32)"
880,[4 3 3 4 5 3 5 0 0 0 0 0 0 0 0 0 0 0 0 0 0 0 0 0 0],[1 0 0 1 0 8],0.0,[5 1 0 0 0 0 0 3 4 4 3 5 0 0 0 0 0 0 0 0 0 0 0 0 0],False,"tf.Tensor(
[[ 2.018176    1.4176607   1.5368799   1.4438009   1.539242    0.17290556
   0.1753555   0.867383    1.6901263   0.12473354  0.8189284  -0.43518347
   1.6480622  -0.00357879  1.2977597   1.6586949   0.8942017   0.6361727 ]], shape=(1, 18), dtype=float32)"
881,[5 1 0 0 0 0 0 3 4 4 3 5 0 0 0 0 0 0 0 0 0 0 0 0 0],"tf.Tensor([1.687239   1.2809415  1.0172261  0.86678994 1.5579708  3.        ], shape=(6,), dtype=float32)",0.4,[5 2 3 6 5 5 0 0 0 0 2 0 0 0 0 0 0 0 0 0 0 0 0 0 0],False,"tf.Tensor(
[[ 1.687239    1.2809415   1.0172261   0.86678994  1.5579708   0.5759205
   0.89142597  0.49735832  1.5547326  -0.13381952  0.5482475   0.14345904
   1.4354722   1.0337422   0.76462644  1.1822572   1.4669324   0.05118591]], shape=(1, 18), dtype=float32)"
882,[5 2 3 6 5 5 0 0 0 0 2 0 0 0 0 0 0 0 0 0 0 0 0 0 0],"tf.Tensor([ 2.130371    0.99817973  1.5476891   1.4990325   1.2775514  10.        ], shape=(6,), dtype=float32)",0.1,[5 3 3 6 5 5 2 0 0 0 0 0 0 0 0 0 0 0 0 0 0 0 0 0 0],False,"tf.Tensor(
[[ 2.130371    0.99817973  1.5476891   1.4990325   1.2775514  -0.00903841
   0.6516185   1.3039523   1.5043806  -0.11900177  0.83503973  0.01585882
   1.3131827  -0.5704899   1.2664697   2.202754    0.75544643  0.7861541 ]], shape=(1, 18), dtype=float32)"
883,[5 3 3 6 5 5 2 0 0 0 0 0 0 0 0 0 0 0 0 0 0 0 0 0 0],"tf.Tensor([ 2.268478   1.2522653  1.7413257  1.5161436  1.5567552 10.       ], shape=(6,), dtype=float32)",0.0,[6 1 0 0 0 0 0 3 6 5 3 5 0 0 0 0 0 0 0 0 0 0 0 0 0],False,"tf.Tensor(
[[ 2.268478    1.2522653   1.7413257   1.5161436   1.5567552   0.07600439
   0.60422313  1.2415737   1.8238043  -0.07375073  0.9074627  -0.16030864
   1.5471194  -0.37894142  1.3056197   2.1644564   0.85826874  0.7212594 ]], shape=(1, 18), dtype=float32)"
884,[6 1 0 0 0 0 0 3 6 5 3 5 0 0 0 0 0 0 0 0 0 0 0 0 0],"tf.Tensor([2.0805771 1.4688148 1.2982311 1.1918539 1.7811677 3.       ], shape=(6,), dtype=float32)",0.5,[6 2 5 2 2 2 3 0 0 0 0 0 0 0 0 0 0 0 0 0 0 0 0 0 0],False,"tf.Tensor(
[[ 2.0805771   1.4688148   1.2982311   1.1918539   1.7811677   0.611663
   0.96326774  0.6300557   1.7721429  -0.14788854  0.75265914  0.12814893
   1.7023275   1.1383543   0.8836252   1.4789182   1.7313575   0.1116087 ]], shape=(1, 18), dtype=float32)"
885,[6 2 5 2 2 2 3 0 0 0 0 0 0 0 0 0 0 0 0 0 0 0 0 0 0],"tf.Tensor([1.6087811 1.064389  1.0259613 1.206323  1.5674406 7.       ], shape=(6,), dtype=float32)",0.0,[6 3 5 2 2 2 3 0 0 0 0 0 0 0 0 0 0 0 0 0 0 0 0 0 0],False,"tf.Tensor(
[[ 1.6087811   1.064389    1.0259613   1.206323    1.5674406   0.46975946
   0.4845062   0.47713724  1.3495511  -0.16092166  0.41569057 -0.222437
   1.5586554   0.18936223  0.8485144   1.5252689   0.9340967   0.6664556 ]], shape=(1, 18), dtype=float32)"
886,[6 3 5 2 2 2 3 0 0 0 0 0 0 0 0 0 0 0 0 0 0 0 0 0 0],"tf.Tensor([1.7083057 1.1042333 1.1302264 1.2190913 1.6235846 7.       ], shape=(6,), dtype=float32)",0.0,[7 1 0 0 0 0 0 5 2 2 2 3 0 0 0 0 0 0 0 0 0 0 0 0 0],False,"tf.Tensor(
[[ 1.7083057   1.1042333   1.1302264   1.2190913   1.6235846   0.49576187
   0.55773705  0.5241851   1.4936194  -0.15772203  0.44087467 -0.23424065
   1.6019633   0.21220928  0.8784881   1.5716202   0.9930593   0.6307035 ]], shape=(1, 18), dtype=float32)"
887,[7 1 0 0 0 0 0 5 2 2 2 3 0 0 0 0 0 0 0 0 0 0 0 0 0],"tf.Tensor([1.7793281  1.2863344  0.7315807  0.89720076 1.3724949  7.        ], shape=(6,), dtype=float32)",0.30000000000000004,[7 2 2 5 1 0 0 0 0 1 6 0 0 0 0 0 0 0 0 0 0 0 0 0 0],False,"tf.Tensor(
[[ 1.7793281   1.2863344   0.7315807   0.89720076  1.3724949   0.86205333
   0.81383765  0.74070656  1.3775333  -0.28039795  0.30351165 -0.05280597
   1.516656    1.1703136   0.80883193  1.0484378   1.3891115   0.2171669 ]], shape=(1, 18), dtype=float32)"
888,[7 2 2 5 1 0 0 0 0 1 6 0 0 0 0 0 0 0 0 0 0 0 0 0 0],"tf.Tensor([ 2.1982176  1.3769745  1.408793   0.9625916  1.1883637 10.       ], shape=(6,), dtype=float32)",0.2,[7 3 2 5 1 1 6 0 0 0 0 0 0 0 0 0 0 0 0 0 0 0 0 0 0],False,"tf.Tensor(
[[2.1982176  1.3769745  1.408793   0.9625916  1.1883637  0.37746215
  0.90523016 0.62018514 1.8615743  0.15962073 0.3866239  0.24475792
  1.1845412  1.18149    0.8299278  1.8895079  1.2440732  0.20229146]], shape=(1, 18), dtype=float32)"
889,[7 3 2 5 1 1 6 0 0 0 0 0 0 0 0 0 0 0 0 0 0 0 0 0 0],"tf.Tensor([2.0302038 1.3463974 1.4783432 1.2991043 1.3381988 3.       ], shape=(6,), dtype=float32)",0.0,[8 1 0 0 0 0 0 2 5 4 3 1 0 0 0 0 0 0 0 0 0 0 0 0 0],False,"tf.Tensor(
[[ 2.0302038   1.3463974   1.4783432   1.2991043   1.3381988   0.52458256
   0.53291893  0.7532593   1.8302056   0.0719645   0.72888404 -0.3675089
   1.5265579   0.60377437  0.8309627   1.5794849   0.9618017   0.41703692]], shape=(1, 18), dtype=float32)"
890,[8 1 0 0 0 0 0 2 5 4 3 1 0 0 0 0 0 0 0 0 0 0 0 0 0],"tf.Tensor([ 2.009171   1.3965173  0.9459891  1.3153316  1.7200081 11.       ], shape=(6,), dtype=float32)",0.5,[8 2 4 4 1 2 5 0 0 0 0 0 0 0 0 0 0 0 0 0 0 0 0 0 0],False,"tf.Tensor(
[[ 2.009171    1.3965173   0.9459891   1.3153316   1.7200081   0.84160995
   0.99994355  0.49194437  1.5619447  -0.37666696  0.40618262  0.1709384
   1.775635    1.2316803   0.72507155  1.4094129   1.8260658   0.35846797]], shape=(1, 18), dtype=float32)"
891,[8 2 4 4 1 2 5 0 0 0 0 0 0 0 0 0 0 0 0 0 0 0 0 0 0],"tf.Tensor([2.0326827 1.388154  1.2254106 1.3589809 1.6415819 7.       ], shape=(6,), dtype=float32)",0.0,[8 3 4 4 1 2 5 0 0 0 0 0 0 0 0 0 0 0 0 0 0 0 0 0 0],False,"tf.Tensor(
[[ 2.0326827   1.388154    1.2254106   1.3589809   1.6415819   0.66635203
   0.60591     0.65385914  1.7179236  -0.13653255  0.5251225  -0.2684612
   1.7253193   0.6260593   0.7964084   1.6324509   1.1824901   0.57896495]], shape=(1, 18), dtype=float32)"
892,[8 3 4 4 1 2 5 0 0 0 0 0 0 0 0 0 0 0 0 0 0 0 0 0 0],"tf.Tensor([2.083489  1.3887293 1.3269839 1.351458  1.6976992 3.       ], shape=(6,), dtype=float32)",16.0,[9 1 0 0 0 0 0 4 4 1 2 5 0 0 0 8 0 0 0 0 0 0 0 0 0],False,"tf.Tensor(
[[ 2.083489    1.3887293   1.3269839   1.351458    1.6976992   0.67755806
   0.6399603   0.6733803   1.8434294  -0.12697357  0.54682183 -0.29309118
   1.7345383   0.5808381   0.82341874  1.6779908   1.1724641   0.56230587]], shape=(1, 18), dtype=float32)"
893,[9 1 0 0 0 0 0 4 4 1 2 5 0 0 0 8 0 0 0 0 0 0 0 0 0],"tf.Tensor([1.5822145 1.2411418 0.8226196 1.32441   1.0487287 7.       ], shape=(6,), dtype=float32)",0.4,[9 2 6 3 1 3 0 0 0 5 0 0 0 0 0 8 0 0 0 0 0 0 0 0 0],False,"tf.Tensor(
[[ 1.5822145   1.2411418   0.8226196   1.32441     1.0487287   0.10015719
  -0.08683863  0.98043776  1.0324878   0.22892207  0.23078385 -0.57174087
   1.2783902  -0.06071342  1.1399661   1.1440597   0.976927    0.59704155]], shape=(1, 18), dtype=float32)"
894,[9 2 6 3 1 3 0 0 0 5 0 0 0 0 0 8 0 0 0 0 0 0 0 0 0],"tf.Tensor([ 1.3242171   0.99373496  0.38766402  0.8589455   1.0432311  11.        ], shape=(6,), dtype=float32)",0.0,[9 3 6 3 1 3 0 0 0 5 0 0 0 0 0 8 0 0 0 0 0 0 0 0 0],False,"tf.Tensor(
[[ 1.3242171   0.99373496  0.38766402  0.8589455   1.0432311   0.7409925
   0.29894173  0.55448794  1.0417224  -0.40835106 -0.07362926 -0.10617402
   1.2384428   0.2316494   0.6929631   0.78200907  1.2898252   0.39488226]], shape=(1, 18), dtype=float32)"
895,[9 3 6 3 1 3 0 0 0 5 0 0 0 0 0 8 0 0 0 0 0 0 0 0 0],"tf.Tensor([ 1.3362978   1.0430458   0.43939826  0.8481528   1.0325438  11.        ], shape=(6,), dtype=float32)",0.0,[10 1 0 0 0 0 0 6 3 1 1 3 0 0 0 8 0 0 0 0 0 0 0 0 0],False,"tf.Tensor(
[[ 1.3362978   1.0430458   0.43939826  0.8481528   1.0325438   0.7237992
   0.3220169   0.57966405  1.105343   -0.3697692  -0.08683637 -0.12892494
   1.2562284   0.22403258  0.7499273   0.74758863  1.3181869   0.3654651 ]], shape=(1, 18), dtype=float32)"
896,[10 1 0 0 0 0 0 6 3 1 1 3 0 0 0 8 0 0 0 0 0 0 0 0 0],"tf.Tensor([1.6285332 1.3604269 0.4724788 1.2550571 1.0971769 7.       ], shape=(6,), dtype=float32)",0.4,[10 2 3 4 1 6 0 0 0 4 0 0 0 0 0 8 0 0 0 0 0 0 0 0 0],False,"tf.Tensor(
[[ 1.6285332   1.3604269   0.4724788   1.2550571   1.0971769   0.08441485
  -0.20398499  1.0056659   0.8158126   0.14628586  0.05370273 -0.28663155
   1.234883    0.21586382  1.1174184   0.7013475   1.0969362   0.618787  ]], shape=(1, 18), dtype=float32)"
897,[10 2 3 4 1 6 0 0 0 4 0 0 0 0 0 8 0 0 0 0 0 0 0 0 0],"tf.Tensor([1.3748674  0.9916654  0.46760032 1.0720546  0.90820456 7.        ], shape=(6,), dtype=float32)",0.0,[10 3 3 4 1 6 0 0 0 3 0 0 0 0 0 8 0 0 0 0 0 0 0 0 0],False,"tf.Tensor(
[[ 1.3748674   0.9916654   0.46760032  1.0720546   0.90820456  0.46582237
   0.19052304  0.85211855  0.7524994  -0.40412167  0.09495738 -0.06941302
   1.2450037  -0.07885426  0.7975255   0.99925995  1.227315    0.49268168]], shape=(1, 18), dtype=float32)"
898,[10 3 3 4 1 6 0 0 0 3 0 0 0 0 0 8 0 0 0 0 0 0 0 0 0],"tf.Tensor([1.2623445  0.9678019  0.5044354  1.073974   0.93716353 7.        ], shape=(6,), dtype=float32)",0.0,[11 1 0 0 0 0 0 3 4 2 1 6 0 0 0 8 0 0 0 0 0 0 0 0 0],False,"tf.Tensor(
[[ 1.2623445   0.9678019   0.5044354   1.073974    0.93716353  0.33934602
   0.17412423  0.90551585  0.6867924  -0.33466446  0.06250489 -0.15994772
   1.2703733  -0.2378467   0.8821724   1.0175855   1.2006108   0.44723067]], shape=(1, 18), dtype=float32)"
899,[11 1 0 0 0 0 0 3 4 2 1 6 0 0 0 8 0 0 0 0 0 0 0 0 0],"tf.Tensor([1.8186152  1.1934084  0.98859465 1.328408   1.0764817  7.        ], shape=(6,), dtype=float32)",0.5,[11 2 3 5 5 1 6 0 0 0 0 0 0 0 0 8 0 0 0 0 0 0 0 0 0],False,"tf.Tensor(
[[ 1.8186152   1.1934084   0.98859465  1.328408    1.0764817   0.1460943
   0.02869749  1.2012076   1.0732836   0.17630288  0.3579163  -0.1457549
   1.380023   -0.09121806  1.1645445   1.2424717   1.0693429   0.6374112 ]], shape=(1, 18), dtype=float32)"
900,[11 2 3 5 5 1 6 0 0 0 0 0 0 0 0 8 0 0 0 0 0 0 0 0 0],"tf.Tensor([ 2.3752463  1.3365622  0.8620509  1.9602783  1.0453925 10.       ], shape=(6,), dtype=float32)",0.0,[11 3 3 5 5 1 6 0 0 0 0 0 0 0 0 8 0 0 0 0 0 0 0 0 0],False,"tf.Tensor(
[[ 2.3752463   1.3365622   0.8620509   1.9602783   1.0453925   0.71116096
  -0.49046272  0.7056275   1.4615695   0.12042742  0.5672278  -0.42916432
   1.4509637   0.01295897  1.1427097   2.1297445   0.6850679   1.5885577 ]], shape=(1, 18), dtype=float32)"
901,[11 3 3 5 5 1 6 0 0 0 0 0 0 0 0 8 0 0 0 0 0 0 0 0 0],[1 1 1 0 0 8],0.0,[12 1 0 0 0 0 0 3 5 5 1 6 0 0 0 8 0 0 0 0 0 0 0 0 0],False,"tf.Tensor(
[[ 2.411773    1.3798054   0.9435664   1.9578613   1.050945    0.69246525
  -0.51669586  0.7248825   1.5236516   0.14669353  0.6075026  -0.46096656
   1.4591153   0.0076021   1.169784    2.1362288   0.6674727   1.560175  ]], shape=(1, 18), dtype=float32)"
902,[12 1 0 0 0 0 0 3 5 5 1 6 0 0 0 8 0 0 0 0 0 0 0 0 0],"tf.Tensor([2.1425126 1.2710963 1.1361257 1.278099  1.2964425 7.       ], shape=(6,), dtype=float32)",0.5,[12 2 6 1 6 2 2 0 0 0 0 0 0 0 0 8 0 0 0 0 0 0 0 0 0],False,"tf.Tensor(
[[ 2.1425126   1.2710963   1.1361257   1.278099    1.2964425   0.33550942
   0.3501854   1.1832845   1.467781   -0.13255882  0.49399278  0.23138705
   1.5491204   0.02629494  1.0720127   1.2507337   1.347362    0.6718236 ]], shape=(1, 18), dtype=float32)"
903,[12 2 6 1 6 2 2 0 0 0 0 0 0 0 0 8 0 0 0 0 0 0 0 0 0],"tf.Tensor([ 1.8178624   0.89905554  0.41876322  1.9273412   1.2448492  10.        ], shape=(6,), dtype=float32)",0.0,[12 3 6 1 6 2 2 0 0 0 0 0 0 0 0 8 0 0 0 0 0 0 0 0 0],False,"tf.Tensor(
[[ 1.8178624   0.89905554  0.41876322  1.9273412   1.2448492   0.54076004
  -0.14716315  0.8689405   0.73081285 -0.2736412   0.30894002 -0.3049561
   1.5392674  -0.3385777   1.1311352   2.1281211   0.9090455   1.358007  ]], shape=(1, 18), dtype=float32)"
904,[12 3 6 1 6 2 2 0 0 0 0 0 0 0 0 8 0 0 0 0 0 0 0 0 0],"tf.Tensor([ 1.8887234   0.9257943   0.49872327  1.916232    1.2375888  10.        ], shape=(6,), dtype=float32)",0.0,[13 1 0 0 0 0 0 6 1 6 2 2 0 0 0 8 0 0 0 0 0 0 0 0 0],False,"tf.Tensor(
[[ 1.8887234   0.9257943   0.49872327  1.916232    1.2375888   0.52625614
  -0.16519332  0.8962433   0.80144215 -0.24486804  0.3581325  -0.26989684
   1.5343021  -0.3274699   1.1672112   2.1153646   0.9105277   1.3483124 ]], shape=(1, 18), dtype=float32)"
905,[13 1 0 0 0 0 0 6 1 6 2 2 0 0 0 8 0 0 0 0 0 0 0 0 0],"tf.Tensor([ 1.9629248   1.1730058   0.47992092  1.3999139   1.1445171  11.        ], shape=(6,), dtype=float32)",0.4,[13 2 6 5 6 6 0 0 0 1 0 0 0 0 0 8 0 0 0 0 0 0 0 0 0],False,"tf.Tensor(
[[ 1.9629248e+00  1.1730058e+00  4.7992092e-01  1.3999139e+00
   1.1445171e+00  8.7513912e-01  5.3965688e-01  6.6377616e-01
   1.2305613e+00 -2.8131378e-01 -1.2371317e-04  1.0077426e-01
   1.5471710e+00  4.8812345e-01  1.0536878e+00  1.2626712e+00
   1.5663357e+00  8.7144947e-01]], shape=(1, 18), dtype=float32)"
906,[13 2 6 5 6 6 0 0 0 1 0 0 0 0 0 8 0 0 0 0 0 0 0 0 0],"tf.Tensor([ 2.2250996   1.0781082   0.89687455  1.9180732   1.4018316  10.        ], shape=(6,), dtype=float32)",0.0,[13 3 6 5 6 6 0 0 0 5 0 0 0 0 0 8 0 0 0 0 0 0 0 0 0],False,"tf.Tensor(
[[ 2.2250996   1.0781082   0.89687455  1.9180732   1.4018316   0.5490983
   0.17982349  1.3319361   1.0904298  -0.39404404  0.37744457 -0.07894988
   1.7258999  -0.60177475  1.429414    2.267673    1.2906269   1.1533206 ]], shape=(1, 18), dtype=float32)"
907,[13 3 6 5 6 6 0 0 0 5 0 0 0 0 0 8 0 0 0 0 0 0 0 0 0],"tf.Tensor([ 2.7830293  1.3837148  1.1788534  1.9488305  1.2269495 10.       ], shape=(6,), dtype=float32)",0.0,[14 1 0 0 0 0 0 6 5 3 6 6 0 0 0 8 0 0 0 0 0 0 0 0 0],True,"tf.Tensor(
[[ 2.7830293   1.3837148   1.1788534   1.9488305   1.2269495   0.7666119
   0.308253    1.2728297   1.5945073  -0.34627154  0.575006   -0.04262495
   1.7497098  -0.08717033  1.4390804   1.9336128   1.7033379   1.0541666 ]], shape=(1, 18), dtype=float32)"
908,[1 1 0 0 0 0 0 4 2 2 2 4 0 0 0 0 0 0 0 0 0 0 0 0 0],"tf.Tensor([1.0140772  0.9502677  0.7414584  0.38713014 1.0628179  3.        ], shape=(6,), dtype=float32)",0.30000000000000004,[1 2 4 2 4 0 0 0 0 1 1 0 0 0 0 0 0 0 0 0 0 0 0 0 0],False,"tf.Tensor(
[[ 1.0140772   0.9502677   0.7414584   0.38713014  1.0628179   0.41945168
   0.5036049   0.28985137  1.1497545  -0.13678205  0.34480026 -0.02666949
   0.9566882   0.5152481   0.58895946  0.64078397  0.8711933  -0.00416866]], shape=(1, 18), dtype=float32)"
909,[1 2 4 2 4 0 0 0 0 1 1 0 0 0 0 0 0 0 0 0 0 0 0 0 0],"tf.Tensor([ 0.9722716   0.79519325  0.7844082   0.77592796  1.0757984  10.        ], shape=(6,), dtype=float32)",0.0,[1 3 4 2 4 0 0 0 0 3 4 0 0 0 0 0 0 0 0 0 0 0 0 0 0],False,"tf.Tensor(
[[ 0.9722716   0.79519325  0.7844082   0.77592796  1.0757984   0.09842002
   0.43743262  0.3099772   1.0015538   0.02389156  0.37606847 -0.05280625
   0.9547715   0.05763024  0.80125666  1.1598445   0.55148494  0.35076952]], shape=(1, 18), dtype=float32)"
910,[1 3 4 2 4 0 0 0 0 3 4 0 0 0 0 0 0 0 0 0 0 0 0 0 0],"tf.Tensor([1.2377206  1.3401806  0.6922642  0.70095944 1.3874143  3.        ], shape=(6,), dtype=float32)",16.0,[2 1 0 0 0 0 0 4 2 2 2 4 0 0 0 8 0 0 0 0 0 0 0 0 0],False,"tf.Tensor(
[[ 1.2377206   1.3401806   0.6922642   0.70095944  1.3874143   0.30496082
   0.50912744  0.11216834  1.2000505  -0.02579703  0.32031587  0.0193743
   1.0959098   0.785066    0.83779955  1.1748705   1.0698639   0.18903962]], shape=(1, 18), dtype=float32)"
911,[2 1 0 0 0 0 0 4 2 2 2 4 0 0 0 8 0 0 0 0 0 0 0 0 0],"tf.Tensor([0.9184217  1.1868782  0.5793104  0.87947863 0.7319275  7.        ], shape=(6,), dtype=float32)",0.2,[2 2 4 2 0 0 0 0 0 3 2 5 0 0 0 8 0 0 0 0 0 0 0 0 0],False,"tf.Tensor(
[[ 0.9184217   1.1868782   0.5793104   0.87947863  0.7319275   0.01541481
  -0.5878072   0.88906336  0.44463223  0.00317815  0.20079555 -0.782022
   0.8920217  -0.00947529  0.7569065   0.63915914  0.6972679   0.10485706]], shape=(1, 18), dtype=float32)"
912,[2 2 4 2 0 0 0 0 0 3 2 5 0 0 0 8 0 0 0 0 0 0 0 0 0],"tf.Tensor([0.7482581  0.7403731  0.39683783 0.65219975 0.735736   7.        ], shape=(6,), dtype=float32)",0.0,[2 3 4 2 0 0 0 0 0 5 3 6 0 0 0 8 0 0 0 0 0 0 0 0 0],False,"tf.Tensor(
[[ 0.7482581   0.7403731   0.39683783  0.65219975  0.735736    0.02534449
  -0.00706879  0.5707929   0.44636083 -0.0129509   0.32358742 -0.1249032
   0.7527755   0.03447259  0.50615156  0.61664414  0.6517769   0.14540258]], shape=(1, 18), dtype=float32)"
913,[2 3 4 2 0 0 0 0 0 5 3 6 0 0 0 8 0 0 0 0 0 0 0 0 0],"tf.Tensor([1.038104   0.87227106 0.62536657 0.6835964  0.96090424 7.        ], shape=(6,), dtype=float32)",0.0,[3 1 0 0 0 0 0 4 2 6 5 4 0 0 0 8 0 0 0 0 0 0 0 0 0],False,"tf.Tensor(
[[ 1.038104    0.87227106  0.62536657  0.6835964   0.96090424  0.08884145
   0.20489033  0.5595044   0.83364105  0.05623914  0.44788334 -0.01364338
   0.89140755  0.22080797  0.6094655   0.7412067   0.76198006  0.17769131]], shape=(1, 18), dtype=float32)"
914,[3 1 0 0 0 0 0 4 2 6 5 4 0 0 0 8 0 0 0 0 0 0 0 0 0],[0 0 0 1 1 7],0.2,[3 2 1 3 0 0 0 1 3 3 0 0 0 0 0 8 0 0 0 0 0 0 0 0 0],False,"tf.Tensor(
[[ 1.0627416   1.0518817   0.70306665  0.8596967   0.88342357  0.32551455
   0.0192865   0.5217416   0.78213656 -0.11903183  0.24311289 -0.4167942
   1.140976    0.04660694  0.8922764   0.8593682   0.845135    0.30672145]], shape=(1, 18), dtype=float32)"
915,[3 2 1 3 0 0 0 1 3 3 0 0 0 0 0 8 0 0 0 0 0 0 0 0 0],"tf.Tensor([ 0.6461442   1.0561799  -0.2175515   0.90527683  0.35370672  2.        ], shape=(6,), dtype=float32)",0.1,[3 3 1 3 3 0 0 1 0 3 0 0 0 0 0 8 0 0 0 0 0 0 0 0 0],False,"tf.Tensor(
[[ 0.6461442   1.0561799  -0.2175515   0.90527683  0.35370672  0.14566532
  -0.8646463   1.2011855  -0.5125257  -0.54123527  0.10076855 -0.29449812
   0.78231865 -0.07692602  0.30605718  0.6100915   0.79632485  0.1877858 ]], shape=(1, 18), dtype=float32)"
916,[3 3 1 3 3 0 0 1 0 3 0 0 0 0 0 8 0 0 0 0 0 0 0 0 0],"tf.Tensor([ 0.7963258   0.8641023  -0.08852547  0.8888385   0.4731313   2.        ], shape=(6,), dtype=float32)",12.0,[4 1 0 0 0 0 0 4 5 5 1 3 0 0 6 8 0 0 0 0 0 0 0 0 0],False,"tf.Tensor(
[[ 0.7963258   0.8641023  -0.08852547  0.8888385   0.4731313   0.18807304
  -0.4518272   0.92428815 -0.14850305 -0.26875025  0.06730458 -0.11929221
   0.7926532   0.00369534  0.41225645  0.6840248   0.77230597  0.37892172]], shape=(1, 18), dtype=float32)"
917,[4 1 0 0 0 0 0 4 5 5 1 3 0 0 6 8 0 0 0 0 0 0 0 0 0],"tf.Tensor([ 1.1700149   1.540824    0.16041555  0.876432    0.90707046 11.        ], shape=(6,), dtype=float32)",0.30000000000000004,[4 2 3 5 1 0 0 0 0 5 3 0 0 0 6 8 0 0 0 0 0 0 0 0 0],False,"tf.Tensor(
[[ 1.1700149   1.540824    0.16041555  0.876432    0.90707046  0.23512068
  -0.5550136   1.2149305   0.31672716 -0.2705952   0.05499865 -0.24805409
   1.1615701   0.19768196  0.86526906  0.4472558   1.3993866   0.01224995]], shape=(1, 18), dtype=float32)"
918,[4 2 3 5 1 0 0 0 0 5 3 0 0 0 6 8 0 0 0 0 0 0 0 0 0],"tf.Tensor([ 1.0894021   1.2274026   0.3829226   0.43973184  1.059432   11.        ], shape=(6,), dtype=float32)",0.0,[4 3 3 5 1 0 0 0 0 5 6 0 0 0 6 8 0 0 0 0 0 0 0 0 0],False,"tf.Tensor(
[[ 1.0894021   1.2274026   0.3829226   0.43973184  1.059432    0.52934146
   0.12799393  1.0861452   0.98267305 -0.2515115  -0.29338297 -0.14720662
   0.7624914   0.3118332   0.47386706  0.4094102   1.2646108  -0.03485839]], shape=(1, 18), dtype=float32)"
919,[4 3 3 5 1 0 0 0 0 5 6 0 0 0 6 8 0 0 0 0 0 0 0 0 0],"tf.Tensor([ 1.1598339   1.0300272   0.3885193   0.58606404  1.1613055  11.        ], shape=(6,), dtype=float32)",0.0,[5 1 0 0 0 0 0 3 5 4 4 1 0 0 6 8 0 0 0 0 0 0 0 0 0],False,"tf.Tensor(
[[ 1.1598339   1.0300272   0.3885193   0.58606404  1.1613055   0.6260473
   0.40637857  0.7913619   1.0665176  -0.23739961 -0.34826905 -0.00872631
   1.0039774   0.31695992  0.6081611   0.55694646  1.2982212   0.2601268 ]], shape=(1, 18), dtype=float32)"
920,[5 1 0 0 0 0 0 3 5 4 4 1 0 0 6 8 0 0 0 0 0 0 0 0 0],"tf.Tensor([ 1.2842971   1.3414707   0.13832958  0.95820445  0.8899984  11.        ], shape=(6,), dtype=float32)",0.30000000000000004,[5 2 1 2 3 0 0 0 0 6 0 6 0 0 6 8 0 0 0 0 0 0 0 0 0],False,"tf.Tensor(
[[ 1.2842971   1.3414707   0.13832958  0.95820445  0.8899984   0.39437735
  -0.34349328  1.0302233   0.5871471  -0.21807057  0.06550071 -0.15757748
   1.0953317   0.18935394  0.7924168   0.6862422   1.228997    0.3215632 ]], shape=(1, 18), dtype=float32)"
921,[5 2 1 2 3 0 0 0 0 6 0 6 0 0 6 8 0 0 0 0 0 0 0 0 0],"tf.Tensor([ 1.4698904   1.8032792   0.30362707  0.53901297  1.2888955  11.        ], shape=(6,), dtype=float32)",0.1,[5 3 1 2 3 6 0 0 0 1 0 0 0 0 6 8 0 0 0 0 0 0 0 0 0],False,"tf.Tensor(
[[ 1.4698904   1.8032792   0.30362707  0.53901297  1.2888955   0.6276088
  -0.04843007  1.0761534   1.1663771  -0.27170548  0.06042881 -0.08819824
   1.0789449   0.69711006  0.68883693  0.6353073   1.3815305  -0.00816429]], shape=(1, 18), dtype=float32)"
922,[5 3 1 2 3 6 0 0 0 1 0 0 0 0 6 8 0 0 0 0 0 0 0 0 0],"tf.Tensor([1.467492   1.767927   0.21022993 1.0068666  0.7939943  2.        ], shape=(6,), dtype=float32)",-6.0,[6 1 0 0 0 0 0 1 2 1 3 2 0 0 3 8 0 0 0 0 0 0 0 0 0],False,"tf.Tensor(
[[ 1.467492    1.767927    0.21022993  1.0068666   0.7939943   0.40461972
  -0.47276247  1.341934    0.81633234 -0.28734577  0.1133354  -0.48187897
   0.87878954  0.04530459  0.79178166  0.76501834  1.3019246   0.16429535]], shape=(1, 18), dtype=float32)"
923,[6 1 0 0 0 0 0 1 2 1 3 2 0 0 3 8 0 0 0 0 0 0 0 0 0],"tf.Tensor([ 1.1210579   1.2317705   0.19293761  0.86071837  0.91763633 11.        ], shape=(6,), dtype=float32)",0.30000000000000004,[6 2 2 3 5 0 0 0 0 3 5 0 0 0 3 8 0 0 0 0 0 0 0 0 0],False,"tf.Tensor(
[[ 1.1210579   1.2317705   0.19293761  0.86071837  0.91763633  0.21180946
  -0.31170613  0.8010534   0.8057895   0.09266482  0.13390227 -0.48014352
   0.81832474  0.19786537  0.62475705  0.55516607  1.0102241   0.20537922]], shape=(1, 18), dtype=float32)"
924,[6 2 2 3 5 0 0 0 0 3 5 0 0 0 3 8 0 0 0 0 0 0 0 0 0],"tf.Tensor([1.4373528  0.93678606 0.26959917 1.177944   1.2016858  7.        ], shape=(6,), dtype=float32)",0.1,[6 3 2 3 5 5 0 0 0 1 0 0 0 0 3 8 0 0 0 0 0 0 0 0 0],False,"tf.Tensor(
[[ 1.4373528   0.93678606  0.26959917  1.177944    1.2016858   0.6316658
   0.18543576  0.50632644  0.9830005  -0.1106741  -0.0687741  -0.2201032
   1.2162824   0.05058675  0.8429631   1.1887226   1.096412    0.78346455]], shape=(1, 18), dtype=float32)"
925,[6 3 2 3 5 5 0 0 0 1 0 0 0 0 3 8 0 0 0 0 0 0 0 0 0],[ 1  0  1  1  0 11],0.0,[7 1 0 0 0 0 0 2 3 6 3 5 0 0 3 8 0 0 0 0 0 0 0 0 0],False,"tf.Tensor(
[[ 1.6984128   1.3341676   0.52739483  1.4813536   0.75752205  0.30335328
  -0.3399323   1.273083    0.57130134 -0.3545233   0.36589602 -0.36695257
   1.1310254  -0.350213    0.9862715   1.3727188   1.1220809   0.67170805]], shape=(1, 18), dtype=float32)"
926,[7 1 0 0 0 0 0 2 3 6 3 5 0 0 3 8 0 0 0 0 0 0 0 0 0],[1 1 0 1 0 0],0.30000000000000004,[7 2 1 2 3 0 0 0 0 2 0 5 0 0 3 8 0 0 0 0 0 0 0 0 0],False,"tf.Tensor(
[[ 1.5497847   1.2008486   0.605991    0.8096038   0.92322445  0.44470185
   0.16293655  0.9185673   1.1127286  -0.16155002  0.22005266  0.08950354
   1.0812744   0.24703638  0.84102774  0.70896274  1.2395432   0.3009216 ]], shape=(1, 18), dtype=float32)"
927,[7 2 1 2 3 0 0 0 0 2 0 5 0 0 3 8 0 0 0 0 0 0 0 0 0],"tf.Tensor([ 1.3417442   1.1382163   0.49319214  0.86013204  0.97573346 11.        ], shape=(6,), dtype=float32)",0.1,[7 3 1 2 3 5 0 0 0 5 0 0 0 0 3 8 0 0 0 0 0 0 0 0 0],False,"tf.Tensor(
[[ 1.3417442   1.1382163   0.49319214  0.86013204  0.97573346  0.24339184
   0.12245359  0.9360163   1.048568    0.02403313  0.15504599 -0.20812102
   0.9073322  -0.0193425   0.8292568   0.79531914  1.1330549   0.23032066]], shape=(1, 18), dtype=float32)"
928,[7 3 1 2 3 5 0 0 0 5 0 0 0 0 3 8 0 0 0 0 0 0 0 0 0],"tf.Tensor([ 1.2568735   1.3348011   0.16147192  0.8466162   0.79093397 11.        ], shape=(6,), dtype=float32)",0.0,[8 1 0 0 0 0 0 1 2 2 3 3 0 0 3 8 0 0 0 0 0 0 0 0 0],False,"tf.Tensor(
[[ 1.2568735   1.3348011   0.16147192  0.8466162   0.79093397  0.44878906
  -0.3314308   1.0193003   0.61423016 -0.38474843  0.09174326 -0.13201359
   0.97481346  0.15976796  0.5702807   0.56127733  1.1947563   0.2497674 ]], shape=(1, 18), dtype=float32)"
929,[8 1 0 0 0 0 0 1 2 2 3 3 0 0 3 8 0 0 0 0 0 0 0 0 0],"tf.Tensor([ 1.3591878   1.2605247   0.2732261   0.9042636   0.98689175 11.        ], shape=(6,), dtype=float32)",0.4,[8 2 2 4 1 1 0 0 0 4 0 0 0 0 3 8 0 0 0 0 0 0 0 0 0],False,"tf.Tensor(
[[ 1.3591878   1.2605247   0.2732261   0.9042636   0.98689175  0.32207772
  -0.11876011  0.7461704   1.0429479   0.11211692  0.15852311 -0.2951554
   0.89732635  0.27796367  0.72941387  0.63631666  1.0824368   0.35522538]], shape=(1, 18), dtype=float32)"
930,[8 2 2 4 1 1 0 0 0 4 0 0 0 0 3 8 0 0 0 0 0 0 0 0 0],"tf.Tensor([ 1.0439063   0.97354645  0.3338396   0.63585824  0.8162737  11.        ], shape=(6,), dtype=float32)",0.0,[8 3 2 4 1 1 0 0 0 4 0 0 0 0 3 8 0 0 0 0 0 0 0 0 0],False,"tf.Tensor(
[[ 1.0439063   0.97354645  0.3338396   0.63585824  0.8162737   0.4015617
   0.08386941  0.9130268   0.6774402  -0.33456203 -0.04358039  0.0331719
   1.0140369   0.19154118  0.5682844   0.4430028   1.1956787   0.11666065]], shape=(1, 18), dtype=float32)"
931,[8 3 2 4 1 1 0 0 0 4 0 0 0 0 3 8 0 0 0 0 0 0 0 0 0],"tf.Tensor([ 1.1127604   1.0804907   0.3537497   0.63252896  0.8557212  11.        ], shape=(6,), dtype=float32)",0.0,[9 1 0 0 0 0 0 2 4 2 1 1 0 0 3 8 0 0 0 0 0 0 0 0 0],False,"tf.Tensor(
[[ 1.1127604   1.0804907   0.3537497   0.63252896  0.8557212   0.40420052
   0.03237544  0.9891075   0.7528524  -0.29090095 -0.03778283  0.01875726
   1.0322218   0.25646088  0.59240997  0.40058762  1.253335    0.07512373]], shape=(1, 18), dtype=float32)"
932,[9 1 0 0 0 0 0 2 4 2 1 1 0 0 3 8 0 0 0 0 0 0 0 0 0],"tf.Tensor([ 1.1687305   1.3161936   0.02973961  0.8964013   0.9496514  11.        ], shape=(6,), dtype=float32)",0.30000000000000004,[9 2 4 4 4 0 0 0 0 2 6 0 0 0 3 8 0 0 0 0 0 0 0 0 0],False,"tf.Tensor(
[[ 1.1687305   1.3161936   0.02973961  0.8964013   0.9496514   0.37134412
  -0.41164017  1.1259208   0.42375553 -0.18254739 -0.07865918 -0.10846615
   1.1968756   0.26577798  0.7409276   0.54006475  1.3199266   0.23650879]], shape=(1, 18), dtype=float32)"
933,[9 2 4 4 4 0 0 0 0 2 6 0 0 0 3 8 0 0 0 0 0 0 0 0 0],[1 1 0 1 0 3],0.1,[9 3 4 4 4 6 0 0 0 2 0 0 0 0 3 8 0 0 0 0 0 0 0 0 0],False,"tf.Tensor(
[[ 1.9723732   1.1704757   0.50771797  1.3266218   1.2998978   0.59521157
   0.01617032  0.58327293  1.1116884  -0.05286192  0.13937353  0.06580889
   1.4238772   0.33419883  0.9457269   1.4767697   1.1753811   0.98680264]], shape=(1, 18), dtype=float32)"
934,[9 3 4 4 4 6 0 0 0 2 0 0 0 0 3 8 0 0 0 0 0 0 0 0 0],"tf.Tensor([ 1.7843523  1.3331245  0.675964   1.271211   0.9962416 11.       ], shape=(6,), dtype=float32)",0.0,[10 1 0 0 0 0 0 4 4 4 1 4 0 0 3 8 0 0 0 0 0 0 0 0 0],False,"tf.Tensor(
[[ 1.7843523   1.3331245   0.675964    1.271211    0.9962416   0.37253422
  -0.11060129  1.3033009   0.8866039  -0.30237317  0.265556   -0.10621555
   1.3228278  -0.17046943  1.0568548   1.1452165   1.3749909   0.52054137]], shape=(1, 18), dtype=float32)"
935,[10 1 0 0 0 0 0 4 4 4 1 4 0 0 3 8 0 0 0 0 0 0 0 0 0],"tf.Tensor([ 1.7273164   1.3912646   0.55030173  0.9451483   1.1862763  11.        ], shape=(6,), dtype=float32)",0.4,[10 2 4 2 5 2 0 0 0 2 0 0 0 0 3 8 0 0 0 0 0 0 0 0 0],False,"tf.Tensor(
[[ 1.7273164   1.3912646   0.55030173  0.9451483   1.1862763   0.35832864
   0.0382782   1.2053704   1.0951096  -0.09795448  0.21739538  0.26668322
   1.3369275   0.32203028  0.9218794   0.71601135  1.4853624   0.3437901 ]], shape=(1, 18), dtype=float32)"
936,[10 2 4 2 5 2 0 0 0 2 0 0 0 0 3 8 0 0 0 0 0 0 0 0 0],"tf.Tensor([1.6646487 1.1878078 0.3915881 1.3015167 1.0863876 7.       ], shape=(6,), dtype=float32)",0.0,[10 3 4 2 5 2 0 0 0 6 0 0 0 0 3 8 0 0 0 0 0 0 0 0 0],False,"tf.Tensor(
[[ 1.6646487   1.1878078   0.3915881   1.3015167   1.0863876   0.46936238
  -0.04936678  1.056474    0.7534726  -0.25233713  0.10805584 -0.07152375
   1.3247182  -0.01977832  0.94166005  1.2095712   1.2782041   0.70968866]], shape=(1, 18), dtype=float32)"
937,[10 3 4 2 5 2 0 0 0 6 0 0 0 0 3 8 0 0 0 0 0 0 0 0 0],"tf.Tensor([ 2.0113924  1.349519   0.4851877  1.1700386  1.0744151 11.       ], shape=(6,), dtype=float32)",0.0,[11 1 0 0 0 0 0 4 2 2 5 2 0 0 3 8 0 0 0 0 0 0 0 0 0],False,"tf.Tensor(
[[ 2.0113924   1.349519    0.4851877   1.1700386   1.0744151   0.80536133
   0.17959942  0.99451244  1.2303265  -0.40335903  0.20789665  0.14272696
   1.368886    0.4907064   0.81923854  0.94389755  1.6650999   0.5006324 ]], shape=(1, 18), dtype=float32)"
938,[11 1 0 0 0 0 0 4 2 2 5 2 0 0 3 8 0 0 0 0 0 0 0 0 0],"tf.Tensor([1.8839444  1.3256183  0.42855257 1.167938   1.31781    7.        ], shape=(6,), dtype=float32)",0.4,[11 2 1 5 5 4 0 0 0 2 0 0 0 0 3 8 0 0 0 0 0 0 0 0 0],False,"tf.Tensor(
[[ 1.8839444   1.3256183   0.42855257  1.167938    1.31781     0.5887012
   0.16720691  0.8463781   1.2731537   0.0992779   0.06447548 -0.05534678
   1.3834443   0.560411    1.0038103   1.0775411   1.3245105   0.7332711 ]], shape=(1, 18), dtype=float32)"
939,[11 2 1 5 5 4 0 0 0 2 0 0 0 0 3 8 0 0 0 0 0 0 0 0 0],[ 0  0  0  0  0 12],0.0,[11 3 1 5 5 4 0 0 0 1 0 0 0 0 3 8 0 0 0 0 0 0 0 0 0],False,"tf.Tensor(
[[ 1.9294733   1.5321866   0.4556625   1.4955897   1.2056638   0.5864365
  -0.16702001  1.4214854   1.0064926  -0.39709246  0.178843   -0.2892073
   1.3414216  -0.2187033   0.9955373   1.5446388   1.4288416   0.6733538 ]], shape=(1, 18), dtype=float32)"
940,[11 3 1 5 5 4 0 0 0 1 0 0 0 0 3 8 0 0 0 0 0 0 0 0 0],"tf.Tensor([ 1.8550234  1.3316981  0.5380542  1.466011   1.2336576 10.       ], shape=(6,), dtype=float32)",0.0,[12 1 0 0 0 0 0 1 5 4 5 4 0 0 3 8 0 0 0 0 0 0 0 0 0],False,"tf.Tensor(
[[ 1.8550234   1.3316981   0.5380542   1.466011    1.2336576   0.58583426
  -0.09798647  1.3473576   1.0562925  -0.34437895  0.17430072 -0.27437612
   1.3351479  -0.35635972  1.0889509   1.5820818   1.3757834   0.6491973 ]], shape=(1, 18), dtype=float32)"
941,[12 1 0 0 0 0 0 1 5 4 5 4 0 0 3 8 0 0 0 0 0 0 0 0 0],"tf.Tensor([2.312535   1.4729815  0.91010517 1.288273   1.4748433  3.        ], shape=(6,), dtype=float32)",0.5,[12 2 1 5 5 6 1 0 0 0 0 0 0 0 3 8 0 0 0 0 0 0 0 0 0],False,"tf.Tensor(
[[ 2.312535    1.4729815   0.91010517  1.288273    1.4748433   0.69302475
   0.36810905  1.0534769   1.7215979  -0.05384798  0.22960001  0.10228
   1.6114054   0.4417303   1.0616627   1.2293717   1.523297    0.7380255 ]], shape=(1, 18), dtype=float32)"
942,[12 2 1 5 5 6 1 0 0 0 0 0 0 0 3 8 0 0 0 0 0 0 0 0 0],"tf.Tensor([ 2.1831143   1.4843544   0.50642264  1.6997896   1.2723211  10.        ], shape=(6,), dtype=float32)",0.0,[12 3 1 5 5 6 1 0 0 0 0 0 0 0 3 8 0 0 0 0 0 0 0 0 0],False,"tf.Tensor(
[[ 2.1831143   1.4843544   0.50642264  1.6997896   1.2723211   0.8482752
  -0.19109042  1.3986273   1.2780323  -0.4332077   0.14176895 -0.3160736
   1.3619533  -0.2870478   1.1352094   1.9282038   1.3615557   1.0177435 ]], shape=(1, 18), dtype=float32)"
943,[12 3 1 5 5 6 1 0 0 0 0 0 0 0 3 8 0 0 0 0 0 0 0 0 0],"tf.Tensor([ 2.1344285  1.385619   0.6018069  1.6436056  1.3084112 10.       ], shape=(6,), dtype=float32)",0.0,[13 1 0 0 0 0 0 1 5 5 6 1 0 0 3 8 0 0 0 0 0 0 0 0 0],False,"tf.Tensor(
[[ 2.1344285   1.385619    0.6018069   1.6436056   1.3084112   0.81117857
  -0.13538982  1.3622344   1.3122202  -0.42402673  0.16433823 -0.28625542
   1.3865516  -0.34664986  1.1680925   1.8755165   1.3579979   0.94334126]], shape=(1, 18), dtype=float32)"
944,[13 1 0 0 0 0 0 1 5 5 6 1 0 0 3 8 0 0 0 0 0 0 0 0 0],"tf.Tensor([ 2.3692918   1.4339213   0.60728294  1.4180541   1.4632074  11.        ], shape=(6,), dtype=float32)",0.4,[13 2 2 4 5 6 0 0 0 2 0 0 0 0 3 8 0 0 0 0 0 0 0 0 0],False,"tf.Tensor(
[[ 2.3692918   1.4339213   0.60728294  1.4180541   1.4632074   0.8885307
   0.44917744  0.95807004  1.5744084  -0.20560673  0.12333751  0.26786408
   1.6331329   0.76232374  0.9299499   1.2504604   1.7294481   0.85031945]], shape=(1, 18), dtype=float32)"
945,[13 2 2 4 5 6 0 0 0 2 0 0 0 0 3 8 0 0 0 0 0 0 0 0 0],"tf.Tensor([ 2.1692424  1.537559   0.5859413  1.5748388  1.3976825 10.       ], shape=(6,), dtype=float32)",0.0,[13 3 2 4 5 6 0 0 0 5 0 0 0 0 3 8 0 0 0 0 0 0 0 0 0],False,"tf.Tensor(
[[ 2.1692424   1.537559    0.5859413   1.5748388   1.3976825   0.69417804
   0.0564967   1.5000407   1.1596546  -0.52387834  0.14927651 -0.06681993
   1.538408   -0.20307574  1.1040424   1.7942674   1.5166978   0.83364475]], shape=(1, 18), dtype=float32)"
946,[13 3 2 4 5 6 0 0 0 5 0 0 0 0 3 8 0 0 0 0 0 0 0 0 0],"tf.Tensor([ 2.5133848  1.7189124  0.7895094  1.5515513  1.3110126 11.       ], shape=(6,), dtype=float32)",0.0,[14 1 0 0 0 0 0 2 4 1 5 6 0 0 3 8 0 0 0 0 0 0 0 0 0],True,"tf.Tensor(
[[ 2.5133848   1.7189124   0.7895094   1.5515513   1.3110126   0.6936878
   0.16326152  1.5869693   1.3735391  -0.5575763   0.4127071   0.14577335
   1.6233275   0.20577048  1.0208614   1.527847    1.8157524   0.664153  ]], shape=(1, 18), dtype=float32)"
947,[1 1 0 0 0 0 0 5 5 4 6 5 0 0 0 0 0 0 0 0 0 0 0 0 0],"tf.Tensor([1.5370246 1.2824755 1.2342927 0.8257451 1.6169178 3.       ], shape=(6,), dtype=float32)",0.4,[1 2 5 5 4 5 0 0 0 0 1 0 0 0 0 0 0 0 0 0 0 0 0 0 0],False,"tf.Tensor(
[[ 1.5370246   1.2824755   1.2342927   0.8257451   1.6169178   0.5218973
   0.8703466   0.27185228  1.6928961  -0.22608535  0.71908003 -0.09438448
   1.5367498   0.6815794   0.96171117  1.2390637   1.336696    0.02669238]], shape=(1, 18), dtype=float32)"
948,[1 2 5 5 4 5 0 0 0 0 1 0 0 0 0 0 0 0 0 0 0 0 0 0 0],[0 1 0 1 0 3],0.1,[1 3 5 5 4 5 1 0 0 0 0 0 0 0 0 0 0 0 0 0 0 0 0 0 0],False,"tf.Tensor(
[[ 1.496629    0.85850304  1.329117    1.2197673   1.4271663   0.07357788
   0.8678703   0.6325859   1.4574215  -0.21166383  0.6083419   0.04134998
   1.278791   -0.43255475  1.2109636   1.9521624   0.8195087   0.5272598 ]], shape=(1, 18), dtype=float32)"
949,[1 3 5 5 4 5 1 0 0 0 0 0 0 0 0 0 0 0 0 0 0 0 0 0 0],"tf.Tensor([ 1.6685184  0.9069769  1.4037799  1.1938952  1.5691068 10.       ], shape=(6,), dtype=float32)",0.0,[2 1 0 0 0 0 0 5 5 4 6 5 0 0 0 0 0 0 0 0 0 0 0 0 0],False,"tf.Tensor(
[[ 1.6685184   0.9069769   1.4037799   1.1938952   1.5691068   0.19926393
   0.89536756  0.64793926  1.6402712  -0.19692218  0.6441865  -0.11693452
   1.4360732  -0.33172703  1.2376981   1.9554055   0.8491741   0.5680039 ]], shape=(1, 18), dtype=float32)"
950,[2 1 0 0 0 0 0 5 5 4 6 5 0 0 0 0 0 0 0 0 0 0 0 0 0],"tf.Tensor([1.6304858  1.3119938  1.2389091  0.86160105 1.6307844  3.        ], shape=(6,), dtype=float32)",0.4,[2 2 2 5 6 6 0 0 0 0 4 0 0 0 0 0 0 0 0 0 0 0 0 0 0],False,"tf.Tensor(
[[ 1.6304858   1.3119938   1.2389091   0.86160105  1.6307844   0.596549
   0.9423889   0.30593508  1.764988   -0.25269508  0.6923017  -0.0789214
   1.5770468   0.76264066  0.93484217  1.2766601   1.409058    0.03504118]], shape=(1, 18), dtype=float32)"
951,[2 2 2 5 6 6 0 0 0 0 4 0 0 0 0 0 0 0 0 0 0 0 0 0 0],"tf.Tensor([ 1.7737492  1.0164257  1.489431   1.5882139  0.9553538 10.       ], shape=(6,), dtype=float32)",0.1,[2 3 2 5 6 6 4 0 0 0 0 0 0 0 0 0 0 0 0 0 0 0 0 0 0],False,"tf.Tensor(
[[ 1.7737492   1.0164257   1.489431    1.5882139   0.9553538  -0.21074167
   0.3454485   1.1261169   1.2219417  -0.07510307  0.8005031   0.07162708
   1.0727174  -0.7354849   1.3290752   2.0080717   0.73067486  0.6496204 ]], shape=(1, 18), dtype=float32)"
952,[2 3 2 5 6 6 4 0 0 0 0 0 0 0 0 0 0 0 0 0 0 0 0 0 0],"tf.Tensor([ 2.097829   1.349092   1.6884888  1.5314006  1.3877306 10.       ], shape=(6,), dtype=float32)",0.0,[3 1 0 0 0 0 0 2 5 6 6 6 0 0 0 0 0 0 0 0 0 0 0 0 0],False,"tf.Tensor(
[[ 2.097829    1.349092    1.6884888   1.5314006   1.3877306   0.03530949
   0.35256475  1.0895915   1.7457979   0.00914055  0.86348337 -0.2399767
   1.4630839  -0.361641    1.3821203   1.9151634   0.89091295  0.6273687 ]], shape=(1, 18), dtype=float32)"
953,[3 1 0 0 0 0 0 2 5 6 6 6 0 0 0 0 0 0 0 0 0 0 0 0 0],"tf.Tensor([1.8155444 1.4649117 1.400495  0.9716917 1.6976079 7.       ], shape=(6,), dtype=float32)",0.5,[3 2 2 3 6 3 1 0 0 0 0 0 0 0 0 0 0 0 0 0 0 0 0 0 0],False,"tf.Tensor(
[[ 1.8155444   1.4649117   1.400495    0.9716917   1.6976079   0.27592558
   0.9570645   0.3696608   1.4940138  -0.12665236  0.9703709   0.2804056
   1.7894425   1.2790539   0.82209784  1.6699272   1.3804023   0.01672298]], shape=(1, 18), dtype=float32)"
954,[3 2 2 3 6 3 1 0 0 0 0 0 0 0 0 0 0 0 0 0 0 0 0 0 0],"tf.Tensor([ 1.6814216  0.9555525  1.388327   1.3434268  0.9193707 10.       ], shape=(6,), dtype=float32)",0.0,[3 3 2 3 6 3 1 0 0 0 0 0 0 0 0 0 0 0 0 0 0 0 0 0 0],False,"tf.Tensor(
[[ 1.6814216   0.9555525   1.388327    1.3434268   0.9193707  -0.11931548
   0.36420605  1.0461485   1.2234638  -0.08227262  0.7780642  -0.02047575
   1.0551358  -0.54689634  1.1197038   1.7453483   0.61343026  0.5867524 ]], shape=(1, 18), dtype=float32)"
955,[3 3 2 3 6 3 1 0 0 0 0 0 0 0 0 0 0 0 0 0 0 0 0 0 0],"tf.Tensor([ 1.7131908   0.9109594   1.4654676   1.3628577   0.93952185 10.        ], shape=(6,), dtype=float32)",0.0,[4 1 0 0 0 0 0 2 3 6 3 1 0 0 0 0 0 0 0 0 0 0 0 0 0],False,"tf.Tensor(
[[ 1.7131908   0.9109594   1.4654676   1.3628577   0.93952185 -0.12675358
   0.37260637  1.0436604   1.2307906  -0.0759865   0.8451588  -0.10461686
   1.1303126  -0.57585627  1.1547587   1.7953731   0.56633925  0.61436635]], shape=(1, 18), dtype=float32)"
956,[4 1 0 0 0 0 0 2 3 6 3 1 0 0 0 0 0 0 0 0 0 0 0 0 0],"tf.Tensor([ 1.6715127   0.91738945  1.0639478   1.1278244   1.0865182  11.        ], shape=(6,), dtype=float32)",0.5,[4 2 2 6 1 2 1 0 0 0 0 0 0 0 0 0 0 0 0 0 0 0 0 0 0],False,"tf.Tensor(
[[ 1.6715127   0.91738945  1.0639478   1.1278244   1.0865182   0.65415806
   0.892511    0.37579447  1.2313459  -0.29841167  0.40112233  0.00295134
   1.3054394   0.831768    0.7058856   1.3465952   1.4287752   0.20379408]], shape=(1, 18), dtype=float32)"
957,[4 2 2 6 1 2 1 0 0 0 0 0 0 0 0 0 0 0 0 0 0 0 0 0 0],"tf.Tensor([1.4420216  0.86080104 1.2044202  0.76999104 1.0909426  3.        ], shape=(6,), dtype=float32)",0.0,[4 3 2 6 1 2 1 0 0 0 0 0 0 0 0 0 0 0 0 0 0 0 0 0 0],False,"tf.Tensor(
[[ 1.4420216   0.86080104  1.2044202   0.76999104  1.0909426   0.32448322
   0.55269593  0.65431046  1.558068    0.05822034  0.4028086  -0.23716694
   0.938169    0.04869379  0.6987306   1.164539    0.6311501   0.26484543]], shape=(1, 18), dtype=float32)"
958,[4 3 2 6 1 2 1 0 0 0 0 0 0 0 0 0 0 0 0 0 0 0 0 0 0],"tf.Tensor([1.5136049  0.88209474 1.3192084  0.774142   1.1080709  3.        ], shape=(6,), dtype=float32)",0.0,[5 1 0 0 0 0 0 2 6 1 2 1 0 0 0 0 0 0 0 0 0 0 0 0 0],False,"tf.Tensor(
[[ 1.5136049   0.88209474  1.3192084   0.774142    1.1080709   0.3587497
   0.5961118   0.66989434  1.6999102   0.05821432  0.42091107 -0.2677345
   0.9686157   0.01939107  0.7515937   1.1748184   0.6722398   0.2378409 ]], shape=(1, 18), dtype=float32)"
959,[5 1 0 0 0 0 0 2 6 1 2 1 0 0 0 0 0 0 0 0 0 0 0 0 0],"tf.Tensor([1.4844283  1.0366557  0.94828045 1.0047832  1.1791861  7.        ], shape=(6,), dtype=float32)",0.5,[5 2 3 2 6 4 6 0 0 0 0 0 0 0 0 0 0 0 0 0 0 0 0 0 0],False,"tf.Tensor(
[[ 1.4844283   1.0366557   0.94828045  1.0047832   1.1791861   0.40756604
   0.48902127  0.52035856  1.1818364  -0.18959837  0.5504048  -0.08741217
   1.2681692   0.51590717  0.63947034  1.0314714   1.0089273   0.30940866]], shape=(1, 18), dtype=float32)"
960,[5 2 3 2 6 4 6 0 0 0 0 0 0 0 0 0 0 0 0 0 0 0 0 0 0],"tf.Tensor([ 1.9982907  1.4900353  1.4254649  1.5975221  1.4285071 10.       ], shape=(6,), dtype=float32)",0.0,[5 3 3 2 6 4 6 0 0 0 0 0 0 0 0 0 0 0 0 0 0 0 0 0 0],False,"tf.Tensor(
[[ 1.9982907   1.4900353   1.4254649   1.5975221   1.4285071   0.07318757
   0.13489607  0.8983016   1.5001922   0.09396484  0.9041038  -0.39221686
   1.6948061  -0.00236199  1.3485559   1.8039422   0.7961195   0.7792609 ]], shape=(1, 18), dtype=float32)"
961,[5 3 3 2 6 4 6 0 0 0 0 0 0 0 0 0 0 0 0 0 0 0 0 0 0],"tf.Tensor([ 2.0409744  1.502509   1.5164114  1.6253803  1.4727644 10.       ], shape=(6,), dtype=float32)",0.0,[6 1 0 0 0 0 0 3 2 6 4 6 0 0 0 0 0 0 0 0 0 0 0 0 0],False,"tf.Tensor(
[[ 2.0409744   1.502509    1.5164114   1.6253803   1.4727644   0.05678689
   0.13029224  0.91605765  1.5528204   0.11148643  0.94573766 -0.4257146
   1.7481613  -0.02138034  1.3832308   1.8345163   0.8037949   0.7721029 ]], shape=(1, 18), dtype=float32)"
962,[6 1 0 0 0 0 0 3 2 6 4 6 0 0 0 0 0 0 0 0 0 0 0 0 0],"tf.Tensor([ 1.9792761   1.5820668   1.1197314   0.89922035  1.6765513  11.        ], shape=(6,), dtype=float32)",0.4,[6 2 6 1 1 3 0 0 0 0 4 0 0 0 0 0 0 0 0 0 0 0 0 0 0],False,"tf.Tensor(
[[ 1.9792761   1.5820668   1.1197314   0.89922035  1.6765513   0.67661756
   1.1766677   0.5534223   1.7873607  -0.15232034  0.55811656  0.2967907
   1.6465086   1.5919096   0.8541073   1.3393347   1.799315   -0.08714874]], shape=(1, 18), dtype=float32)"
963,[6 2 6 1 1 3 0 0 0 0 4 0 0 0 0 0 0 0 0 0 0 0 0 0 0],"tf.Tensor([ 1.5351446  0.8283094  0.8499015  1.091189   1.5552738 10.       ], shape=(6,), dtype=float32)",0.1,[6 3 6 1 1 3 4 0 0 0 0 0 0 0 0 0 0 0 0 0 0 0 0 0 0],False,"tf.Tensor(
[[ 1.5351446   0.8283094   0.8499015   1.091189    1.5552738   0.39347506
   0.53442615  0.5247255   1.2629306  -0.05165424  0.309609    0.00530223
   1.4338889   0.10671932  0.93574816  1.4581825   0.93716204  0.67249334]], shape=(1, 18), dtype=float32)"
964,[6 3 6 1 1 3 4 0 0 0 0 0 0 0 0 0 0 0 0 0 0 0 0 0 0],"tf.Tensor([1.5827652 1.0965259 1.0749488 1.1972115 1.8015124 7.       ], shape=(6,), dtype=float32)",0.0,[7 1 0 0 0 0 0 6 1 1 3 3 0 0 0 0 0 0 0 0 0 0 0 0 0],False,"tf.Tensor(
[[ 1.5827652   1.0965259   1.0749488   1.1972115   1.8015124   0.49563769
   0.48950845  0.33828002  1.4479563  -0.1427422   0.41747355 -0.25413918
   1.7390126   0.22554737  0.94786155  1.5036839   1.0246308   0.65799266]], shape=(1, 18), dtype=float32)"
965,[7 1 0 0 0 0 0 6 1 1 3 3 0 0 0 0 0 0 0 0 0 0 0 0 0],"tf.Tensor([1.8191965 1.2993145 0.7603347 0.8185404 1.3805174 3.       ], shape=(6,), dtype=float32)",0.30000000000000004,[7 2 4 4 4 0 0 0 0 5 2 0 0 0 0 0 0 0 0 0 0 0 0 0 0],False,"tf.Tensor(
[[ 1.8191965   1.2993145   0.7603347   0.8185404   1.3805174   0.94954526
   0.82589835  0.7147093   1.5253499  -0.28783888  0.18517825 -0.03907214
   1.5042549   1.1194551   0.8373768   0.99686307  1.4817433   0.18207261]], shape=(1, 18), dtype=float32)"
966,[7 2 4 4 4 0 0 0 0 5 2 0 0 0 0 0 0 0 0 0 0 0 0 0 0],"tf.Tensor([2.150543  1.5196264 1.3821056 1.1454197 1.3820894 3.       ], shape=(6,), dtype=float32)",0.2,[7 3 4 4 4 5 2 0 0 0 0 0 0 0 0 0 0 0 0 0 0 0 0 0 0],False,"tf.Tensor(
[[ 2.150543    1.5196264   1.3821056   1.1454197   1.3820894   0.604361
   0.9223223   0.5307029   1.8301587  -0.10702261  0.45665246 -0.08105371
   1.6120917   1.1485659   0.8836062   1.7520419   1.3780603   0.24997427]], shape=(1, 18), dtype=float32)"
967,[7 3 4 4 4 5 2 0 0 0 0 0 0 0 0 0 0 0 0 0 0 0 0 0 0],"tf.Tensor([ 2.1117897  1.1848345  1.510691   1.4237365  1.7759401 10.       ], shape=(6,), dtype=float32)",0.0,[8 1 0 0 0 0 0 4 4 5 6 4 0 0 0 0 0 0 0 0 0 0 0 0 0],False,"tf.Tensor(
[[ 2.1117897e+00  1.1848345e+00  1.5106910e+00  1.4237365e+00
   1.7759401e+00  2.2495154e-01  7.6430726e-01  1.0328385e+00
   1.7192588e+00 -2.1231167e-01  7.3566639e-01  2.0603091e-03
   1.6889898e+00 -1.5774004e-01  1.0762548e+00  2.0964925e+00
   9.5450854e-01  7.5793922e-01]], shape=(1, 18), dtype=float32)"
968,[8 1 0 0 0 0 0 4 4 5 6 4 0 0 0 0 0 0 0 0 0 0 0 0 0],"tf.Tensor([ 2.3753061  1.786236   1.2447821  1.1860541  1.9574311 11.       ], shape=(6,), dtype=float32)",0.5,[8 2 3 6 6 2 6 0 0 0 0 0 0 0 0 0 0 0 0 0 0 0 0 0 0],False,"tf.Tensor(
[[ 2.3753061   1.786236    1.2447821   1.1860541   1.9574311   1.0225779
   1.4729575   0.6331934   2.1513824  -0.32732213  0.35900515  0.23819703
   1.8687578   1.7977532   1.0733234   1.476395    2.4080098  -0.06149654]], shape=(1, 18), dtype=float32)"
969,[8 2 3 6 6 2 6 0 0 0 0 0 0 0 0 0 0 0 0 0 0 0 0 0 0],"tf.Tensor([ 2.7562494  1.7003505  1.9023427  1.8832966  1.6797048 10.       ], shape=(6,), dtype=float32)",0.0,[8 3 3 6 6 2 6 0 0 0 0 0 0 0 0 0 0 0 0 0 0 0 0 0 0],False,"tf.Tensor(
[[ 2.7562494   1.7003505   1.9023427   1.8832966   1.6797048   0.47425884
   0.41717488  1.1785519   2.217894   -0.02902224  0.99169147 -0.4778112
   1.9325643   0.10157348  1.44597     2.2482426   1.1778724   0.81697106]], shape=(1, 18), dtype=float32)"
970,[8 3 3 6 6 2 6 0 0 0 0 0 0 0 0 0 0 0 0 0 0 0 0 0 0],[0 0 0 1 1 5],36.0,[9 1 0 0 0 0 0 3 6 6 2 6 0 0 0 0 0 18 0 0 0 0 0 0 0],False,"tf.Tensor(
[[ 2.779041    1.6962183   2.005228    1.8829548   1.7228171   0.49087155
   0.43445733  1.1570978   2.3312874  -0.02186411  1.0218371  -0.53264254
   1.949507    0.05529411  1.4779999   2.2917476   1.1450589   0.80504465]], shape=(1, 18), dtype=float32)"
971,[9 1 0 0 0 0 0 3 6 6 2 6 0 0 0 0 0 18 0 0 0 0 0 0 0],[ 0  1  0  0  0 12],0.1,[9 2 3 0 0 0 0 5 0 4 6 3 0 0 0 0 0 18 0 0 0 0 0 0 0],False,"tf.Tensor(
[[ 4.2532802e+00  2.4084737e+00  3.4331594e+00  1.9572420e+00
   2.6115019e+00  2.2168693e-01  1.1603884e+00  2.3606114e+00
   3.3117757e+00 -4.3108657e-01  2.2808888e+00  6.3717461e-01
   2.8675139e+00  7.7651268e-01  1.3217754e+00  2.3705161e+00
   2.5593717e+00  3.2802634e-03]], shape=(1, 18), dtype=float32)"
972,[9 2 3 0 0 0 0 5 0 4 6 3 0 0 0 0 0 18 0 0 0 0 0 0 0],"tf.Tensor([4.464792  2.7693975 2.8723953 1.6285131 3.1086116 3.       ], shape=(6,), dtype=float32)",0.4,[9 3 3 5 4 6 3 0 0 0 0 0 0 0 0 0 0 18 0 0 0 0 0 0 0],False,"tf.Tensor(
[[ 4.464792    2.7693975   2.8723953   1.6285131   3.1086116   1.202774
   1.3952328   1.7942653   4.303838   -0.37908536  1.4094019   0.44197252
   3.0403302   1.4790984   1.5974493   1.7495382   3.4359758  -0.1092853 ]], shape=(1, 18), dtype=float32)"
973,[9 3 3 5 4 6 3 0 0 0 0 0 0 0 0 0 0 18 0 0 0 0 0 0 0],"tf.Tensor([4.0316777 2.4939406 3.2727904 1.607735  2.513268  3.       ], shape=(6,), dtype=float32)",8.0,[10 1 0 0 0 0 0 3 3 2 4 4 0 0 0 4 0 18 0 0 0 0 0 0 0],False,"tf.Tensor(
[[ 4.0316777   2.4939406   3.2727904   1.607735    2.513268   -0.02328202
   0.6529422   2.5003257   3.8005257   0.27340418  1.6647208   0.21510175
   2.3892102   0.09115608  1.8617991   1.8863295   2.0263724   0.1618094 ]], shape=(1, 18), dtype=float32)"
974,[10 1 0 0 0 0 0 3 3 2 4 4 0 0 0 4 0 18 0 0 0 0 0 0 0],[1 0 1 0 1 4],0.30000000000000004,[10 2 1 1 1 0 0 0 5 0 4 0 0 0 0 4 0 18 0 0 0 0 0 0 0],False,"tf.Tensor(
[[ 3.9422748   2.5008435   2.9433985   1.5083331   2.3304164   0.23474187
   0.6188922   2.3097565   3.456082   -0.03945835  1.7503095   0.44383016
   2.3576434   0.6981738   1.3200455   1.5531363   2.2530994  -0.01824391]], shape=(1, 18), dtype=float32)"
975,[10 2 1 1 1 0 0 0 5 0 4 0 0 0 0 4 0 18 0 0 0 0 0 0 0],"tf.Tensor([3.6597915 2.4341462 2.9130857 1.3252943 1.9869229 3.       ], shape=(6,), dtype=float32)",0.2,[10 3 1 1 1 5 4 0 0 0 0 0 0 0 0 4 0 18 0 0 0 0 0 0 0],False,"tf.Tensor(
[[ 3.6597915   2.4341462   2.9130857   1.3252943   1.9869229  -0.03778756
   0.4166113   2.5815873   3.2680283   0.15568775  1.5726008   0.34904823
   2.1160963   0.39654887  1.3443124   1.260326    2.0032434  -0.15939415]], shape=(1, 18), dtype=float32)"
976,[10 3 1 1 1 5 4 0 0 0 0 0 0 0 0 4 0 18 0 0 0 0 0 0 0],"tf.Tensor([3.4945762 2.2222397 2.5763493 1.2500383 1.6027783 3.       ], shape=(6,), dtype=float32)",0.0,[11 1 0 0 0 0 0 1 5 1 6 1 0 0 0 4 0 18 0 0 0 0 0 0 0],False,"tf.Tensor(
[[ 3.4945762   2.2222397   2.5763493   1.2500383   1.6027783  -0.08667366
   0.20279917  2.4147716   2.8856947   0.42409372  1.6364673   0.4266852
   1.7383174   0.8087343   1.1146125   1.0306225   1.7597864  -0.18418513]], shape=(1, 18), dtype=float32)"
977,[11 1 0 0 0 0 0 1 5 1 6 1 0 0 0 4 0 18 0 0 0 0 0 0 0],"tf.Tensor([4.0941305 2.3758845 3.1051936 1.6307473 1.9891936 3.       ], shape=(6,), dtype=float32)",0.5,[11 2 5 4 2 5 4 0 0 0 0 0 0 0 0 4 0 18 0 0 0 0 0 0 0],False,"tf.Tensor(
[[ 4.0941305   2.3758845   3.1051936   1.6307473   1.9891936   0.2991005
   0.61620176  2.4145067   3.559807   -0.08490779  1.8169742   0.34861314
   2.2588181   0.51848423  1.3724422   1.6484889   2.142389    0.03316472]], shape=(1, 18), dtype=float32)"
978,[11 2 5 4 2 5 4 0 0 0 0 0 0 0 0 4 0 18 0 0 0 0 0 0 0],"tf.Tensor([4.024356  2.6250796 3.0013862 1.4051785 2.328974  3.       ], shape=(6,), dtype=float32)",0.0,[11 3 5 4 2 5 4 0 0 0 0 0 0 0 0 4 0 18 0 0 0 0 0 0 0],False,"tf.Tensor(
[[ 4.024356    2.6250796   3.0013862   1.4051785   2.328974    0.15811852
   0.4421187   2.4780283   3.7836485   0.4788593   1.5070071   0.23482776
   2.2152596   0.6806311   1.6077573   1.3278441   2.19268    -0.06941305]], shape=(1, 18), dtype=float32)"
979,[11 3 5 4 2 5 4 0 0 0 0 0 0 0 0 4 0 18 0 0 0 0 0 0 0],"tf.Tensor([4.0770316 2.6996973 3.0487807 1.3965657 2.3978243 3.       ], shape=(6,), dtype=float32)",8.0,[12 1 0 0 0 0 0 5 4 2 5 4 0 0 0 8 0 18 0 0 0 0 0 0 0],False,"tf.Tensor(
[[ 4.0770316   2.6996973   3.0487807   1.3965657   2.3978243   0.14691177
   0.40483978  2.5133076   3.870664    0.56361693  1.4974936   0.22578529
   2.2651663   0.7249947   1.6643975   1.2655696   2.2476125  -0.09129429]], shape=(1, 18), dtype=float32)"
980,[12 1 0 0 0 0 0 5 4 2 5 4 0 0 0 8 0 18 0 0 0 0 0 0 0],"tf.Tensor([4.0075297 2.8341258 2.9334183 1.6071837 2.3275154 3.       ], shape=(6,), dtype=float32)",0.5,[12 2 6 2 6 6 1 0 0 0 0 0 0 0 0 8 0 18 0 0 0 0 0 0 0],False,"tf.Tensor(
[[4.0075297  2.8341258  2.9334183  1.6071837  2.3275154  0.02147099
  0.33747363 2.5520754  3.5417528  0.33686316 1.6060392  0.32110626
  2.4372287  0.66002625 1.510761   1.4481106  2.0587163  0.18272354]], shape=(1, 18), dtype=float32)"
981,[12 2 6 2 6 6 1 0 0 0 0 0 0 0 0 8 0 18 0 0 0 0 0 0 0],"tf.Tensor([3.6277547 2.3935738 2.7939067 1.3870392 2.0702584 3.       ], shape=(6,), dtype=float32)",0.0,[12 3 6 2 6 6 1 0 0 0 0 0 0 0 0 8 0 18 0 0 0 0 0 0 0],False,"tf.Tensor(
[[ 3.6277547   2.3935738   2.7939067   1.3870392   2.0702584  -0.00936985
   0.4521875   2.5846677   3.2624512   0.48671615  1.2111324   0.20138115
   2.1765034   0.29170662  1.8164872   1.2951616   2.2175407  -0.10137081]], shape=(1, 18), dtype=float32)"
982,[12 3 6 2 6 6 1 0 0 0 0 0 0 0 0 8 0 18 0 0 0 0 0 0 0],[0 1 1 1 1 8],0.0,[13 1 0 0 0 0 0 6 2 6 6 1 0 0 0 8 0 18 0 0 0 0 0 0 0],False,"tf.Tensor(
[[ 3.6765692   2.4014914   2.8557322   1.4211372   2.0986605  -0.02847838
   0.4726825   2.6280036   3.2912636   0.4876914   1.2345228   0.21091402
   2.2214525   0.25370553  1.8576834   1.340156    2.242361   -0.08870238]], shape=(1, 18), dtype=float32)"
983,[13 1 0 0 0 0 0 6 2 6 6 1 0 0 0 8 0 18 0 0 0 0 0 0 0],"tf.Tensor([4.186931  2.8649595 2.730301  1.740818  2.0362978 3.       ], shape=(6,), dtype=float32)",0.5,[13 2 6 5 2 6 2 0 0 0 0 0 0 0 0 8 0 18 0 0 0 0 0 0 0],False,"tf.Tensor(
[[4.186931   2.8649595  2.730301   1.740818   2.0362978  0.5172106
  0.5996337  2.3605866  3.7375402  0.29223192 1.4546955  0.20011353
  2.4542103  1.1213461  1.6538103  1.3324383  2.5265703  0.05624673]], shape=(1, 18), dtype=float32)"
984,[13 2 6 5 2 6 2 0 0 0 0 0 0 0 0 8 0 18 0 0 0 0 0 0 0],"tf.Tensor([3.5559826 2.6792011 2.6378455 1.2722778 2.2396016 3.       ], shape=(6,), dtype=float32)",0.0,[13 3 6 5 2 6 2 0 0 0 0 0 0 0 0 8 0 18 0 0 0 0 0 0 0],False,"tf.Tensor(
[[ 3.5559826   2.6792011   2.6378455   1.2722778   2.2396016  -0.00957689
   0.1747205   2.774425    3.2126634   0.44916356  1.1367773   0.16511196
   2.2950482   0.4950266   1.6917738   1.0313276   2.3702729  -0.3142383 ]], shape=(1, 18), dtype=float32)"
985,[13 3 6 5 2 6 2 0 0 0 0 0 0 0 0 8 0 18 0 0 0 0 0 0 0],"tf.Tensor([3.5971386 2.7062602 2.670528  1.2983932 2.2717772 3.       ], shape=(6,), dtype=float32)",-16.0,[14 1 0 0 0 0 0 6 5 2 6 2 0 0 0 0 0 18 0 0 0 0 0 0 0],True,"tf.Tensor(
[[ 3.5971386   2.7062602   2.670528    1.2983932   2.2717772  -0.01497668
   0.18227416  2.8073266   3.2455988   0.46050137  1.1396192   0.16555479
   2.33863     0.48422286  1.7357261   1.0542777   2.40491    -0.30556428]], shape=(1, 18), dtype=float32)"
986,[1 1 0 0 0 0 0 2 2 6 2 2 0 0 0 0 0 0 0 0 0 0 0 0 0],"tf.Tensor([ 1.2333083   0.7396487   1.0067987   0.83846784  0.9418878  10.        ], shape=(6,), dtype=float32)",0.30000000000000004,[1 2 2 6 2 0 0 0 6 0 1 0 0 0 0 0 0 0 0 0 0 0 0 0 0],False,"tf.Tensor(
[[ 1.2333083   0.7396487   1.0067987   0.83846784  0.9418878   0.23863061
   0.5354118   0.4636666   0.95298463 -0.05760426  0.5914642   0.08465707
   1.021619    0.45611566  0.52999675  1.0416921   0.90145934  0.08449408]], shape=(1, 18), dtype=float32)"
987,[1 2 2 6 2 0 0 0 6 0 1 0 0 0 0 0 0 0 0 0 0 0 0 0 0],[ 1  0  0  1  0 12],0.1,[1 3 2 6 2 1 0 0 1 0 0 0 0 0 0 0 0 0 0 0 0 0 0 0 0],False,"tf.Tensor(
[[ 1.6210581   0.6417474   1.6586841   1.1605185   1.2347456   0.33328682
   1.1724195   0.37581933  1.8264173  -0.14630315  0.73839897 -0.6432783
   1.2222692  -0.16046013  0.9285771   1.9586655   0.92373407  0.11260147]], shape=(1, 18), dtype=float32)"
988,[1 3 2 6 2 1 0 0 1 0 0 0 0 0 0 0 0 0 0 0 0 0 0 0 0],"tf.Tensor([1.2621641 0.5739677 1.3690932 0.8686565 1.002043  3.       ], shape=(6,), dtype=float32)",0.0,[2 1 0 0 0 0 0 2 2 6 2 2 0 0 0 0 0 0 0 0 0 0 0 0 0],False,"tf.Tensor(
[[ 1.2621641   0.5739677   1.3690932   0.8686565   1.002043    0.19580537
   0.7944451   0.49058214  1.4344411  -0.02007722  0.45588613 -0.40997785
   1.0133407  -0.32971752  0.92992634  1.3593315   0.6555688   0.23278347]], shape=(1, 18), dtype=float32)"
989,[2 1 0 0 0 0 0 2 2 6 2 2 0 0 0 0 0 0 0 0 0 0 0 0 0],"tf.Tensor([1.395462  0.7430285 1.0090277 0.8931653 0.9778384 7.       ], shape=(6,), dtype=float32)",0.30000000000000004,[2 2 6 2 4 0 0 0 2 0 5 0 0 0 0 0 0 0 0 0 0 0 0 0 0],False,"tf.Tensor(
[[ 1.395462    0.7430285   1.0090277   0.8931653   0.9778384   0.4209388
   0.6612735   0.46531162  1.0763849  -0.13093364  0.5611814   0.01137397
   1.1284239   0.54426426  0.54448694  1.1151376   1.0188804   0.13722715]], shape=(1, 18), dtype=float32)"
990,[2 2 6 2 4 0 0 0 2 0 5 0 0 0 0 0 0 0 0 0 0 0 0 0 0],"tf.Tensor([ 1.2191167   1.060427    0.71163756  0.89848286  1.499445   10.        ], shape=(6,), dtype=float32)",0.1,[2 3 6 2 4 2 0 0 0 0 3 0 0 0 0 0 0 0 0 0 0 0 0 0 0],False,"tf.Tensor(
[[ 1.2191167   1.060427    0.71163756  0.89848286  1.499445    0.35204086
   0.7894492   0.09998734  1.252421   -0.11565812  0.43164733 -0.06696034
   1.3210442   0.4471625   0.97366273  1.4939665   0.9751177   0.3809455 ]], shape=(1, 18), dtype=float32)"
991,[2 3 6 2 4 2 0 0 0 0 3 0 0 0 0 0 0 0 0 0 0 0 0 0 0],"tf.Tensor([ 1.1906805  0.9925635  0.9298557  1.087407   1.3612437 10.       ], shape=(6,), dtype=float32)",0.0,[3 1 0 0 0 0 0 6 5 2 5 4 0 0 0 0 0 0 0 0 0 0 0 0 0],False,"tf.Tensor(
[[ 1.1906805   0.9925635   0.9298557   1.087407    1.3612437   0.05328183
   0.5308345   0.40463609  1.1266067  -0.03976743  0.5318093   0.07440679
   1.2546022   0.02899624  1.0241847   1.4859012   0.7774189   0.46300036]], shape=(1, 18), dtype=float32)"
992,[3 1 0 0 0 0 0 6 5 2 5 4 0 0 0 0 0 0 0 0 0 0 0 0 0],"tf.Tensor([1.4968754 1.3965287 1.0131727 0.660829  1.5896602 3.       ], shape=(6,), dtype=float32)",0.4,[3 2 1 2 3 2 0 0 0 0 2 0 0 0 0 0 0 0 0 0 0 0 0 0 0],False,"tf.Tensor(
[[ 1.4968754   1.3965287   1.0131727   0.660829    1.5896602   0.77280563
   0.8236936   0.28690955  1.7138151  -0.37677428  0.29204333 -0.18366739
   1.503872    0.6967518   0.8975384   1.0847714   1.328804    0.1257499 ]], shape=(1, 18), dtype=float32)"
993,[3 2 1 2 3 2 0 0 0 0 2 0 0 0 0 0 0 0 0 0 0 0 0 0 0],[1 1 1 1 1 5],0.1,[3 3 1 2 3 2 2 0 0 0 0 0 0 0 0 0 0 0 0 0 0 0 0 0 0],False,"tf.Tensor(
[[ 1.1295685   0.5225208   0.84915423  0.8704978   0.56773764  0.03429914
   0.15194628  0.65810055  0.7477355  -0.00308126  0.5581769  -0.04044144
   0.6893855  -0.27025586  0.68035537  1.1005692   0.30143502  0.47689772]], shape=(1, 18), dtype=float32)"
994,[3 3 1 2 3 2 2 0 0 0 0 0 0 0 0 0 0 0 0 0 0 0 0 0 0],"tf.Tensor([ 1.212786    0.72656655  1.0426869   0.8916074   0.8025179  10.        ], shape=(6,), dtype=float32)",0.0,[4 1 0 0 0 0 0 1 2 3 2 2 0 0 0 0 0 0 0 0 0 0 0 0 0],False,"tf.Tensor(
[[ 1.212786    0.72656655  1.0426869   0.8916074   0.8025179   0.09455323
   0.22060809  0.5893215   1.0266868   0.01294084  0.58218706 -0.21508408
   0.8904165  -0.15192069  0.73585314  1.1312585   0.401585    0.40705454]], shape=(1, 18), dtype=float32)"
995,[4 1 0 0 0 0 0 1 2 3 2 2 0 0 0 0 0 0 0 0 0 0 0 0 0],"tf.Tensor([ 1.2285626   0.80697715  0.7196279   0.7251275   0.98822004 11.        ], shape=(6,), dtype=float32)",0.2,[4 2 6 4 0 0 0 0 3 1 6 0 0 0 0 0 0 0 0 0 0 0 0 0 0],False,"tf.Tensor(
[[ 1.2285626   0.80697715  0.7196279   0.7251275   0.98822004  0.5018442
   0.72920597  0.32366198  1.055216   -0.14133115  0.29111326  0.12051573
   0.94727826  0.8017821   0.5109492   0.8065296   1.203793    0.03403925]], shape=(1, 18), dtype=float32)"
996,[4 2 6 4 0 0 0 0 3 1 6 0 0 0 0 0 0 0 0 0 0 0 0 0 0],"tf.Tensor([1.8177742 1.5899541 1.1110431 1.0416301 1.6122903 7.       ], shape=(6,), dtype=float32)",0.30000000000000004,[4 3 6 4 3 1 6 0 0 0 0 0 0 0 0 0 0 0 0 0 0 0 0 0 0],False,"tf.Tensor(
[[1.8177742  1.5899541  1.1110431  1.0416301  1.6122903  0.24815698
  0.5661866  0.23135611 1.2877614  0.04742741 0.6888694  0.07765504
  1.7514824  1.3143086  0.8405369  1.7403452  1.2550875  0.24917415]], shape=(1, 18), dtype=float32)"
997,[4 3 6 4 3 1 6 0 0 0 0 0 0 0 0 0 0 0 0 0 0 0 0 0 0],"tf.Tensor([1.7783743 1.4912323 1.3391067 1.3957387 1.7514246 7.       ], shape=(6,), dtype=float32)",0.0,[5 1 0 0 0 0 0 6 3 3 2 4 0 0 0 0 0 0 0 0 0 0 0 0 0],False,"tf.Tensor(
[[ 1.7783743   1.4912323   1.3391067   1.3957387   1.7514246   0.33479342
   0.22136827  0.47654536  1.6706892   0.12081246  0.65525806 -0.5934393
   1.7914226   0.2511463   1.2552909   1.6106654   0.9129137   0.64913803]], shape=(1, 18), dtype=float32)"
998,[5 1 0 0 0 0 0 6 3 3 2 4 0 0 0 0 0 0 0 0 0 0 0 0 0],"tf.Tensor([1.5905497 1.4025958 0.8162078 0.6649066 1.5762913 7.       ], shape=(6,), dtype=float32)",0.30000000000000004,[5 2 3 2 1 0 0 0 0 5 2 0 0 0 0 0 0 0 0 0 0 0 0 0 0],False,"tf.Tensor(
[[ 1.5905497   1.4025958   0.8162078   0.6649066   1.5762913   0.7617185
   0.67265373  0.51617897  1.502862   -0.2537194   0.26171696 -0.02905113
   1.529191    0.9138356   0.80766827  1.0221809   1.2981875   0.19854882]], shape=(1, 18), dtype=float32)"
999,[5 2 3 2 1 0 0 0 0 5 2 0 0 0 0 0 0 0 0 0 0 0 0 0 0],"tf.Tensor([1.619607   1.111772   1.0414594  0.72511756 0.9792161  3.        ], shape=(6,), dtype=float32)",0.1,[5 3 3 2 1 5 0 0 0 0 4 0 0 0 0 0 0 0 0 0 0 0 0 0 0],False,"tf.Tensor(
[[ 1.619607    1.111772    1.0414594   0.72511756  0.9792161   0.59447205
   0.95794725  0.27999383  1.513854   -0.16118842  0.22942393  0.01808632
   1.0707405   1.1069785   0.6269431   1.1028135   1.4261733  -0.10332368]], shape=(1, 18), dtype=float32)"
1000,[5 3 3 2 1 5 0 0 0 0 4 0 0 0 0 0 0 0 0 0 0 0 0 0 0],"tf.Tensor([ 1.4414015  0.720797   0.9203252  0.999707   1.1980208 10.       ], shape=(6,), dtype=float32)",60.0,[6 1 0 0 0 0 0 3 2 1 2 1 0 0 0 0 0 0 0 0 0 0 30 0 0],False,"tf.Tensor(
[[ 1.4414015   0.720797    0.9203252   0.999707    1.1980208   0.27680534
   0.4683075   0.6505921   1.1105797  -0.11983241  0.37061313  0.02818811
   1.2072016  -0.07101472  0.7617061   1.2974031   0.768348    0.590398  ]], shape=(1, 18), dtype=float32)"
1001,[6 1 0 0 0 0 0 3 2 1 2 1 0 0 0 0 0 0 0 0 0 0 30 0 0],"tf.Tensor([ 1.8906353   1.0889736   1.1580747   1.2760134   0.88704944 11.        ], shape=(6,), dtype=float32)",0.4,[6 2 3 4 4 3 0 0 0 0 0 5 0 0 0 0 0 0 0 0 0 0 30 0 0],False,"tf.Tensor(
[[ 1.8906353   1.0889736   1.1580747   1.2760134   0.88704944  0.32564694
   0.71038467  1.3400611   1.4322492  -0.27342322  0.5523457  -0.621748
   1.0389806  -0.664338    1.7511187   1.3950794   2.3587043  -0.42873037]], shape=(1, 18), dtype=float32)"
1002,[6 2 3 4 4 3 0 0 0 0 0 5 0 0 0 0 0 0 0 0 0 0 30 0 0],"tf.Tensor([ 1.6726558  1.3645031  1.3109925  1.1787319  0.7645551 11.       ], shape=(6,), dtype=float32)",0.0,[6 3 3 4 4 3 0 0 0 0 0 5 0 0 0 0 0 0 0 0 0 0 30 0 0],False,"tf.Tensor(
[[ 1.6726558   1.3645031   1.3109925   1.1787319   0.7645551   0.14666785
   0.5789822   1.3035449   1.4668155   0.04315872  0.3805037  -0.5147434
   0.89245456 -0.49977177  1.7681328   1.3372409   1.8810927  -0.34677458]], shape=(1, 18), dtype=float32)"
1003,[6 3 3 4 4 3 0 0 0 0 0 5 0 0 0 0 0 0 0 0 0 0 30 0 0],"tf.Tensor([ 1.7236359  1.3923463  1.2966312  1.1864464  0.8038534 11.       ], shape=(6,), dtype=float32)",0.0,[7 1 0 0 0 0 0 3 4 4 3 2 0 0 0 0 0 0 0 0 0 0 30 0 0],False,"tf.Tensor(
[[ 1.7236359   1.3923463   1.2966312   1.1864464   0.8038534   0.18280272
   0.55807376  1.3453717   1.4798112   0.01456408  0.37303343 -0.5326844
   0.9329482  -0.5081933   1.7938092   1.3213238   1.973117   -0.3581868 ]], shape=(1, 18), dtype=float32)"
1004,[7 1 0 0 0 0 0 3 4 4 3 2 0 0 0 0 0 0 0 0 0 0 30 0 0],"tf.Tensor([ 1.9962094  1.1454848  1.1652164  1.3385057  0.7052231 11.       ], shape=(6,), dtype=float32)",0.4,[7 2 2 1 2 4 0 0 0 0 0 4 0 0 0 0 0 0 0 0 0 0 30 0 0],False,"tf.Tensor(
[[ 1.9962094   1.1454848   1.1652164   1.3385057   0.7052231   0.32046103
   0.6698492   1.3982087   1.4686584  -0.00874694  0.47012523 -0.6939757
   0.9185633  -0.58887565  1.8684609   1.3554966   2.3299618  -0.360352  ]], shape=(1, 18), dtype=float32)"
1005,[7 2 2 1 2 4 0 0 0 0 0 4 0 0 0 0 0 0 0 0 0 0 30 0 0],"tf.Tensor([ 1.6696601  1.266176   1.0301409  1.0860548  1.0955683 11.       ], shape=(6,), dtype=float32)",0.1,[7 3 2 1 2 4 4 0 0 0 0 0 0 0 0 0 0 0 0 0 0 0 30 0 0],False,"tf.Tensor(
[[ 1.6696601   1.266176    1.0301409   1.0860548   1.0955683   0.36376902
   0.45012447  1.3036586   1.2602799  -0.31158978  0.40419477 -0.55418634
   1.1660862  -0.44018024  1.5865955   1.2046993   2.2192092  -0.43503577]], shape=(1, 18), dtype=float32)"
1006,[7 3 2 1 2 4 4 0 0 0 0 0 0 0 0 0 0 0 0 0 0 0 30 0 0],"tf.Tensor([ 1.6509769  1.2983745  1.1160476  1.0878998  1.0629408 11.       ], shape=(6,), dtype=float32)",0.0,[8 1 0 0 0 0 0 2 1 2 4 1 0 0 0 0 0 0 0 0 0 0 30 0 0],False,"tf.Tensor(
[[ 1.6509769   1.2983745   1.1160476   1.0878998   1.0629408   0.28584915
   0.5590289   1.2174709   1.5423802  -0.33576325  0.47954878 -0.5438383
   0.9667842  -0.61290544  1.6322134   1.3827454   1.9901527  -0.354573  ]], shape=(1, 18), dtype=float32)"
1007,[8 1 0 0 0 0 0 2 1 2 4 1 0 0 0 0 0 0 0 0 0 0 30 0 0],"tf.Tensor([ 1.9811027  1.2112083  0.9517851  1.2719635  0.9859427 11.       ], shape=(6,), dtype=float32)",0.5,[8 2 5 2 6 4 2 0 0 0 0 0 0 0 0 0 0 0 0 0 0 0 30 0 0],False,"tf.Tensor(
[[ 1.9811027   1.2112083   0.9517851   1.2719635   0.9859427   0.56618464
   0.7249808   1.0845248   1.5659797  -0.13200048  0.31255063 -0.6999167
   0.9838581  -0.3766297   1.6700912   1.2225041   2.4806154  -0.29996276]], shape=(1, 18), dtype=float32)"
1008,[8 2 5 2 6 4 2 0 0 0 0 0 0 0 0 0 0 0 0 0 0 0 30 0 0],"tf.Tensor([ 1.7150177  1.7845721  0.9679593  1.0085212  1.4699086 11.       ], shape=(6,), dtype=float32)",0.0,[8 3 5 2 6 4 2 0 0 0 0 0 0 0 0 0 0 0 0 0 0 0 30 0 0],False,"tf.Tensor(
[[ 1.7150177   1.7845721   0.9679593   1.0085212   1.4699086   0.47349724
   0.5642769   1.1979492   1.8617411  -0.14786358  0.11847201 -0.777774
   1.0502232  -0.30844492  1.7332715   1.4169102   2.0716133  -0.28777045]], shape=(1, 18), dtype=float32)"
1009,[8 3 5 2 6 4 2 0 0 0 0 0 0 0 0 0 0 0 0 0 0 0 30 0 0],"tf.Tensor([ 1.7924237  1.8096105  0.9777355  1.0636213  1.5013245 11.       ], shape=(6,), dtype=float32)",0.0,[9 1 0 0 0 0 0 5 2 6 4 2 0 0 0 0 0 0 0 0 0 0 30 0 0],False,"tf.Tensor(
[[ 1.7924237   1.8096105   0.9777355   1.0636213   1.5013245   0.50667816
   0.5943927   1.2167559   1.8763595  -0.16001226  0.1453552  -0.7929435
   1.1106181  -0.3068211   1.7750134   1.4568865   2.166354   -0.28422308]], shape=(1, 18), dtype=float32)"
1010,[9 1 0 0 0 0 0 5 2 6 4 2 0 0 0 0 0 0 0 0 0 0 30 0 0],"tf.Tensor([ 2.391975   1.4463559  1.188947   1.4220742  1.0311539 11.       ], shape=(6,), dtype=float32)",0.5,[9 2 6 4 1 1 6 0 0 0 0 0 0 0 0 0 0 0 0 0 0 0 30 0 0],False,"tf.Tensor(
[[ 2.391975    1.4463559   1.188947    1.4220742   1.0311539   0.5866746
   0.7297231   1.2228591   1.7712972  -0.01444973  0.4173534  -0.67251915
   1.1602726  -0.21986239  1.9882754   1.2486373   2.719165   -0.27451745]], shape=(1, 18), dtype=float32)"
1011,[9 2 6 4 1 1 6 0 0 0 0 0 0 0 0 0 0 0 0 0 0 0 30 0 0],"tf.Tensor([1.7929187 1.8638023 1.003272  1.0757664 1.2554673 3.       ], shape=(6,), dtype=float32)",0.0,[9 3 6 4 1 1 6 0 0 0 0 0 0 0 0 0 0 0 0 0 0 0 30 0 0],False,"tf.Tensor(
[[ 1.7929187   1.8638023   1.003272    1.0757664   1.2554673   0.4629366
   0.8115264   1.1999485   1.9384053  -0.04102762  0.13800272 -0.655965
   0.8208724  -0.15594463  1.6576108   1.6281399   1.8652796  -0.22980797]], shape=(1, 18), dtype=float32)"
1012,[9 3 6 4 1 1 6 0 0 0 0 0 0 0 0 0 0 0 0 0 0 0 30 0 0],"tf.Tensor([ 1.861638   1.881816   1.0054199  1.0992761  1.2798806 11.       ], shape=(6,), dtype=float32)",0.0,[10 1 0 0 0 0 0 6 4 1 1 6 0 0 0 0 0 0 0 0 0 0 30 0 0],False,"tf.Tensor(
[[ 1.861638    1.881816    1.0054199   1.0992761   1.2798806   0.49939695
   0.792838    1.2368766   1.9534346  -0.07418092  0.15042907 -0.66244334
   0.8707101  -0.17331903  1.6901786   1.6157563   1.9646977  -0.2311123 ]], shape=(1, 18), dtype=float32)"
1013,[10 1 0 0 0 0 0 6 4 1 1 6 0 0 0 0 0 0 0 0 0 0 30 0 0],"tf.Tensor([ 2.237611   1.1796798  1.207435   1.4518261  1.1861266 11.       ], shape=(6,), dtype=float32)",0.5,[10 2 6 6 3 3 6 0 0 0 0 0 0 0 0 0 0 0 0 0 0 0 30 0 0],False,"tf.Tensor(
[[ 2.237611    1.1796798   1.207435    1.4518261   1.1861266   0.4669321
   0.7954863   1.2225769   1.6515361  -0.2762863   0.5102812  -0.75580186
   1.2632678  -0.5963318   2.006593    1.3136711   2.9012115  -0.48945695]], shape=(1, 18), dtype=float32)"
1014,[10 2 6 6 3 3 6 0 0 0 0 0 0 0 0 0 0 0 0 0 0 0 30 0 0],"tf.Tensor([1.784915  2.0066104 1.2865055 1.0233445 1.3094716 3.       ], shape=(6,), dtype=float32)",0.0,[10 3 6 6 3 3 6 0 0 0 0 0 0 0 0 0 0 0 0 0 0 0 30 0 0],False,"tf.Tensor(
[[ 1.784915    2.0066104   1.2865055   1.0233445   1.3094716   0.37849557
   0.94778687  1.1055456   2.4603553   0.31563252  0.00721318 -0.9219032
   0.76801926 -0.20416455  1.9131019   1.6067635   1.6381531  -0.11463549]], shape=(1, 18), dtype=float32)"
1015,[10 3 6 6 3 3 6 0 0 0 0 0 0 0 0 0 0 0 0 0 0 0 30 0 0],"tf.Tensor([1.8456694 2.0264575 1.2781045 1.0425453 1.3385278 3.       ], shape=(6,), dtype=float32)",0.0,[11 1 0 0 0 0 0 6 6 3 3 6 0 0 0 0 0 0 0 0 0 0 30 0 0],False,"tf.Tensor(
[[ 1.8456694   2.0264575   1.2781045   1.0425453   1.3385278   0.4091952
   0.9198264   1.1399741   2.4628956   0.27693453  0.01064175 -0.9207978
   0.8165021  -0.21989228  1.9432484   1.5941916   1.7425215  -0.12341119]], shape=(1, 18), dtype=float32)"
1016,[11 1 0 0 0 0 0 6 6 3 3 6 0 0 0 0 0 0 0 0 0 0 30 0 0],[ 0  1  1  0  1 12],0.30000000000000004,[11 2 6 6 2 0 0 5 0 0 6 0 0 0 0 0 0 0 0 0 0 0 30 0 0],False,"tf.Tensor(
[[ 2.7223055   1.3232356   1.4232119   1.6671007   1.0981324   0.52935135
   0.84882194  1.2455      1.9180977  -0.08052842  0.66451967 -0.6500088
   1.2805068  -0.41743016  2.264826    1.4242898   2.9818442  -0.2708291 ]], shape=(1, 18), dtype=float32)"
1017,[11 2 6 6 2 0 0 5 0 0 6 0 0 0 0 0 0 0 0 0 0 0 30 0 0],"tf.Tensor([ 2.8615284  2.1687286  1.2663116  1.457714   1.1156585 11.       ], shape=(6,), dtype=float32)",0.2,[11 3 6 6 2 5 6 0 0 0 0 0 0 0 0 0 0 0 0 0 0 0 30 0 0],False,"tf.Tensor(
[[ 2.8615284   2.1687286   1.2663116   1.457714    1.1156585   1.0134662
   1.2678658   1.3237956   2.5538905   0.0319684   0.12801856 -0.7295018
   0.9987004   0.18979682  2.2712812   1.8369691   2.76038    -0.02262548]], shape=(1, 18), dtype=float32)"
1018,[11 3 6 6 2 5 6 0 0 0 0 0 0 0 0 0 0 0 0 0 0 0 30 0 0],"tf.Tensor([1.8356388 1.8929521 1.2799376 0.9867592 1.3581372 3.       ], shape=(6,), dtype=float32)",0.0,[12 1 0 0 0 0 0 1 6 6 2 2 0 0 0 0 0 0 0 0 0 0 30 0 0],False,"tf.Tensor(
[[ 1.8356388   1.8929521   1.2799376   0.9867592   1.3581372   0.46212208
   0.8326878   1.1484983   2.4219463   0.16072266 -0.00255567 -0.9427851
   0.8605301  -0.276731    1.9204068   1.41835     1.8621961  -0.11385051]], shape=(1, 18), dtype=float32)"
1019,[12 1 0 0 0 0 0 1 6 6 2 2 0 0 0 0 0 0 0 0 0 0 30 0 0],"tf.Tensor([ 2.277437   1.6325822  1.0183189  1.4572351  0.870203  11.       ], shape=(6,), dtype=float32)",0.4,[12 2 1 2 6 2 0 0 0 0 0 4 0 0 0 0 0 0 0 0 0 0 30 0 0],False,"tf.Tensor(
[[ 2.277437    1.6325822   1.0183189   1.4572351   0.870203    0.51653475
   0.4888232   1.4773867   1.6753275   0.1152      0.34090772 -0.78770214
   0.96260405 -0.2884817   1.9829495   1.4157085   2.4555929  -0.19811824]], shape=(1, 18), dtype=float32)"
1020,[12 2 1 2 6 2 0 0 0 0 0 4 0 0 0 0 0 0 0 0 0 0 30 0 0],"tf.Tensor([ 2.0888963  1.7876517  1.1972438  1.2016871  1.0821141 11.       ], shape=(6,), dtype=float32)",0.1,[12 3 1 2 6 2 4 0 0 0 0 0 0 0 0 0 0 0 0 0 0 0 30 0 0],False,"tf.Tensor(
[[ 2.0888963   1.7876517   1.1972438   1.2016871   1.0821141   0.51233476
   0.675118    1.350287    2.0336096   0.12753321  0.13935137 -0.84051234
   1.0609355  -0.32885486  1.954407    1.3304542   2.1881948  -0.18676168]], shape=(1, 18), dtype=float32)"
1021,[12 3 1 2 6 2 4 0 0 0 0 0 0 0 0 0 0 0 0 0 0 0 30 0 0],"tf.Tensor([2.0138476 2.0183742 1.1996033 1.0735923 1.2774317 3.       ], shape=(6,), dtype=float32)",8.0,[13 1 0 0 0 0 0 1 2 6 2 6 0 0 0 4 0 0 0 0 0 0 30 0 0],False,"tf.Tensor(
[[ 2.0138476   2.0183742   1.1996033   1.0735923   1.2774317   0.51420534
   0.82608455  1.1632663   2.4433558   0.45347813 -0.08990276 -1.0266759
   0.97405297 -0.2476388   2.0871565   1.3419874   1.9645131  -0.09216992]], shape=(1, 18), dtype=float32)"
1022,[13 1 0 0 0 0 0 1 2 6 2 6 0 0 0 4 0 0 0 0 0 0 30 0 0],"tf.Tensor([ 1.9729457  1.4608732  0.9750446  1.2050196  1.2097737 11.       ], shape=(6,), dtype=float32)",0.5,[13 2 5 6 4 5 6 0 0 0 0 0 0 0 0 4 0 0 0 0 0 0 30 0 0],False,"tf.Tensor(
[[ 1.9729457   1.4608732   0.9750446   1.2050196   1.2097737   0.41278666
   0.66998106  1.0936928   1.6160653   0.10083161  0.13607219 -0.8471019
   1.1337403  -0.249593    1.9215354   0.9302004   2.6449845  -0.48107314]], shape=(1, 18), dtype=float32)"
1023,[13 2 5 6 4 5 6 0 0 0 0 0 0 0 0 4 0 0 0 0 0 0 30 0 0],[0 0 1 0 0 0],0.0,[13 3 5 6 4 5 6 0 0 0 0 0 0 0 0 4 0 0 0 0 0 0 30 0 0],False,"tf.Tensor(
[[ 1.9088215   2.2308304   1.5214713   0.9015478   1.5340291   0.4444637
   0.89197737  1.2197508   2.9129238   0.59866744 -0.35990733 -1.3419638
   1.00955    -0.13210236  2.2479599   1.164644    1.9719284  -0.09003832]], shape=(1, 18), dtype=float32)"
1024,[13 3 5 6 4 5 6 0 0 0 0 0 0 0 0 4 0 0 0 0 0 0 30 0 0],"tf.Tensor([1.9493289 2.2572334 1.5499082 0.9210827 1.5222571 3.       ], shape=(6,), dtype=float32)",0.0,[14 1 0 0 0 0 0 5 6 4 5 6 0 0 0 4 0 0 0 0 0 0 30 0 0],True,"tf.Tensor(
[[ 1.9493289   2.2572334   1.5499082   0.9210827   1.5222571   0.4371787
   0.89383787  1.2379816   2.9301765   0.62124604 -0.35307983 -1.3339849
   1.0352308  -0.15159024  2.290422    1.1766365   1.9899884  -0.08634856]], shape=(1, 18), dtype=float32)"
1025,[1 1 0 0 0 0 0 3 3 2 4 1 0 0 0 0 0 0 0 0 0 0 0 0 0],"tf.Tensor([0.9063289 0.8119067 0.6405546 0.5808693 0.9641467 3.       ], shape=(6,), dtype=float32)",0.2,[1 2 3 1 0 0 0 0 1 1 5 0 0 0 0 0 0 0 0 0 0 0 0 0 0],False,"tf.Tensor(
[[ 0.9063289   0.8119067   0.6405546   0.5808693   0.9641467   0.37941116
   0.4221971   0.155076    0.92847395 -0.09166488  0.2797365  -0.10967685
   0.88244605  0.46795353  0.5521009   0.69312245  0.8188525   0.12279273]], shape=(1, 18), dtype=float32)"
1026,[1 2 3 1 0 0 0 0 1 1 5 0 0 0 0 0 0 0 0 0 0 0 0 0 0],"tf.Tensor([ 0.87408656  1.0995022   0.51433563  0.3549822   1.0520593  11.        ], shape=(6,), dtype=float32)",0.1,[1 3 3 1 1 0 0 0 0 6 4 0 0 0 0 0 0 0 0 0 0 0 0 0 0],False,"tf.Tensor(
[[ 0.87408656  1.0995022   0.51433563  0.3549822   1.0520593   0.13399145
   0.40767986 -0.03792633  0.7877829   0.00865924  0.24645786  0.20093067
   0.7506268   0.9819222   0.5199069   0.6982533   1.0361569  -0.11796645]], shape=(1, 18), dtype=float32)"
1027,[1 3 3 1 1 0 0 0 0 6 4 0 0 0 0 0 0 0 0 0 0 0 0 0 0],"tf.Tensor([1.3703163 1.149436  0.8555026 0.7076442 1.1755998 3.       ], shape=(6,), dtype=float32)",0.0,[2 1 0 0 0 0 0 3 3 2 4 1 0 0 0 0 0 0 0 0 0 0 0 0 0],False,"tf.Tensor(
[[ 1.3703163   1.149436    0.8555026   0.7076442   1.1755998   0.38842767
   0.53009063  0.16874936  1.2264762  -0.01705773  0.4645224  -0.07023892
   1.1851314   0.88058376  0.63979125  1.0577662   1.1246412   0.04632031]], shape=(1, 18), dtype=float32)"
1028,[2 1 0 0 0 0 0 3 3 2 4 1 0 0 0 0 0 0 0 0 0 0 0 0 0],"tf.Tensor([1.0370473  0.943925   0.65040666 0.61327    1.0235908  3.        ], shape=(6,), dtype=float32)",0.30000000000000004,[2 2 6 3 2 0 0 0 0 1 3 0 0 0 0 0 0 0 0 0 0 0 0 0 0],False,"tf.Tensor(
[[ 1.0370473   0.943925    0.65040666  0.61327     1.0235908   0.46959764
   0.51689553  0.21691942  1.0275174  -0.1101196   0.20797911 -0.08028792
   0.9371551   0.6817576   0.56683946  0.7119051   0.98601437  0.08771349]], shape=(1, 18), dtype=float32)"
1029,[2 2 6 3 2 0 0 0 0 1 3 0 0 0 0 0 0 0 0 0 0 0 0 0 0],"tf.Tensor([ 1.2127948   1.2241617   0.7137121   0.78934073  1.2682724  10.        ], shape=(6,), dtype=float32)",0.0,[2 3 6 3 2 0 0 0 0 3 6 0 0 0 0 0 0 0 0 0 0 0 0 0 0],False,"tf.Tensor(
[[1.2127948  1.2241617  0.7137121  0.78934073 1.2682724  0.11897958
  0.34813023 0.17296605 1.0352148  0.098198   0.40675664 0.01629639
  1.1637307  0.6220506  0.85272765 1.3073686  0.81955796 0.31164807]], shape=(1, 18), dtype=float32)"
1030,[2 3 6 3 2 0 0 0 0 3 6 0 0 0 0 0 0 0 0 0 0 0 0 0 0],[1 1 0 1 0 9],0.0,[3 1 0 0 0 0 0 6 3 3 6 2 0 0 0 0 0 0 0 0 0 0 0 0 0],False,"tf.Tensor(
[[1.4928745  1.7867739  0.77352995 0.7101665  1.6928958  0.19216523
  0.55368966 0.02924124 1.3464625  0.07552707 0.37648314 0.11620401
  1.253125   1.3034873  0.96509266 1.3786979  1.4279144  0.03402764]], shape=(1, 18), dtype=float32)"
1031,[3 1 0 0 0 0 0 6 3 3 6 2 0 0 0 0 0 0 0 0 0 0 0 0 0],[0 0 1 0 0 2],0.1,[3 2 1 0 0 0 0 3 6 0 6 4 0 0 0 0 0 0 0 0 0 0 0 0 0],False,"tf.Tensor(
[[ 1.5199425   1.4875897   0.7959346   0.5722146   1.603385    0.99660915
   0.9526929   0.21620707  1.6639875  -0.45022058  0.13217932 -0.0724567
   1.5817499   1.1001546   0.92570937  0.97784084  1.6125185   0.03806537]], shape=(1, 18), dtype=float32)"
1032,[3 2 1 0 0 0 0 3 6 0 6 4 0 0 0 0 0 0 0 0 0 0 0 0 0],"tf.Tensor([1.430598  1.3242924 1.1323773 0.8249947 1.5302467 3.       ], shape=(6,), dtype=float32)",0.30000000000000004,[3 3 1 3 6 4 0 0 0 0 1 0 0 0 0 0 0 0 0 0 0 0 0 0 0],False,"tf.Tensor(
[[ 1.430598    1.3242924   1.1323773   0.8249947   1.5302467   0.5298131
   0.8479868   0.24746102  1.647636   -0.25801134  0.43399855 -0.12793374
   1.3409545   0.7111104   0.8945619   1.113769    1.3263149   0.05937798]], shape=(1, 18), dtype=float32)"
1033,[3 3 1 3 6 4 0 0 0 0 1 0 0 0 0 0 0 0 0 0 0 0 0 0 0],"tf.Tensor([ 1.7008239   0.84774554  1.413369    1.4056257   0.7071065  10.        ], shape=(6,), dtype=float32)",0.0,[4 1 0 0 0 0 0 6 5 1 3 2 0 0 0 0 0 0 0 0 0 0 0 0 0],False,"tf.Tensor(
[[ 1.7008239   0.84774554  1.413369    1.4056257   0.7071065  -0.1561498
   0.2116128   1.0997907   1.0641963  -0.10520388  0.91669434 -0.03366129
   0.9306152  -0.70532024  1.1320105   1.8003931   0.4763302   0.6533707 ]], shape=(1, 18), dtype=float32)"
1034,[4 1 0 0 0 0 0 6 5 1 3 2 0 0 0 0 0 0 0 0 0 0 0 0 0],"tf.Tensor([1.4189229  1.3720427  0.86196566 0.8346887  1.3762085  7.        ], shape=(6,), dtype=float32)",0.30000000000000004,[4 2 5 6 4 0 0 0 0 5 4 0 0 0 0 0 0 0 0 0 0 0 0 0 0],False,"tf.Tensor(
[[ 1.4189229   1.3720427   0.86196566  0.8346887   1.3762085   0.5185213
   0.3959365   0.46926045  1.3466247  -0.18145198  0.34377068 -0.27559778
   1.3502998   0.60968477  0.7689874   0.9566384   0.95627844  0.32039577]], shape=(1, 18), dtype=float32)"
1035,[4 2 5 6 4 0 0 0 0 5 4 0 0 0 0 0 0 0 0 0 0 0 0 0 0],"tf.Tensor([ 2.130549   2.0018687  1.3301048  0.9798831  1.6526126 10.       ], shape=(6,), dtype=float32)",0.2,[4 3 5 6 4 5 4 0 0 0 0 0 0 0 0 0 0 0 0 0 0 0 0 0 0],False,"tf.Tensor(
[[2.130549   2.0018687  1.3301048  0.9798831  1.6526126  0.11977606
  0.49686247 0.55950916 1.7122294  0.23958899 0.6728419  0.01077716
  1.5367144  1.309726   0.97126925 1.8806474  1.1790547  0.18990603]], shape=(1, 18), dtype=float32)"
1036,[4 3 5 6 4 5 4 0 0 0 0 0 0 0 0 0 0 0 0 0 0 0 0 0 0],"tf.Tensor([ 2.1532445  1.4403766  1.6335633  1.4730961  1.86049   10.       ], shape=(6,), dtype=float32)",0.0,[5 1 0 0 0 0 0 5 6 2 3 4 0 0 0 0 0 0 0 0 0 0 0 0 0],False,"tf.Tensor(
[[ 2.1532445   1.4403766   1.6335633   1.4730961   1.86049     0.22000828
   0.5047731   0.89410686  1.9293516   0.04598503  0.8249662  -0.31235713
   1.8043714  -0.00484108  1.3834087   1.953813    1.025574    0.6617094 ]], shape=(1, 18), dtype=float32)"
1037,[5 1 0 0 0 0 0 5 6 2 3 4 0 0 0 0 0 0 0 0 0 0 0 0 0],"tf.Tensor([1.6247733  1.5799265  0.98894554 0.8766874  1.6421351  7.        ], shape=(6,), dtype=float32)",0.4,[5 2 1 6 3 6 0 0 0 0 5 0 0 0 0 0 0 0 0 0 0 0 0 0 0],False,"tf.Tensor(
[[ 1.6247733   1.5799265   0.98894554  0.8766874   1.6421351   0.55620974
   0.49015528  0.5034973   1.5241916  -0.15774748  0.44603026 -0.14070782
   1.5647049   0.8020398   0.88879526  1.1475524   1.223106    0.27574003]], shape=(1, 18), dtype=float32)"
1038,[5 2 1 6 3 6 0 0 0 0 5 0 0 0 0 0 0 0 0 0 0 0 0 0 0],"tf.Tensor([ 1.7809982   0.8056072   1.2457374   1.3202435   0.96656495 10.        ], shape=(6,), dtype=float32)",0.1,[5 3 1 6 3 6 5 0 0 0 0 0 0 0 0 0 0 0 0 0 0 0 0 0 0],False,"tf.Tensor(
[[ 1.7809982   0.8056072   1.2457374   1.3202435   0.96656495  0.06342632
   0.33411574  1.0425991   1.2150053   0.04126897  0.69368446 -0.07386214
   1.0383449  -0.45584413  1.1005065   1.8153332   0.4962734   0.766837  ]], shape=(1, 18), dtype=float32)"
1039,[5 3 1 6 3 6 5 0 0 0 0 0 0 0 0 0 0 0 0 0 0 0 0 0 0],"tf.Tensor([2.1197302 1.3930036 1.6913235 1.4068912 1.3196111 3.       ], shape=(6,), dtype=float32)",0.0,[6 1 0 0 0 0 0 1 6 3 1 6 0 0 0 0 0 0 0 0 0 0 0 0 0],False,"tf.Tensor(
[[ 2.1197302   1.3930036   1.6913235   1.4068912   1.3196111   0.09501351
   0.20537916  1.122286    1.7866871   0.12459923  0.89463705 -0.41047487
   1.4255277  -0.13853325  1.1681701   1.7131898   0.703496    0.5912327 ]], shape=(1, 18), dtype=float32)"
1040,[6 1 0 0 0 0 0 1 6 3 1 6 0 0 0 0 0 0 0 0 0 0 0 0 0],"tf.Tensor([1.7945571 1.1761699 1.279355  0.9714658 1.5397019 3.       ], shape=(6,), dtype=float32)",0.5,[6 2 3 6 1 5 6 0 0 0 0 0 0 0 0 0 0 0 0 0 0 0 0 0 0],False,"tf.Tensor(
[[ 1.7945571   1.1761699   1.279355    0.9714658   1.5397019   0.43049312
   0.6994154   0.6233533   1.5216781  -0.09031896  0.81285125  0.10382946
   1.4770567   0.75688004  0.753654    1.2374774   1.37051     0.07705984]], shape=(1, 18), dtype=float32)"
1041,[6 2 3 6 1 5 6 0 0 0 0 0 0 0 0 0 0 0 0 0 0 0 0 0 0],"tf.Tensor([2.1489608 1.449217  1.5260113 1.3670062 1.5758587 3.       ], shape=(6,), dtype=float32)",0.0,[6 3 3 6 1 5 6 0 0 0 0 0 0 0 0 0 0 0 0 0 0 0 0 0 0],False,"tf.Tensor(
[[ 2.1489608   1.449217    1.5260113   1.3670062   1.5758587   0.35777283
   0.3394286   0.9259952   1.8292167   0.08442538  0.7319848  -0.34942824
   1.6380583   0.29489076  1.0683678   1.575594    1.0664675   0.51716787]], shape=(1, 18), dtype=float32)"
1042,[6 3 3 6 1 5 6 0 0 0 0 0 0 0 0 0 0 0 0 0 0 0 0 0 0],"tf.Tensor([2.2050328 1.457457  1.6547245 1.3479712 1.6606857 3.       ], shape=(6,), dtype=float32)",0.0,[7 1 0 0 0 0 0 3 6 1 5 6 0 0 0 0 0 0 0 0 0 0 0 0 0],False,"tf.Tensor(
[[ 2.2050328   1.457457    1.6547245   1.3479712   1.6606857   0.38346177
   0.37581444  0.92682886  1.9733591   0.11544035  0.73211104 -0.39429322
   1.7004913   0.29433486  1.1082144   1.5524496   1.1302336   0.4619829 ]], shape=(1, 18), dtype=float32)"
1043,[7 1 0 0 0 0 0 3 6 1 5 6 0 0 0 0 0 0 0 0 0 0 0 0 0],"tf.Tensor([1.9643207  1.6545248  1.3343922  0.94587195 1.8031415  3.        ], shape=(6,), dtype=float32)",0.5,[7 2 4 5 2 3 5 0 0 0 0 0 0 0 0 0 0 0 0 0 0 0 0 0 0],False,"tf.Tensor(
[[ 1.9643207   1.6545248   1.3343922   0.94587195  1.8031415   0.7262825
   0.9435952   0.5732875   2.0053687  -0.28130627  0.5008027  -0.09844925
   1.7128844   0.95754737  1.0315248   1.3313076   1.6330609   0.08861092]], shape=(1, 18), dtype=float32)"
1044,[7 2 4 5 2 3 5 0 0 0 0 0 0 0 0 0 0 0 0 0 0 0 0 0 0],"tf.Tensor([2.152615  1.4772199 1.4070994 1.4086968 1.7022328 3.       ], shape=(6,), dtype=float32)",0.0,[7 3 4 5 2 3 5 0 0 0 0 0 0 0 0 0 0 0 0 0 0 0 0 0 0],False,"tf.Tensor(
[[ 2.152615    1.4772199   1.4070994   1.4086968   1.7022328   0.541641
   0.46961647  0.78538305  1.8492581  -0.03281447  0.61092293 -0.35593504
   1.7541391   0.4251499   1.0131948   1.6553271   1.184555    0.5875695 ]], shape=(1, 18), dtype=float32)"
1045,[7 3 4 5 2 3 5 0 0 0 0 0 0 0 0 0 0 0 0 0 0 0 0 0 0],"tf.Tensor([2.196728  1.4618295 1.536999  1.4380012 1.7721286 3.       ], shape=(6,), dtype=float32)",8.0,[8 1 0 0 0 0 0 4 5 2 3 5 0 0 0 4 0 0 0 0 0 0 0 0 0],False,"tf.Tensor(
[[ 2.196728    1.4618295   1.536999    1.4380012   1.7721286   0.53062695
   0.5253741   0.79989177  1.9403379  -0.04294927  0.642851   -0.40350243
   1.8062688   0.34081304  1.0597302   1.7516626   1.1779536   0.5887127 ]], shape=(1, 18), dtype=float32)"
1046,[8 1 0 0 0 0 0 4 5 2 3 5 0 0 0 4 0 0 0 0 0 0 0 0 0],"tf.Tensor([1.8371915  1.352714   1.1010886  0.99682003 1.3892506  3.        ], shape=(6,), dtype=float32)",0.5,[8 2 6 6 6 3 2 0 0 0 0 0 0 0 0 4 0 0 0 0 0 0 0 0 0],False,"tf.Tensor(
[[ 1.8371915   1.352714    1.1010886   0.99682003  1.3892506   0.53974175
   0.45539933  0.8212096   1.5377431  -0.18739481  0.3925988  -0.15793766
   1.485126    0.29319236  1.0474151   1.2569833   1.1428105   0.46580547]], shape=(1, 18), dtype=float32)"
1047,[8 2 6 6 6 3 2 0 0 0 0 0 0 0 0 4 0 0 0 0 0 0 0 0 0],[1 1 0 1 0 3],0.0,[8 3 6 6 6 3 2 0 0 0 0 0 0 0 0 4 0 0 0 0 0 0 0 0 0],False,"tf.Tensor(
[[ 2.3992763   1.0725899   1.4301988   1.9316082   1.2557955   0.30906454
   0.4145571   1.2034795   1.4556283  -0.19404976  0.73272276 -0.1837913
   1.551716   -0.66334766  1.5178262   2.4768527   0.864759    1.2345988 ]], shape=(1, 18), dtype=float32)"
1048,[8 3 6 6 6 3 2 0 0 0 0 0 0 0 0 4 0 0 0 0 0 0 0 0 0],"tf.Tensor([ 2.3845851  1.0454453  1.5162125  1.9022543  1.2945069 10.       ], shape=(6,), dtype=float32)",0.0,[9 1 0 0 0 0 0 6 6 6 3 2 0 0 0 4 0 0 0 0 0 0 0 0 0],False,"tf.Tensor(
[[ 2.3845851   1.0454453   1.5162125   1.9022543   1.2945069   0.31700692
   0.4850784   1.1673266   1.5620117  -0.18612419  0.740573   -0.20628096
   1.5715802  -0.6919558   1.5365146   2.500571    0.831476    1.2078453 ]], shape=(1, 18), dtype=float32)"
1049,[9 1 0 0 0 0 0 6 6 6 3 2 0 0 0 4 0 0 0 0 0 0 0 0 0],"tf.Tensor([2.240989  1.2262424 0.7443616 1.7280624 1.5389508 7.       ], shape=(6,), dtype=float32)",0.4,[9 2 6 5 5 4 0 0 0 4 0 0 0 0 0 4 0 0 0 0 0 0 0 0 0],False,"tf.Tensor(
[[ 2.240989    1.2262424   0.7443616   1.7280624   1.5389508   0.83737004
   0.75803417  0.8014384   1.2749476  -0.55892515  0.57796973  0.12598445
   1.8746663   0.71245724  0.9522096   1.6350188   1.6496577   0.8545932 ]], shape=(1, 18), dtype=float32)"
1050,[9 2 6 5 5 4 0 0 0 4 0 0 0 0 0 4 0 0 0 0 0 0 0 0 0],"tf.Tensor([ 2.5389001  1.3177136  1.3046523  1.5874271  1.2322773 10.       ], shape=(6,), dtype=float32)",0.1,[9 3 6 5 5 4 4 0 0 0 0 0 0 0 0 4 0 0 0 0 0 0 0 0 0],False,"tf.Tensor(
[[ 2.5389001   1.3177136   1.3046523   1.5874271   1.2322773   0.6830768
   0.650858    1.1345371   1.817366   -0.3087672   0.598019   -0.08519569
   1.5225176   0.11517304  1.187252    1.8536417   1.4532036   0.72582173]], shape=(1, 18), dtype=float32)"
1051,[9 3 6 5 5 4 4 0 0 0 0 0 0 0 0 4 0 0 0 0 0 0 0 0 0],"tf.Tensor([ 2.4192464  1.1429625  1.5221454  1.9278316  1.42551   10.       ], shape=(6,), dtype=float32)",0.0,[10 1 0 0 0 0 0 6 5 4 5 4 0 0 0 4 0 0 0 0 0 0 0 0 0],False,"tf.Tensor(
[[ 2.4192464   1.1429625   1.5221454   1.9278316   1.42551     0.4141419
   0.47090477  1.0872699   1.6537614  -0.16293907  0.67757535 -0.2947367
   1.7550102  -0.4783521   1.4804822   2.415211    0.9225527   1.1975473 ]], shape=(1, 18), dtype=float32)"
1052,[10 1 0 0 0 0 0 6 5 4 5 4 0 0 0 4 0 0 0 0 0 0 0 0 0],"tf.Tensor([2.3981528 1.6613946 1.0087043 1.3493185 1.7187705 7.       ], shape=(6,), dtype=float32)",0.5,[10 2 1 6 1 1 3 0 0 0 0 0 0 0 0 4 0 0 0 0 0 0 0 0 0],False,"tf.Tensor(
[[ 2.3981528   1.6613946   1.0087043   1.3493185   1.7187705   0.9831734
   0.8067989   0.99921244  1.709443   -0.50186944  0.44261792 -0.03257906
   2.0203283   0.9701927   1.1325982   1.555157    1.7131237   0.57715374]], shape=(1, 18), dtype=float32)"
1053,[10 2 1 6 1 1 3 0 0 0 0 0 0 0 0 4 0 0 0 0 0 0 0 0 0],[ 1  1  1  1  1 11],0.0,[10 3 1 6 1 1 3 0 0 0 0 0 0 0 0 4 0 0 0 0 0 0 0 0 0],False,"tf.Tensor(
[[ 1.7854724   1.1730359   0.9496442   0.99850374  1.2123599   0.49100417
   0.17549287  0.7656556   1.4378875   0.06168825  0.2820667  -0.0683288
   1.2560272   0.45593032  0.5533923   1.5187453   0.8698849   0.52741987]], shape=(1, 18), dtype=float32)"
1054,[10 3 1 6 1 1 3 0 0 0 0 0 0 0 0 4 0 0 0 0 0 0 0 0 0],"tf.Tensor([1.8543543  1.2217803  1.0381951  0.98457736 1.2392379  3.        ], shape=(6,), dtype=float32)",-8.0,[11 1 0 0 0 0 0 1 6 1 1 3 0 0 0 0 0 0 0 0 0 0 0 0 0],False,"tf.Tensor(
[[ 1.8543543   1.2217803   1.0381951   0.98457736  1.2392379   0.5080631
   0.13630177  0.7911139   1.5480591   0.08405337  0.3353616  -0.10338888
   1.2861263   0.4599202   0.55733955  1.5191504   0.84404606  0.510603  ]], shape=(1, 18), dtype=float32)"
1055,[11 1 0 0 0 0 0 1 6 1 1 3 0 0 0 0 0 0 0 0 0 0 0 0 0],"tf.Tensor([2.3799274 1.5544991 1.2182363 1.4212952 2.1161904 7.       ], shape=(6,), dtype=float32)",0.5,[11 2 5 1 5 4 2 0 0 0 0 0 0 0 0 0 0 0 0 0 0 0 0 0 0],False,"tf.Tensor(
[[ 2.3799274   1.5544991   1.2182363   1.4212952   2.1161904   0.7539251
   0.9385728   0.93946916  1.8875897  -0.32489002  0.71449167  0.12384994
   1.9549369   1.0519892   0.7357913   1.5912606   1.6827728   0.46248546]], shape=(1, 18), dtype=float32)"
1056,[11 2 5 1 5 4 2 0 0 0 0 0 0 0 0 0 0 0 0 0 0 0 0 0 0],"tf.Tensor([ 2.4563289  1.0703455  1.4067575  1.7264913  1.7871447 10.       ], shape=(6,), dtype=float32)",0.0,[11 3 5 1 5 4 2 0 0 0 0 0 0 0 0 0 0 0 0 0 0 0 0 0 0],False,"tf.Tensor(
[[ 2.4563289   1.0703455   1.4067575   1.7264913   1.7871447   0.60548127
   0.96501154  1.0425149   1.7850356  -0.55148476  0.7162132   0.22590482
   1.8603133  -0.152625    1.0444407   2.507526    1.126446    1.0921751 ]], shape=(1, 18), dtype=float32)"
1057,[11 3 5 1 5 4 2 0 0 0 0 0 0 0 0 0 0 0 0 0 0 0 0 0 0],"tf.Tensor([ 2.5022614  1.0635086  1.5168155  1.7246226  1.8549998 10.       ], shape=(6,), dtype=float32)",0.0,[12 1 0 0 0 0 0 5 1 5 4 2 0 0 0 0 0 0 0 0 0 0 0 0 0],False,"tf.Tensor(
[[ 2.5022614   1.0635086   1.5168155   1.7246226   1.8549998   0.629566
   0.9899866   1.0358052   1.9273028  -0.5287222   0.7334149   0.17863977
   1.8876687  -0.1914044   1.0841857   2.551199    1.1096349   1.0803392 ]], shape=(1, 18), dtype=float32)"
1058,[12 1 0 0 0 0 0 5 1 5 4 2 0 0 0 0 0 0 0 0 0 0 0 0 0],"tf.Tensor([ 2.6378677  1.6296607  1.066553   1.5683533  1.9113625 11.       ], shape=(6,), dtype=float32)",0.5,[12 2 5 2 6 3 4 0 0 0 0 0 0 0 0 0 0 0 0 0 0 0 0 0 0],False,"tf.Tensor(
[[ 2.6378677   1.6296607   1.066553    1.5683533   1.9113625   1.2770504
   1.3543191   0.7715464   2.0086195  -0.48767465  0.19764334  0.1142388
   2.165361    1.5688016   1.0316513   1.7598546   2.3071      0.46442682]], shape=(1, 18), dtype=float32)"
1059,[12 2 5 2 6 3 4 0 0 0 0 0 0 0 0 0 0 0 0 0 0 0 0 0 0],"tf.Tensor([ 2.735533   1.4134488  1.5676595  1.9728415  1.849932  10.       ], shape=(6,), dtype=float32)",0.0,[12 3 5 2 6 3 4 0 0 0 0 0 0 0 0 0 0 0 0 0 0 0 0 0 0],False,"tf.Tensor(
[[ 2.735533    1.4134488   1.5676595   1.9728415   1.849932    0.68156916
   0.9370976   1.1004835   2.0217693  -0.50437593  0.8859707   0.06290622
   2.0532238   0.06571348  1.1787772   2.7352731   1.1911583   1.1545525 ]], shape=(1, 18), dtype=float32)"
1060,[12 3 5 2 6 3 4 0 0 0 0 0 0 0 0 0 0 0 0 0 0 0 0 0 0],"tf.Tensor([ 2.7784312  1.4233949  1.6668692  1.9712162  1.9227529 10.       ], shape=(6,), dtype=float32)",60.0,[13 1 0 0 0 0 0 5 2 6 3 4 0 0 0 0 0 0 0 0 0 0 30 0 0],False,"tf.Tensor(
[[ 2.7784312   1.4233949   1.6668692   1.9712162   1.9227529   0.69819266
   0.9547164   1.0948609   2.1531909  -0.48522538  0.9115125   0.0208229
   2.0793266   0.0413184   1.2140481   2.775428    1.1733891   1.138269  ]], shape=(1, 18), dtype=float32)"
1061,[13 1 0 0 0 0 0 5 2 6 3 4 0 0 0 0 0 0 0 0 0 0 30 0 0],"tf.Tensor([ 2.6523457  1.5489663  1.2202803  1.451098   1.298866  11.       ], shape=(6,), dtype=float32)",0.5,[13 2 6 3 1 4 6 0 0 0 0 0 0 0 0 0 0 0 0 0 0 0 30 0 0],False,"tf.Tensor(
[[ 2.6523457   1.5489663   1.2202803   1.451098    1.298866    0.79641217
   0.908326    1.1122257   1.9651078  -0.15234011  0.45102614 -0.5426013
   1.3663363   0.00595106  2.0819066   1.3676878   2.9580095  -0.20822293]], shape=(1, 18), dtype=float32)"
1062,[13 2 6 3 1 4 6 0 0 0 0 0 0 0 0 0 0 0 0 0 0 0 30 0 0],"tf.Tensor([1.9633332 1.8418616 0.9917097 1.0694315 1.4799963 3.       ], shape=(6,), dtype=float32)",0.0,[13 3 6 3 1 4 6 0 0 0 0 0 0 0 0 0 0 0 0 0 0 0 30 0 0],False,"tf.Tensor(
[[ 1.9633332   1.8418616   0.9917097   1.0694315   1.4799963   0.6609346
   0.852634    1.0306387   2.2433164  -0.04108585  0.07106835 -0.84141874
   0.9997857  -0.19675039  1.7890074   1.4738746   2.139286   -0.12046333]], shape=(1, 18), dtype=float32)"
1063,[13 3 6 3 1 4 6 0 0 0 0 0 0 0 0 0 0 0 0 0 0 0 30 0 0],"tf.Tensor([ 2.0340085  1.8776206  0.9983029  1.1311266  1.5122411 11.       ], shape=(6,), dtype=float32)",0.0,[14 1 0 0 0 0 0 6 3 1 4 6 0 0 0 0 0 0 0 0 0 0 30 0 0],True,"tf.Tensor(
[[ 2.0340085   1.8776206   0.9983029   1.1311266   1.5122411   0.68342763
   0.8714582   1.0440313   2.2465856  -0.05772479  0.09413558 -0.83500564
   1.055663   -0.1957881   1.8334796   1.5129657   2.2491481  -0.12992752]], shape=(1, 18), dtype=float32)"
1064,[1 1 0 0 0 0 0 6 3 5 2 3 0 0 0 0 0 0 0 0 0 0 0 0 0],"tf.Tensor([1.3749588  1.2486273  0.99886906 0.75932163 1.3332052  7.        ], shape=(6,), dtype=float32)",0.4,[1 2 6 3 5 3 0 0 0 0 3 0 0 0 0 0 0 0 0 0 0 0 0 0 0],False,"tf.Tensor(
[[ 1.3749588   1.2486273   0.99886906  0.75932163  1.3332052   0.41782457
   0.27188653  0.47055417  1.1858175  -0.07321748  0.4365217  -0.12019409
   1.3490211   0.4408372   1.0105366   0.9516744   1.1381503   0.17461693]], shape=(1, 18), dtype=float32)"
1065,[1 2 6 3 5 3 0 0 0 0 3 0 0 0 0 0 0 0 0 0 0 0 0 0 0],"tf.Tensor([ 1.1574413  0.9988462  1.0064826  1.1386105  1.488667  10.       ], shape=(6,), dtype=float32)",0.1,[1 3 6 3 5 3 3 0 0 0 0 0 0 0 0 0 0 0 0 0 0 0 0 0 0],False,"tf.Tensor(
[[ 1.1574413   0.9988462   1.0064826   1.1386105   1.488667    0.06385078
   0.78510803  0.33144087  1.2632688  -0.16306981  0.4869318   0.1497835
   1.2789197  -0.1035912   1.1076046   1.7229418   0.8555665   0.4511551 ]], shape=(1, 18), dtype=float32)"
1066,[1 3 6 3 5 3 3 0 0 0 0 0 0 0 0 0 0 0 0 0 0 0 0 0 0],"tf.Tensor([ 1.5421342  1.1691475  1.1354266  1.1250113  1.7318735 10.       ], shape=(6,), dtype=float32)",0.0,[2 1 0 0 0 0 0 6 3 5 2 3 0 0 0 0 0 0 0 0 0 0 0 0 0],False,"tf.Tensor(
[[ 1.5421342   1.1691475   1.1354266   1.1250113   1.7318735   0.3329434
   0.7328812   0.38833413  1.6328175  -0.0969574   0.5389435  -0.21391946
   1.5917434   0.13233572  1.1652257   1.6764853   0.92141     0.5563358 ]], shape=(1, 18), dtype=float32)"
1067,[2 1 0 0 0 0 0 6 3 5 2 3 0 0 0 0 0 0 0 0 0 0 0 0 0],"tf.Tensor([1.5672792  1.3020532  0.97660774 0.7954662  1.4335182  7.        ], shape=(6,), dtype=float32)",0.4,[2 2 5 2 4 1 0 0 0 0 5 0 0 0 0 0 0 0 0 0 0 0 0 0 0],False,"tf.Tensor(
[[ 1.5672792   1.3020532   0.97660774  0.7954662   1.4335182   0.567664
   0.3722567   0.53193825  1.3035815  -0.12585038  0.42662847 -0.08647145
   1.4401256   0.62573105  0.96720904  1.0372027   1.2680153   0.19588771]], shape=(1, 18), dtype=float32)"
1068,[2 2 5 2 4 1 0 0 0 0 5 0 0 0 0 0 0 0 0 0 0 0 0 0 0],"tf.Tensor([ 0.99038017  0.97962135  0.68501115  0.89123726  1.2882618  10.        ], shape=(6,), dtype=float32)",0.0,[2 3 5 2 4 1 0 0 0 0 3 0 0 0 0 0 0 0 0 0 0 0 0 0 0],False,"tf.Tensor(
[[ 0.99038017  0.97962135  0.68501115  0.89123726  1.2882618   0.12114924
   0.5062294   0.25962737  1.0488449  -0.01822865  0.38860005  0.1072094
   1.1102314   0.20117033  0.883733    1.2191322   0.7594345   0.37548715]], shape=(1, 18), dtype=float32)"
1069,[2 3 5 2 4 1 0 0 0 0 3 0 0 0 0 0 0 0 0 0 0 0 0 0 0],"tf.Tensor([ 1.2074518  0.9015094  0.9185286  1.0741785  1.1519028 10.       ], shape=(6,), dtype=float32)",60.0,[3 1 0 0 0 0 0 5 2 4 3 1 0 0 0 0 0 0 0 0 0 0 30 0 0],False,"tf.Tensor(
[[ 1.2074518e+00  9.0150940e-01  9.1852862e-01  1.0741785e+00
   1.1519028e+00  2.6656229e-02  3.6569515e-01  5.0087011e-01
   1.0016296e+00 -1.2653992e-03  5.4138470e-01  3.4305170e-02
   1.1310625e+00 -5.4915935e-02  9.7782367e-01  1.3642219e+00
   7.0300615e-01  4.7200200e-01]], shape=(1, 18), dtype=float32)"
1070,[3 1 0 0 0 0 0 5 2 4 3 1 0 0 0 0 0 0 0 0 0 0 30 0 0],"tf.Tensor([ 1.8119799  0.8958419  1.3567156  1.2581422  0.5586832 11.       ], shape=(6,), dtype=float32)",0.30000000000000004,[3 2 5 3 5 0 0 0 4 0 0 2 0 0 0 0 0 0 0 0 0 0 30 0 0],False,"tf.Tensor(
[[ 1.8119799   0.8958419   1.3567156   1.2581422   0.5586832   0.08803308
   0.74504566  1.4747572   1.3252544  -0.09068409  0.6159346  -0.61130273
   0.9131155  -0.84455276  1.8334118   1.3501707   2.149471   -0.47676966]], shape=(1, 18), dtype=float32)"
1071,[3 2 5 3 5 0 0 0 4 0 0 2 0 0 0 0 0 0 0 0 0 0 30 0 0],"tf.Tensor([1.7949201 1.7252579 1.4334637 1.3331945 0.9348113 9.       ], shape=(6,), dtype=float32)",0.2,[3 3 5 3 5 4 2 0 0 0 0 0 0 0 0 0 0 0 0 0 0 0 30 0 0],False,"tf.Tensor(
[[ 1.7949201   1.7252579   1.4334637   1.3331945   0.9348113   0.10536304
   0.76454246  1.5095869   1.7006438   0.03266373  0.44072086 -0.60497355
   0.89406514 -0.41003188  1.9146798   1.8767858   1.848074   -0.42787632]], shape=(1, 18), dtype=float32)"
1072,[3 3 5 3 5 4 2 0 0 0 0 0 0 0 0 0 0 0 0 0 0 0 30 0 0],"tf.Tensor([ 1.5427258  1.6425219  1.3547243  1.0566411  1.1625764 11.       ], shape=(6,), dtype=float32)",0.0,[4 1 0 0 0 0 0 5 2 3 5 4 0 0 0 0 0 0 0 0 0 0 30 0 0],False,"tf.Tensor(
[[ 1.5427258   1.6425219   1.3547243   1.0566411   1.1625764   0.1489214
   0.5321682   1.3429948   1.6506674  -0.13981089  0.27954435 -0.5434755
   1.0282347  -0.5008044   1.7926817   1.4221132   1.9220448  -0.4600887 ]], shape=(1, 18), dtype=float32)"
1073,[4 1 0 0 0 0 0 5 2 3 5 4 0 0 0 0 0 0 0 0 0 0 30 0 0],"tf.Tensor([ 2.0630476   0.7685907   1.4050139   1.3214095   0.73166615 11.        ], shape=(6,), dtype=float32)",0.30000000000000004,[4 2 1 3 3 0 0 0 5 0 0 3 0 0 0 0 0 0 0 0 0 0 30 0 0],False,"tf.Tensor(
[[ 2.0630476   0.7685907   1.4050139   1.3214095   0.73166615  0.2788311
   1.002088    1.0578159   1.6005156   0.03258678  0.51552385 -0.6370875
   0.9683602  -0.6903437   1.9767914   1.211832    2.4204562  -0.37779692]], shape=(1, 18), dtype=float32)"
1074,[4 2 1 3 3 0 0 0 5 0 0 3 0 0 0 0 0 0 0 0 0 0 30 0 0],"tf.Tensor([1.7796582 1.4659123 1.4464319 1.3193425 0.7694172 9.       ], shape=(6,), dtype=float32)",0.1,[4 3 1 3 3 5 0 0 0 0 0 5 0 0 0 0 0 0 0 0 0 0 30 0 0],False,"tf.Tensor(
[[ 1.7796582   1.4659123   1.4464319   1.3193425   0.7694172   0.04798133
   0.6191657   1.5348294   1.5210068   0.07682276  0.48147118 -0.6040322
   0.914063   -0.5698923   1.9676814   1.6337898   1.9242669  -0.4457796 ]], shape=(1, 18), dtype=float32)"
1075,[4 3 1 3 3 5 0 0 0 0 0 5 0 0 0 0 0 0 0 0 0 0 30 0 0],"tf.Tensor([ 1.4697487  1.2898469  1.2562246  1.0273738  0.8734682 11.       ], shape=(6,), dtype=float32)",0.0,[5 1 0 0 0 0 0 1 5 3 3 5 0 0 0 0 0 0 0 0 0 0 30 0 0],False,"tf.Tensor(
[[ 1.4697487   1.2898469   1.2562246   1.0273738   0.8734682   0.06734452
   0.31230152  1.4635688   1.1383258  -0.11935739  0.3953033  -0.47753394
   1.0832424  -0.56072694  1.6784917   1.1099821   1.9538332  -0.535395  ]], shape=(1, 18), dtype=float32)"
1076,[5 1 0 0 0 0 0 1 5 3 3 5 0 0 0 0 0 0 0 0 0 0 30 0 0],"tf.Tensor([ 1.8087679   0.79496735  1.3536588   1.273115    0.37524253 11.        ], shape=(6,), dtype=float32)",0.30000000000000004,[5 2 6 1 4 0 0 0 5 0 0 2 0 0 0 0 0 0 0 0 0 0 30 0 0],False,"tf.Tensor(
[[ 1.8087679   0.79496735  1.3536588   1.273115    0.37524253  0.13076302
   0.72874254  1.3225409   1.3600724   0.18297216  0.4588815  -0.6344706
   0.74532664 -0.80312085  1.9574726   1.2802329   2.04102    -0.35451928]], shape=(1, 18), dtype=float32)"
1077,[5 2 6 1 4 0 0 0 5 0 0 2 0 0 0 0 0 0 0 0 0 0 30 0 0],"tf.Tensor([ 1.9775769  1.6651748  1.1968901  1.3332682  1.0756876 11.       ], shape=(6,), dtype=float32)",0.2,[5 3 6 1 4 5 2 0 0 0 0 0 0 0 0 0 0 0 0 0 0 0 30 0 0],False,"tf.Tensor(
[[ 1.9775769   1.6651748   1.1968901   1.3332682   1.0756876   0.35305747
   0.73111665  1.5381106   1.6517682  -0.19367498  0.44808108 -0.6289406
   0.9835743  -0.3679512   1.8508135   1.8563337   2.1416562  -0.39174488]], shape=(1, 18), dtype=float32)"
1078,[5 3 6 1 4 5 2 0 0 0 0 0 0 0 0 0 0 0 0 0 0 0 30 0 0],[1 0 0 0 1 3],8.0,[6 1 0 0 0 0 0 6 3 1 4 6 0 0 0 4 0 0 0 0 0 0 30 0 0],False,"tf.Tensor(
[[ 1.7025089   1.493488    1.1481532   1.0471145   1.3326633   0.40728548
   0.55838066  1.2887303   1.6196057  -0.41319773  0.33077645 -0.5760949
   1.1581819  -0.478308    1.6949546   1.4036216   2.206905   -0.40957072]], shape=(1, 18), dtype=float32)"
1079,[6 1 0 0 0 0 0 6 3 1 4 6 0 0 0 4 0 0 0 0 0 0 30 0 0],"tf.Tensor([ 1.9818319  1.0220293  1.3784971  1.2941911  1.1971473 11.       ], shape=(6,), dtype=float32)",0.5,[6 2 2 5 6 1 2 0 0 0 0 0 0 0 0 4 0 0 0 0 0 0 30 0 0],False,"tf.Tensor(
[[ 1.9818319   1.0220293   1.3784971   1.2941911   1.1971473   0.16740587
   1.0348071   1.0717279   1.61607    -0.13042781  0.3787223  -0.8463217
   1.3167332  -0.7871389   2.2056375   1.0576448   2.8292112  -0.6810884 ]], shape=(1, 18), dtype=float32)"
1080,[6 2 2 5 6 1 2 0 0 0 0 0 0 0 0 4 0 0 0 0 0 0 30 0 0],"tf.Tensor([1.5411742  2.1306126  1.4099795  0.88100815 1.2911118  3.        ], shape=(6,), dtype=float32)",0.0,[6 3 2 5 6 1 2 0 0 0 0 0 0 0 0 4 0 0 0 0 0 0 30 0 0],False,"tf.Tensor(
[[ 1.5411742   2.1306126   1.4099795   0.88100815  1.2911118   0.09938952
   0.43643153  1.5427552   2.0507088   0.35566142 -0.14723606 -0.93829614
   1.035918   -0.36828077  2.0268502   1.1671538   1.8372589  -0.469025  ]], shape=(1, 18), dtype=float32)"
1081,[6 3 2 5 6 1 2 0 0 0 0 0 0 0 0 4 0 0 0 0 0 0 30 0 0],"tf.Tensor([1.5977715 2.1476772 1.4031727 0.8952281 1.3184128 3.       ], shape=(6,), dtype=float32)",-8.0,[7 1 0 0 0 0 0 2 5 6 1 2 0 0 0 0 0 0 0 0 0 0 30 0 0],False,"tf.Tensor(
[[ 1.5977715   2.1476772   1.4031727   0.8952281   1.3184128   0.13366368
   0.4074111   1.5781119   2.0591087   0.3169044  -0.14617898 -0.94301146
   1.0743988  -0.3761057   2.0499249   1.1433216   1.9353561  -0.47211757]], shape=(1, 18), dtype=float32)"
1082,[7 1 0 0 0 0 0 2 5 6 1 2 0 0 0 0 0 0 0 0 0 0 30 0 0],"tf.Tensor([ 1.8988998  1.2663956  1.2888556  1.341176   0.5469792 11.       ], shape=(6,), dtype=float32)",0.4,[7 2 1 4 2 4 0 0 0 0 0 4 0 0 0 0 0 0 0 0 0 0 30 0 0],False,"tf.Tensor(
[[ 1.8988998   1.2663956   1.2888556   1.341176    0.5469792   0.09301251
   0.49604106  1.6286956   1.3513      0.06619325  0.5076894  -0.6564995
   0.85360956 -0.6799639   1.9155697   1.3836348   2.0986323  -0.41394612]], shape=(1, 18), dtype=float32)"
1083,[7 2 1 4 2 4 0 0 0 0 0 4 0 0 0 0 0 0 0 0 0 0 30 0 0],"tf.Tensor([ 1.6400317   1.3886902   1.2046385   1.0893849   0.87498087 11.        ], shape=(6,), dtype=float32)",0.0,[7 3 1 4 2 4 0 0 0 0 0 5 0 0 0 0 0 0 0 0 0 0 30 0 0],False,"tf.Tensor(
[[ 1.6400317   1.3886902   1.2046385   1.0893849   0.87498087  0.1878897
   0.41015273  1.4039534   1.3481865  -0.04567227  0.33923507 -0.54061997
   1.0065064  -0.4931166   1.7224156   1.177141    1.9941307  -0.41422442]], shape=(1, 18), dtype=float32)"
1084,[7 3 1 4 2 4 0 0 0 0 0 5 0 0 0 0 0 0 0 0 0 0 30 0 0],"tf.Tensor([ 1.673839   1.3470321  1.1947863  1.105814   0.8755761 11.       ], shape=(6,), dtype=float32)",0.0,[8 1 0 0 0 0 0 1 4 2 4 5 0 0 0 0 0 0 0 0 0 0 30 0 0],False,"tf.Tensor(
[[ 1.673839    1.3470321   1.1947863   1.105814    0.8755761   0.21251974
   0.4295177   1.4040561   1.3414959  -0.04367478  0.34774786 -0.5726491
   1.0271583  -0.4958329   1.7339269   1.1751196   2.0481403  -0.4143359 ]], shape=(1, 18), dtype=float32)"
1085,[8 1 0 0 0 0 0 1 4 2 4 5 0 0 0 0 0 0 0 0 0 0 30 0 0],"tf.Tensor([ 1.9421796  0.929605   1.1025761  1.2819228  0.7265478 11.       ], shape=(6,), dtype=float32)",0.4,[8 2 5 6 1 1 0 0 0 0 0 5 0 0 0 0 0 0 0 0 0 0 30 0 0],False,"tf.Tensor(
[[ 1.9421796   0.929605    1.1025761   1.2819228   0.7265478   0.40355587
   0.818237    1.1105002   1.5502098   0.09196047  0.3950706  -0.7018623
   0.81468576 -0.55252874  1.8495951   1.3050578   2.3052642  -0.30904025]], shape=(1, 18), dtype=float32)"
1086,[8 2 5 6 1 1 0 0 0 0 0 5 0 0 0 0 0 0 0 0 0 0 30 0 0],"tf.Tensor([1.9371853 1.1660409 1.4843075 1.3388047 0.5041925 9.       ], shape=(6,), dtype=float32)",0.0,[8 3 5 6 1 1 0 0 0 0 0 6 0 0 0 0 0 0 0 0 0 0 30 0 0],False,"tf.Tensor(
[[ 1.9371853   1.1660409   1.4843075   1.3388047   0.5041925   0.24848798
   0.97488695  1.1242644   1.8578792   0.21100342  0.44868928 -0.55499697
   0.6399165  -0.60691607  1.91869     1.5566974   1.8613379  -0.19748335]], shape=(1, 18), dtype=float32)"
1087,[8 3 5 6 1 1 0 0 0 0 0 6 0 0 0 0 0 0 0 0 0 0 30 0 0],"tf.Tensor([1.9671713  1.1285789  1.471472   1.3509257  0.48706776 9.        ], shape=(6,), dtype=float32)",0.0,[9 1 0 0 0 0 0 5 6 1 1 4 0 0 0 0 0 0 0 0 0 0 30 0 0],False,"tf.Tensor(
[[ 1.9671713   1.1285789   1.471472    1.3509257   0.48706776  0.26203957
   0.9713577   1.1443068   1.8298527   0.20962489  0.44888252 -0.572028
   0.6531624  -0.6212301   1.9293444   1.5298895   1.923561   -0.20299587]], shape=(1, 18), dtype=float32)"
1088,[9 1 0 0 0 0 0 5 6 1 1 4 0 0 0 0 0 0 0 0 0 0 30 0 0],"tf.Tensor([ 2.1179397   1.1032717   1.2485694   1.4874327   0.91283756 11.        ], shape=(6,), dtype=float32)",0.5,[9 2 3 2 5 6 5 0 0 0 0 0 0 0 0 0 0 0 0 0 0 0 30 0 0],False,"tf.Tensor(
[[ 2.1179397   1.1032717   1.2485694   1.4874327   0.91283756  0.31667337
   0.77846557  1.4578443   1.5527201  -0.27934     0.6843494  -0.72612584
   1.112682   -0.81107527  2.0165582   1.5915344   2.6477726  -0.47788134]], shape=(1, 18), dtype=float32)"
1089,[9 2 3 2 5 6 5 0 0 0 0 0 0 0 0 0 0 0 0 0 0 0 30 0 0],"tf.Tensor([1.5944514 1.4654412 1.2584583 1.0293593 1.053976  3.       ], shape=(6,), dtype=float32)",0.0,[9 3 3 2 5 6 5 0 0 0 0 0 0 0 0 0 0 0 0 0 0 0 30 0 0],False,"tf.Tensor(
[[ 1.5944514e+00  1.4654412e+00  1.2584583e+00  1.0293593e+00
   1.0539761e+00  2.6579794e-01  6.0626173e-01  1.0280666e+00
   2.0314543e+00 -6.6134334e-04  2.8577948e-01 -7.3246568e-01
   6.8754297e-01 -4.9793926e-01  1.7688348e+00  1.2712663e+00
   1.7108470e+00 -1.2851252e-01]], shape=(1, 18), dtype=float32)"
1090,[9 3 3 2 5 6 5 0 0 0 0 0 0 0 0 0 0 0 0 0 0 0 30 0 0],"tf.Tensor([1.6635458 1.5460527 1.2138761 1.0641054 1.1449083 3.       ], shape=(6,), dtype=float32)",0.0,[10 1 0 0 0 0 0 3 2 5 6 5 0 0 0 0 0 0 0 0 0 0 30 0 0],False,"tf.Tensor(
[[ 1.6635458   1.5460527   1.2138761   1.0641054   1.1449083   0.31412023
   0.61222863  1.0618404   2.0053914  -0.00627765  0.26162273 -0.75813895
   0.8038513  -0.46090248  1.8035755   1.3130052   1.8347319  -0.15178733]], shape=(1, 18), dtype=float32)"
1091,[10 1 0 0 0 0 0 3 2 5 6 5 0 0 0 0 0 0 0 0 0 0 30 0 0],[1 1 1 1 1 4],0.5,[10 2 2 1 1 4 6 0 0 0 0 0 0 0 0 0 0 0 0 0 0 0 30 0 0],False,"tf.Tensor(
[[ 2.4160874   1.146927    1.3542236   1.2964098   0.99812293  0.69411683
   1.003004    0.9722056   1.9636323   0.10162289  0.45779872 -0.5328839
   1.083792   -0.14703575  2.0467412   1.3063087   2.618048   -0.21390662]], shape=(1, 18), dtype=float32)"
1092,[10 2 2 1 1 4 6 0 0 0 0 0 0 0 0 0 0 0 0 0 0 0 30 0 0],"tf.Tensor([ 1.7095469   1.238054    1.0584617   1.1008838   0.94412655 11.        ], shape=(6,), dtype=float32)",0.0,[10 3 2 1 1 4 6 0 0 0 0 0 0 0 0 0 0 0 0 0 0 0 30 0 0],False,"tf.Tensor(
[[ 1.7095469   1.238054    1.0584617   1.1008838   0.94412655  0.34772032
   0.67961836  1.0325837   1.7240005  -0.21013221  0.49200422 -0.565288
   0.7772822  -0.58862543  1.617218    1.4279294   1.8078946  -0.19424286]], shape=(1, 18), dtype=float32)"
1093,[10 3 2 1 1 4 6 0 0 0 0 0 0 0 0 0 0 0 0 0 0 0 30 0 0],[1 1 0 0 0 8],0.0,[11 1 0 0 0 0 0 2 1 1 4 6 0 0 0 0 0 0 0 0 0 0 30 0 0],False,"tf.Tensor(
[[ 1.7918297   1.3000591   1.038248    1.1545476   1.0266453   0.40681583
   0.69758195  1.057839    1.7147915  -0.22906435  0.49246442 -0.5900219
   0.8809745  -0.54576313  1.6523395   1.4614166   1.9444937  -0.19567825]], shape=(1, 18), dtype=float32)"
1094,[11 1 0 0 0 0 0 2 1 1 4 6 0 0 0 0 0 0 0 0 0 0 30 0 0],"tf.Tensor([ 2.0267587   1.0307307   0.90850294  1.2395653   1.1578178  11.        ], shape=(6,), dtype=float32)",0.5,[11 2 4 5 2 2 1 0 0 0 0 0 0 0 0 0 0 0 0 0 0 0 30 0 0],False,"tf.Tensor(
[[ 2.0267587   1.0307307   0.90850294  1.2395653   1.1578178   0.580353
   0.9325849   0.82054913  1.6826962  -0.10925002  0.2932275  -0.7377589
   0.9254161  -0.34823087  1.6699333   1.1543943   2.5918055  -0.36960173]], shape=(1, 18), dtype=float32)"
1095,[11 2 4 5 2 2 1 0 0 0 0 0 0 0 0 0 0 0 0 0 0 0 30 0 0],"tf.Tensor([2.0964446 1.8934157 1.2329743 1.1509557 1.1423793 3.       ], shape=(6,), dtype=float32)",0.0,[11 3 4 5 2 2 1 0 0 0 0 0 0 0 0 0 0 0 0 0 0 0 30 0 0],False,"tf.Tensor(
[[ 2.0964446   1.8934157   1.2329743   1.1509557   1.1423793   0.494086
   0.7937651   1.4279448   2.1359162   0.1011371   0.13547046 -0.79797405
   0.98506784 -0.32099637  1.95424     1.5066841   2.0858314  -0.20333341]], shape=(1, 18), dtype=float32)"
1096,[11 3 4 5 2 2 1 0 0 0 0 0 0 0 0 0 0 0 0 0 0 0 30 0 0],[ 0  0  0  0  1 10],-60.0,[12 1 0 0 0 0 0 4 5 2 2 1 0 0 0 0 0 0 0 0 0 0 0 0 0],False,"tf.Tensor(
[[ 2.1495895   1.9125073   1.2337428   1.186833    1.2037184   0.5307813
   0.80885637  1.4302138   2.1656578   0.06971958  0.14963879 -0.8265049
   1.043375   -0.32284188  1.982826    1.5288062   2.187974   -0.21049324]], shape=(1, 18), dtype=float32)"
1097,[12 1 0 0 0 0 0 4 5 2 2 1 0 0 0 0 0 0 0 0 0 0 0 0 0],"tf.Tensor([2.620446  1.6072655 0.9895461 1.7880174 2.1605563 7.       ], shape=(6,), dtype=float32)",0.5,[12 2 4 4 6 4 4 0 0 0 0 0 0 0 0 0 0 0 0 0 0 0 0 0 0],False,"tf.Tensor(
[[ 2.620446    1.6072655   0.9895461   1.7880174   2.1605563   0.98142403
   1.1473477   0.9983293   1.8461365  -0.32747257  0.6387615   0.08642423
   2.2035892   1.471929    0.8472424   1.7729791   1.9425973   0.66023165]], shape=(1, 18), dtype=float32)"
1098,[12 2 4 4 6 4 4 0 0 0 0 0 0 0 0 0 0 0 0 0 0 0 0 0 0],"tf.Tensor([ 2.8830729  1.4440079  1.7728084  1.9613724  1.8677634 10.       ], shape=(6,), dtype=float32)",0.0,[12 3 4 4 6 4 4 0 0 0 0 0 0 0 0 0 0 0 0 0 0 0 0 0 0],False,"tf.Tensor(
[[ 2.8830729   1.4440079   1.7728084   1.9613724   1.8677634   0.66899276
   0.9399078   1.2224995   2.2350316  -0.48427972  0.98865724  0.05660933
   2.0141647  -0.01735931  1.221818    2.7723908   1.1821883   1.0933663 ]], shape=(1, 18), dtype=float32)"
1099,[12 3 4 4 6 4 4 0 0 0 0 0 0 0 0 0 0 0 0 0 0 0 0 0 0],"tf.Tensor([ 2.9013386  1.4423656  1.8726559  1.9631951  1.9345251 10.       ], shape=(6,), dtype=float32)",0.0,[13 1 0 0 0 0 0 4 4 6 4 4 0 0 0 0 0 0 0 0 0 0 0 0 0],False,"tf.Tensor(
[[ 2.9013386   1.4423656   1.8726559   1.9631951   1.9345251   0.676095
   0.9641171   1.2026298   2.3407063  -0.47531554  1.0149372   0.00822725
   2.047416   -0.05948841  1.2500267   2.8244586   1.1498592   1.0872248 ]], shape=(1, 18), dtype=float32)"
1100,[13 1 0 0 0 0 0 4 4 6 4 4 0 0 0 0 0 0 0 0 0 0 0 0 0],"tf.Tensor([ 3.0987256  1.863217   1.4253536  1.7798257  2.415186  11.       ], shape=(6,), dtype=float32)",0.5,[13 2 5 2 6 4 6 0 0 0 0 0 0 0 0 0 0 0 0 0 0 0 0 0 0],False,"tf.Tensor(
[[ 3.0987256   1.863217    1.4253536   1.7798257   2.415186    1.3620994
   1.600507    0.8186076   2.5430584  -0.5418652   0.49779665  0.26751867
   2.4686458   1.7689805   1.0890673   1.9242918   2.8195765   0.36097735]], shape=(1, 18), dtype=float32)"
1101,[13 2 5 2 6 4 6 0 0 0 0 0 0 0 0 0 0 0 0 0 0 0 0 0 0],"tf.Tensor([ 2.934617   1.6716889  1.6620075  2.1530979  2.0067012 10.       ], shape=(6,), dtype=float32)",0.0,[13 3 5 2 6 4 6 0 0 0 0 0 0 0 0 0 0 0 0 0 0 0 0 0 0],False,"tf.Tensor(
[[ 2.934617    1.6716889   1.6620075   2.1530979   2.0067012   0.7689159
   0.90282995  1.0963831   2.1697679  -0.48811933  0.9574662  -0.0392513
   2.3246047   0.27686444  1.2642181   2.8238873   1.3544016   1.2125424 ]], shape=(1, 18), dtype=float32)"
1102,[13 3 5 2 6 4 6 0 0 0 0 0 0 0 0 0 0 0 0 0 0 0 0 0 0],"tf.Tensor([ 2.9817226  1.6871619  1.7592523  2.1531248  2.066892  10.       ], shape=(6,), dtype=float32)",0.0,[14 1 0 0 0 0 0 5 2 6 4 6 0 0 0 0 0 0 0 0 0 0 0 0 0],True,"tf.Tensor(
[[ 2.9817226   1.6871619   1.7592523   2.1531248   2.066892    0.7827719
   0.9247243   1.0996152   2.2955213  -0.474838    0.9879745  -0.0745227
   2.348064    0.25826806  1.2945952   2.8620045   1.341606    1.1930337 ]], shape=(1, 18), dtype=float32)"
1103,[1 1 0 0 0 0 0 4 5 3 2 2 0 0 0 0 0 0 0 0 0 0 0 0 0],"tf.Tensor([1.2840345  0.99901223 0.947451   0.9094322  0.99079    7.        ], shape=(6,), dtype=float32)",0.5,[1 2 4 5 3 2 2 0 0 0 0 0 0 0 0 0 0 0 0 0 0 0 0 0 0],False,"tf.Tensor(
[[ 1.2840345   0.99901223  0.947451    0.9094322   0.99079     0.13845295
   0.17112198  0.5095344   0.938952    0.01525544  0.6235087  -0.18903278
   1.0448163   0.28151494  0.66605926  0.9804826   0.66129595  0.30046576]], shape=(1, 18), dtype=float32)"
1104,[1 2 4 5 3 2 2 0 0 0 0 0 0 0 0 0 0 0 0 0 0 0 0 0 0],"tf.Tensor([ 1.3610226   0.88541216  1.0948544   0.9819076   1.3339318  10.        ], shape=(6,), dtype=float32)",0.0,[1 3 4 5 3 2 2 0 0 0 0 0 0 0 0 0 0 0 0 0 0 0 0 0 0],False,"tf.Tensor(
[[ 1.3610226   0.88541216  1.0948544   0.9819076   1.3339318   0.23686074
   0.52894825  0.46193102  1.3787848   0.01421345  0.4625751  -0.27953693
   1.2243259  -0.06038587  1.0073143   1.4327561   0.68193555  0.47207332]], shape=(1, 18), dtype=float32)"
1105,[1 3 4 5 3 2 2 0 0 0 0 0 0 0 0 0 0 0 0 0 0 0 0 0 0],"tf.Tensor([1.3995633 0.9421842 1.1915586 0.9999448 1.3669928 3.       ], shape=(6,), dtype=float32)",8.0,[2 1 0 0 0 0 0 4 5 3 2 2 0 0 0 4 0 0 0 0 0 0 0 0 0],False,"tf.Tensor(
[[ 1.3995633   0.9421842   1.1915586   0.9999448   1.3669928   0.23529008
   0.5170821   0.4641781   1.4649372   0.04080236  0.48312604 -0.33773947
   1.2963519  -0.05281739  1.0491368   1.4086268   0.70918745  0.4526506 ]], shape=(1, 18), dtype=float32)"
1106,[2 1 0 0 0 0 0 4 5 3 2 2 0 0 0 4 0 0 0 0 0 0 0 0 0],"tf.Tensor([0.9690777 1.0053045 0.5167292 0.8094253 0.8740588 7.       ], shape=(6,), dtype=float32)",0.2,[2 2 1 3 0 0 0 0 0 1 1 4 0 0 0 4 0 0 0 0 0 0 0 0 0],False,"tf.Tensor(
[[ 0.9690777   1.0053045   0.5167292   0.8094253   0.8740588   0.22854455
  -0.17711551  0.67347014  0.5538971  -0.14788708  0.23589787 -0.35458806
   0.9721284   0.01809171  0.7016561   0.7611023   0.8241696   0.1937998 ]], shape=(1, 18), dtype=float32)"
1107,[2 2 1 3 0 0 0 0 0 1 1 4 0 0 0 4 0 0 0 0 0 0 0 0 0],"tf.Tensor([0.7626092  0.48785132 0.54243356 0.48101497 0.4732986  2.        ], shape=(6,), dtype=float32)",0.0,[2 3 1 3 0 0 0 0 0 6 4 3 0 0 0 4 0 0 0 0 0 0 0 0 0],False,"tf.Tensor(
[[ 0.7626092   0.48785132  0.54243356  0.48101497  0.4732986  -0.01542927
   0.12031059  0.640931    0.4657768   0.09274854  0.28556478  0.03663568
   0.5148277  -0.04498767  0.46743274  0.5266521   0.46558547  0.13540985]], shape=(1, 18), dtype=float32)"
1108,[2 3 1 3 0 0 0 0 0 6 4 3 0 0 0 4 0 0 0 0 0 0 0 0 0],"tf.Tensor([1.1849781  0.8282198  0.8002964  0.67893034 0.93712056 3.        ], shape=(6,), dtype=float32)",-8.0,[3 1 0 0 0 0 0 1 3 2 5 6 0 0 0 0 0 0 0 0 0 0 0 0 0],False,"tf.Tensor(
[[ 1.1849781   0.8282198   0.8002964   0.67893034  0.93712056  0.29294884
   0.38480827  0.43616125  0.9998109  -0.00894143  0.4492999   0.00598347
   0.94745284  0.47590294  0.49975932  0.8299824   0.7859196   0.16296737]], shape=(1, 18), dtype=float32)"
1109,[3 1 0 0 0 0 0 1 3 2 5 6 0 0 0 0 0 0 0 0 0 0 0 0 0],"tf.Tensor([1.2488966  0.98950744 0.93803614 0.62525934 1.2634044  3.        ], shape=(6,), dtype=float32)",0.4,[3 2 2 4 1 6 0 0 0 0 1 0 0 0 0 0 0 0 0 0 0 0 0 0 0],False,"tf.Tensor(
[[ 1.2488966   0.98950744  0.93803614  0.62525934  1.2634044   0.46194136
   1.136425    0.20847982  1.4186388  -0.29001948  0.4907207   0.20671417
   1.1095823   0.8294802   0.6709914   1.051851    1.2988622  -0.11614399]], shape=(1, 18), dtype=float32)"
1110,[3 2 2 4 1 6 0 0 0 0 1 0 0 0 0 0 0 0 0 0 0 0 0 0 0],"tf.Tensor([ 1.2656401   0.75047135  0.88627034  0.7816063   1.1382542  10.        ], shape=(6,), dtype=float32)",0.0,[3 3 2 4 1 6 0 0 0 0 6 0 0 0 0 0 0 0 0 0 0 0 0 0 0],False,"tf.Tensor(
[[ 1.2656401   0.75047135  0.88627034  0.7816063   1.1382542   0.16392614
   0.4393099   0.7418736   1.0143299  -0.10384044  0.4033765   0.06928639
   0.9855937  -0.03803371  0.6061092   1.1537678   0.7008759   0.34875047]], shape=(1, 18), dtype=float32)"
1111,[3 3 2 4 1 6 0 0 0 0 6 0 0 0 0 0 0 0 0 0 0 0 0 0 0],"tf.Tensor([ 1.2341448   0.7267099   0.88389164  0.9587774   1.0300041  10.        ], shape=(6,), dtype=float32)",0.0,[4 1 0 0 0 0 0 2 4 1 2 6 0 0 0 0 0 0 0 0 0 0 0 0 0],False,"tf.Tensor(
[[ 1.2341448   0.7267099   0.88389164  0.9587774   1.0300041   0.15299568
   0.32911253  0.53442895  0.9437749  -0.04961058  0.47696015 -0.09963833
   1.0660361  -0.08556828  0.7901235   1.2372283   0.5890873   0.5161034 ]], shape=(1, 18), dtype=float32)"
1112,[4 1 0 0 0 0 0 2 4 1 2 6 0 0 0 0 0 0 0 0 0 0 0 0 0],"tf.Tensor([1.279095  1.0442786 0.8711124 0.6412528 1.1528107 3.       ], shape=(6,), dtype=float32)",0.30000000000000004,[4 2 5 1 6 0 0 0 0 5 2 0 0 0 0 0 0 0 0 0 0 0 0 0 0],False,"tf.Tensor(
[[ 1.279095    1.0442786   0.8711124   0.6412528   1.1528107   0.37826204
   0.54793835  0.45280233  1.218695   -0.13820466  0.50379294  0.02560179
   1.0981809   0.5164655   0.6632811   0.9183276   0.9585648   0.11107768]], shape=(1, 18), dtype=float32)"
1113,[4 2 5 1 6 0 0 0 0 5 2 0 0 0 0 0 0 0 0 0 0 0 0 0 0],"tf.Tensor([ 1.4950265  1.3711536  0.8669834  1.0111704  1.4959784 10.       ], shape=(6,), dtype=float32)",0.1,[4 3 5 1 6 2 0 0 0 3 0 0 0 0 0 0 0 0 0 0 0 0 0 0 0],False,"tf.Tensor(
[[ 1.4950265   1.3711536   0.8669834   1.0111704   1.4959784   0.4447772
   0.7365708   0.14373715  1.4342616  -0.16095568  0.41131037 -0.12364173
   1.5063584   0.63582444  1.0395957   1.6842378   0.98562646  0.49789605]], shape=(1, 18), dtype=float32)"
1114,[4 3 5 1 6 2 0 0 0 3 0 0 0 0 0 0 0 0 0 0 0 0 0 0 0],"tf.Tensor([ 1.5780723  1.0091449  1.1711628  1.1939964  1.4165518 10.       ], shape=(6,), dtype=float32)",0.0,[5 1 0 0 0 0 0 5 1 6 6 6 0 0 0 0 0 0 0 0 0 0 0 0 0],False,"tf.Tensor(
[[ 1.5780723   1.0091449   1.1711628   1.1939964   1.4165518   0.23659346
   0.7741579   0.5672444   1.4736793  -0.18948118  0.61534727 -0.12835342
   1.4469978  -0.08394344  1.1323091   1.7775735   0.80979884  0.6038475 ]], shape=(1, 18), dtype=float32)"
1115,[5 1 0 0 0 0 0 5 1 6 6 6 0 0 0 0 0 0 0 0 0 0 0 0 0],"tf.Tensor([ 2.0934558  1.860849   1.1665564  0.821419   1.811514  11.       ], shape=(6,), dtype=float32)",0.4,[5 2 1 5 5 3 0 0 0 0 5 0 0 0 0 0 0 0 0 0 0 0 0 0 0],False,"tf.Tensor(
[[ 2.0934558   1.860849    1.1665564   0.821419    1.811514    1.0450392
   1.3500495   0.482095    2.1558335  -0.3909404   0.47599456  0.21981841
   1.887237    1.7496316   1.0260509   1.1840745   2.2049801  -0.2508251 ]], shape=(1, 18), dtype=float32)"
1116,[5 2 1 5 5 3 0 0 0 0 5 0 0 0 0 0 0 0 0 0 0 0 0 0 0],"tf.Tensor([ 1.780416    0.73693067  1.2457339   1.420646    0.8964281  10.        ], shape=(6,), dtype=float32)",0.1,[5 3 1 5 5 3 5 0 0 0 0 0 0 0 0 0 0 0 0 0 0 0 0 0 0],False,"tf.Tensor(
[[ 1.780416    0.73693067  1.2457339   1.420646    0.8964281   0.1532667
   0.21142817  0.90534323  1.2521316   0.00650677  0.7805629  -0.1692508
   1.0194511  -0.5685163   1.1558175   1.8906677   0.3948183   0.8656169 ]], shape=(1, 18), dtype=float32)"
1117,[5 3 1 5 5 3 5 0 0 0 0 0 0 0 0 0 0 0 0 0 0 0 0 0 0],"tf.Tensor([2.1813438 1.4338608 1.6772393 1.4823862 1.321772  3.       ], shape=(6,), dtype=float32)",0.0,[6 1 0 0 0 0 0 1 5 5 3 3 0 0 0 0 0 0 0 0 0 0 0 0 0],False,"tf.Tensor(
[[ 2.1813438   1.4338608   1.6772393   1.4823862   1.321772    0.23532754
   0.06239504  1.0191941   1.8358668   0.11518839  0.8801589  -0.50973636
   1.4920664  -0.11113445  1.2352887   1.6701432   0.76545966  0.65684605]], shape=(1, 18), dtype=float32)"
1118,[6 1 0 0 0 0 0 1 5 5 3 3 0 0 0 0 0 0 0 0 0 0 0 0 0],"tf.Tensor([ 1.8927594  1.2252073  1.2500957  1.2060093  1.4921808 11.       ], shape=(6,), dtype=float32)",0.5,[6 2 3 2 2 5 2 0 0 0 0 0 0 0 0 0 0 0 0 0 0 0 0 0 0],False,"tf.Tensor(
[[ 1.8927594   1.2252073   1.2500957   1.2060093   1.4921808   0.64378554
   1.0651828   0.45723727  1.5138208  -0.28379202  0.5872379   0.09759644
   1.5607674   1.1108216   0.8219869   1.448774    1.7410426   0.08441761]], shape=(1, 18), dtype=float32)"
1119,[6 2 3 2 2 5 2 0 0 0 0 0 0 0 0 0 0 0 0 0 0 0 0 0 0],"tf.Tensor([ 1.5495402   0.93206626  0.9945944   1.0601424   1.414292   10.        ], shape=(6,), dtype=float32)",0.0,[6 3 3 2 2 5 2 0 0 0 0 0 0 0 0 0 0 0 0 0 0 0 0 0 0],False,"tf.Tensor(
[[ 1.5495402   0.93206626  0.9945944   1.0601424   1.414292    0.2937046
   0.52757674  0.68654364  1.2221347  -0.20126382  0.47087425  0.04486229
   1.3401636   0.05028896  0.6878248   1.4535292   0.8025593   0.610933  ]], shape=(1, 18), dtype=float32)"
1120,[6 3 3 2 2 5 2 0 0 0 0 0 0 0 0 0 0 0 0 0 0 0 0 0 0],"tf.Tensor([ 1.5688952  0.9131443  1.0920633  1.0797968  1.4446201 10.       ], shape=(6,), dtype=float32)",0.0,[7 1 0 0 0 0 0 3 2 2 5 2 0 0 0 0 0 0 0 0 0 0 0 0 0],False,"tf.Tensor(
[[ 1.5688952   0.9131443   1.0920633   1.0797968   1.4446201   0.2839128
   0.5703232   0.6898631   1.2894524  -0.19232245  0.4818189  -0.00843384
   1.3755479  -0.00813942  0.72552663  1.5123146   0.78500724  0.6080951 ]], shape=(1, 18), dtype=float32)"
1121,[7 1 0 0 0 0 0 3 2 2 5 2 0 0 0 0 0 0 0 0 0 0 0 0 0],"tf.Tensor([ 1.8977754   1.291991    0.88021845  0.9613205   1.3299639  11.        ], shape=(6,), dtype=float32)",0.4,[7 2 2 5 3 4 0 0 0 5 0 0 0 0 0 0 0 0 0 0 0 0 0 0 0],False,"tf.Tensor(
[[ 1.8977754   1.291991    0.88021845  0.9613205   1.3299639   0.86003697
   0.9150165   0.59106857  1.6073675  -0.25934052  0.19227505  0.17404902
   1.3378614   1.1641706   0.81979936  1.0575743   1.7560437   0.12750626]], shape=(1, 18), dtype=float32)"
1122,[7 2 2 5 3 4 0 0 0 5 0 0 0 0 0 0 0 0 0 0 0 0 0 0 0],"tf.Tensor([2.0357783 1.353245  1.3202403 1.0812156 1.357764  3.       ], shape=(6,), dtype=float32)",0.1,[7 3 2 5 3 4 5 0 0 0 0 0 0 0 0 0 0 0 0 0 0 0 0 0 0],False,"tf.Tensor(
[[ 2.0357783   1.353245    1.3202403   1.0812156   1.357764    0.54614615
   0.96907294  0.8597135   1.9448448  -0.20523155  0.623575   -0.04476586
   1.3757823   0.5591674   0.7837265   1.5415995   1.19764     0.2653996 ]], shape=(1, 18), dtype=float32)"
1123,[7 3 2 5 3 4 5 0 0 0 0 0 0 0 0 0 0 0 0 0 0 0 0 0 0],[ 0  1  1  1  0 12],38.0,[8 1 0 0 0 0 0 2 5 2 3 4 0 0 0 0 0 0 0 0 0 0 0 0 19],False,"tf.Tensor(
[[ 2.2472482   1.4098316   1.6244442   1.4041104   1.5625622   0.4446522
   0.49998018  0.94019467  1.9811968  -0.03301177  0.7984214  -0.2945333
   1.6374741   0.24872918  1.0522331   1.7479066   1.0456231   0.54275584]], shape=(1, 18), dtype=float32)"
1124,[8 1 0 0 0 0 0 2 5 2 3 4 0 0 0 0 0 0 0 0 0 0 0 0 19],"tf.Tensor([3.0717657 1.1964335 2.8214517 1.5890884 1.1606405 3.       ], shape=(6,), dtype=float32)",0.5,[8 2 2 4 2 6 1 0 0 0 0 0 0 0 0 0 0 0 0 0 0 0 0 0 19],False,"tf.Tensor(
[[ 3.0717657   1.1964335   2.8214517   1.5890884   1.1606405  -0.03778966
   1.2509476   1.9334077   2.6754518   0.4247116   1.6107668   0.24910727
   1.4210463   0.31929436  1.3909293   2.227847    1.3849224  -0.17331824]], shape=(1, 18), dtype=float32)"
1125,[8 2 2 4 2 6 1 0 0 0 0 0 0 0 0 0 0 0 0 0 0 0 0 0 19],"tf.Tensor([2.6610608 1.1253387 2.8528302 1.4587841 0.9432566 3.       ], shape=(6,), dtype=float32)",0.0,[8 3 2 4 2 6 1 0 0 0 0 0 0 0 0 0 0 0 0 0 0 0 0 0 19],False,"tf.Tensor(
[[ 2.6610608   1.1253387   2.8528302   1.4587841   0.9432566  -0.31665957
   1.3137611   1.8816556   2.8980997   0.57029545  1.3871895   0.22366114
   0.9687794  -0.8449551   2.004318    2.6626108   0.4703163   0.34064618]], shape=(1, 18), dtype=float32)"
1126,[8 3 2 4 2 6 1 0 0 0 0 0 0 0 0 0 0 0 0 0 0 0 0 0 19],"tf.Tensor([2.6493323 1.0732263 2.958427  1.4456837 1.0053341 3.       ], shape=(6,), dtype=float32)",8.0,[9 1 0 0 0 0 0 2 4 2 6 1 0 0 0 4 0 0 0 0 0 0 0 0 19],False,"tf.Tensor(
[[ 2.6493323   1.0732263   2.958427    1.4456837   1.0053341  -0.34063947
   1.4407942   1.8493664   2.9371915   0.5496255   1.4033068   0.15489446
   1.128159   -0.8741928   2.0550728   2.6708522   0.49007073  0.33267006]], shape=(1, 18), dtype=float32)"
1127,[9 1 0 0 0 0 0 2 4 2 6 1 0 0 0 4 0 0 0 0 0 0 0 0 19],"tf.Tensor([2.9039943  0.6220867  2.0688744  1.5888499  0.65517414 2.        ], shape=(6,), dtype=float32)",0.30000000000000004,[9 2 2 2 5 0 0 0 1 0 0 5 0 0 0 4 0 0 0 0 0 0 0 0 19],False,"tf.Tensor(
[[ 2.9039943   0.6220867   2.0688744   1.5888499   0.65517414 -0.04374491
   0.42046693  2.057186    1.8715161   0.41035083  1.5441675   0.81116
   0.6715235  -0.4271469   1.208094    1.8808002   1.152038    0.31937963]], shape=(1, 18), dtype=float32)"
1128,[9 2 2 2 5 0 0 0 1 0 0 5 0 0 0 4 0 0 0 0 0 0 0 0 19],"tf.Tensor([ 2.42298    0.9058024  2.5890224  1.5232348  0.6511266 10.       ], shape=(6,), dtype=float32)",0.1,[9 3 2 2 5 1 0 0 0 0 0 1 0 0 0 4 0 0 0 0 0 0 0 0 19],False,"tf.Tensor(
[[ 2.42298     0.9058024   2.5890224   1.5232348   0.6511266  -0.9274402
   0.6423952   2.2607665   1.9415902   0.7337843   1.6560038   0.8209906
   0.7075804  -1.0193712   1.737533    2.2838657   0.40616688  0.29678822]], shape=(1, 18), dtype=float32)"
1129,[9 3 2 2 5 1 0 0 0 0 0 1 0 0 0 4 0 0 0 0 0 0 0 0 19],"tf.Tensor([ 2.2351162  0.5873941  2.1432786  1.290083   0.5509027 10.       ], shape=(6,), dtype=float32)",0.0,[10 1 0 0 0 0 0 2 4 2 5 6 0 0 0 4 0 0 0 0 0 0 0 0 19],False,"tf.Tensor(
[[ 2.2351162   0.5873941   2.1432786   1.290083    0.5509027  -0.39482164
   0.46355256  2.176062    1.8104011   0.6760106   1.161169    0.61199576
   0.4379625  -1.2907467   1.7376362   2.2970102   0.16565514  0.5384947 ]], shape=(1, 18), dtype=float32)"
1130,[10 1 0 0 0 0 0 2 4 2 5 6 0 0 0 4 0 0 0 0 0 0 0 0 19],"tf.Tensor([3.1351922 0.9947308 2.7741158 1.7306688 0.968762  3.       ], shape=(6,), dtype=float32)",0.5,[10 2 3 6 6 4 5 0 0 0 0 0 0 0 0 4 0 0 0 0 0 0 0 0 19],False,"tf.Tensor(
[[ 3.1351922   0.9947308   2.7741158   1.7306688   0.968762   -0.24988763
   0.88334924  2.2404985   2.2858799   0.41497353  1.5546519   0.7507842
   1.309046   -0.34571597  1.614365    2.0799134   1.5345784   0.09714951]], shape=(1, 18), dtype=float32)"
1131,[10 2 3 6 6 4 5 0 0 0 0 0 0 0 0 4 0 0 0 0 0 0 0 0 19],"tf.Tensor([ 3.364004   1.5788007  2.413657   2.0186071  1.5297031 10.       ], shape=(6,), dtype=float32)",0.0,[10 3 3 6 6 4 5 0 0 0 0 0 0 0 0 4 0 0 0 0 0 0 0 0 19],False,"tf.Tensor(
[[ 3.364004    1.5788007   2.413657    2.0186071   1.5297031   0.1355391
   0.989874    2.1914291   3.0044453   0.24800679  1.444064    0.11582091
   1.3562478  -0.6995982   1.9170388   3.2893808   0.7880482   0.879038  ]], shape=(1, 18), dtype=float32)"
1132,[10 3 3 6 6 4 5 0 0 0 0 0 0 0 0 4 0 0 0 0 0 0 0 0 19],"tf.Tensor([ 3.3453236  1.5706549  2.5095701  1.9971106  1.5745096 10.       ], shape=(6,), dtype=float32)",0.0,[11 1 0 0 0 0 0 3 6 6 4 5 0 0 0 4 0 0 0 0 0 0 0 0 19],False,"tf.Tensor(
[[ 3.3453236   1.5706549   2.5095701   1.9971106   1.5745096   0.12448798
   1.0413194   2.1887057   3.0589345   0.21515721  1.4427019   0.09704411
   1.4429483  -0.7481631   1.9507617   3.2630758   0.83572745  0.8278769 ]], shape=(1, 18), dtype=float32)"
1133,[11 1 0 0 0 0 0 3 6 6 4 5 0 0 0 4 0 0 0 0 0 0 0 0 19],"tf.Tensor([ 3.2616615  1.016235   2.8685439  1.9141846  1.1382836 10.       ], shape=(6,), dtype=float32)",0.5,[11 2 2 3 3 2 1 0 0 0 0 0 0 0 0 4 0 0 0 0 0 0 0 0 19],False,"tf.Tensor(
[[ 3.2616615   1.016235    2.8685439   1.9141846   1.1382836  -0.05460002
   1.1775779   2.1317706   2.3006856   0.39273623  1.4124293   0.4628074
   1.7933254  -0.10803752  1.7417694   2.3555367   1.6152806   0.29319158]], shape=(1, 18), dtype=float32)"
1134,[11 2 2 3 3 2 1 0 0 0 0 0 0 0 0 4 0 0 0 0 0 0 0 0 19],"tf.Tensor([ 2.4114263  0.6008405  2.1669185  1.2838212  0.7631745 10.       ], shape=(6,), dtype=float32)",0.0,[11 3 2 3 3 2 1 0 0 0 0 0 0 0 0 4 0 0 0 0 0 0 0 0 19],False,"tf.Tensor(
[[ 2.4114263   0.6008405   2.1669185   1.2838212   0.7631745  -0.25548822
   0.7335772   2.1254008   2.092751    0.63302284  1.1324687   0.6179013
   0.516015   -1.2299433   1.7380053   2.4593859   0.22601399  0.63378865]], shape=(1, 18), dtype=float32)"
1135,[11 3 2 3 3 2 1 0 0 0 0 0 0 0 0 4 0 0 0 0 0 0 0 0 19],"tf.Tensor([ 2.397061    0.56897235  2.3011072   1.2629323   0.77774584 10.        ], shape=(6,), dtype=float32)",0.0,[12 1 0 0 0 0 0 2 3 3 2 1 0 0 0 4 0 0 0 0 0 0 0 0 19],False,"tf.Tensor(
[[ 2.397061    0.56897235  2.3011072   1.2629323   0.77774584 -0.25531578
   0.7893281   2.0972822   2.1633418   0.6223748   1.1304793   0.5915904
   0.6027757  -1.2786314   1.7853428   2.4184425   0.25559634  0.593283  ]], shape=(1, 18), dtype=float32)"
1136,[12 1 0 0 0 0 0 2 3 3 2 1 0 0 0 4 0 0 0 0 0 0 0 0 19],"tf.Tensor([2.5090692  0.3934058  2.2593458  1.4228941  0.58142114 2.        ], shape=(6,), dtype=float32)",0.30000000000000004,[12 2 3 6 4 0 0 0 1 0 0 3 0 0 0 4 0 0 0 0 0 0 0 0 19],False,"tf.Tensor(
[[ 2.5090692   0.3934058   2.2593458   1.4228941   0.58142114 -0.2885083
   0.6228059   1.9186012   1.832601    0.6091328   1.3890302   0.75617546
   0.7198328  -0.84634197  1.4592834   1.8743317   0.79394203  0.37198532]], shape=(1, 18), dtype=float32)"
1137,[12 2 3 6 4 0 0 0 1 0 0 3 0 0 0 4 0 0 0 0 0 0 0 0 19],"tf.Tensor([ 3.0501637  1.1193472  2.874292   1.5105135  1.286067  10.       ], shape=(6,), dtype=float32)",0.2,[12 3 3 6 4 1 3 0 0 0 0 0 0 0 0 4 0 0 0 0 0 0 0 0 19],False,"tf.Tensor(
[[ 3.0501637   1.1193472   2.874292    1.5105135   1.286067   -0.4147178
   1.5559179   2.4888375   3.0041692   0.7467466   1.4210697   0.45167932
   1.0196452  -0.86455595  2.0789611   3.0527947   0.6528591   0.34926024]], shape=(1, 18), dtype=float32)"
1138,[12 3 3 6 4 1 3 0 0 0 0 0 0 0 0 4 0 0 0 0 0 0 0 0 19],"tf.Tensor([3.1414778 1.3315209 2.5256643 1.6523824 1.5104814 3.       ], shape=(6,), dtype=float32)",0.0,[13 1 0 0 0 0 0 3 5 6 4 4 0 0 0 4 0 0 0 0 0 0 0 0 19],False,"tf.Tensor(
[[ 3.1414778   1.3315209   2.5256643   1.6523824   1.5104814  -0.02860542
   1.2982073   2.2835782   3.1575425   0.49668044  1.3632314   0.23864873
   1.05238    -0.7733049   1.8766952   3.1246502   0.7380799   0.5089451 ]], shape=(1, 18), dtype=float32)"
1139,[13 1 0 0 0 0 0 3 5 6 4 4 0 0 0 4 0 0 0 0 0 0 0 0 19],"tf.Tensor([ 3.3946614  0.8942172  2.9231534  1.9428232  1.0218987 10.       ], shape=(6,), dtype=float32)",0.4,[13 2 5 6 3 2 0 0 5 0 0 0 0 0 0 4 0 0 0 0 0 0 0 0 19],False,"tf.Tensor(
[[ 3.3946614   0.8942172   2.9231534   1.9428232   1.0218987   0.05821203
   1.2232078   2.1847584   2.3901563   0.32351837  1.458023    0.53310615
   1.7228339  -0.22918855  1.7769209   2.4452038   1.5955886   0.3647442 ]], shape=(1, 18), dtype=float32)"
1140,[13 2 5 6 3 2 0 0 5 0 0 0 0 0 0 4 0 0 0 0 0 0 0 0 19],"tf.Tensor([3.1209178  0.95970553 2.9459379  1.7013948  1.7466432  3.        ], shape=(6,), dtype=float32)",0.1,[13 3 5 6 3 2 5 0 0 0 0 0 0 0 0 4 0 0 0 0 0 0 0 0 19],False,"tf.Tensor(
[[ 3.1209178   0.95970553  2.9459379   1.7013948   1.7466432  -0.07451786
   2.2365766   2.0670705   3.381118    0.34429222  1.3529462   0.26075947
   1.5290519  -0.80652124  2.0320964   3.3760555   1.132852    0.31937402]], shape=(1, 18), dtype=float32)"
1141,[13 3 5 6 3 2 5 0 0 0 0 0 0 0 0 4 0 0 0 0 0 0 0 0 19],"tf.Tensor([3.5429122 1.4290204 2.840021  1.9520465 1.7244616 3.       ], shape=(6,), dtype=float32)",-8.0,[14 1 0 0 0 0 0 5 4 6 3 2 0 0 0 0 0 0 0 0 0 0 0 0 19],True,"tf.Tensor(
[[ 3.5429122   1.4290204   2.840021    1.9520465   1.7244616   0.3127395
   1.7516593   1.9496471   3.6121845   0.26675132  1.4317403   0.07469603
   1.6062279  -0.4406946   2.0072455   3.3575923   1.1273283   0.63860166]], shape=(1, 18), dtype=float32)"
1142,[1 1 0 0 0 0 0 3 6 3 2 3 0 0 0 0 0 0 0 0 0 0 0 0 0],"tf.Tensor([ 1.3295064   0.9922575   1.0883791   0.96256363  0.9475369  10.        ], shape=(6,), dtype=float32)",0.5,[1 2 3 6 3 2 3 0 0 0 0 0 0 0 0 0 0 0 0 0 0 0 0 0 0],False,"tf.Tensor(
[[ 1.3295064   0.9922575   1.0883791   0.96256363  0.9475369   0.09162138
   0.2813247   0.55571955  0.9785107   0.00191823  0.7505696  -0.20039092
   1.0619887   0.270695    0.70783633  1.1203275   0.65701735  0.24966209]], shape=(1, 18), dtype=float32)"
1143,[1 2 3 6 3 2 3 0 0 0 0 0 0 0 0 0 0 0 0 0 0 0 0 0 0],"tf.Tensor([1.5039134 1.0000206 1.2247553 1.072166  1.3493856 3.       ], shape=(6,), dtype=float32)",0.0,[1 3 3 6 3 2 3 0 0 0 0 0 0 0 0 0 0 0 0 0 0 0 0 0 0],False,"tf.Tensor(
[[ 1.5039134   1.0000206   1.2247553   1.072166    1.3493856   0.23885906
   0.4452003   0.55281067  1.4801593   0.05612047  0.5114669  -0.3813324
   1.2741565  -0.08577986  1.0718272   1.478897    0.7052642   0.49500492]], shape=(1, 18), dtype=float32)"
1144,[1 3 3 6 3 2 3 0 0 0 0 0 0 0 0 0 0 0 0 0 0 0 0 0 0],"tf.Tensor([1.5208837 1.041761  1.3272282 1.0690601 1.3794525 3.       ], shape=(6,), dtype=float32)",0.0,[2 1 0 0 0 0 0 3 6 3 2 3 0 0 0 0 0 0 0 0 0 0 0 0 0],False,"tf.Tensor(
[[ 1.5208837   1.041761    1.3272282   1.0690601   1.3794525   0.2265911
   0.4471287   0.5463122   1.5669763   0.09580919  0.52634656 -0.43185455
   1.3436489  -0.07644109  1.1163598   1.4305667   0.7328077   0.45696947]], shape=(1, 18), dtype=float32)"
1145,[2 1 0 0 0 0 0 3 6 3 2 3 0 0 0 0 0 0 0 0 0 0 0 0 0],"tf.Tensor([1.3548658 1.0402744 1.0471987 0.9449955 1.0695059 7.       ], shape=(6,), dtype=float32)",0.5,[2 2 1 1 2 1 2 0 0 0 0 0 0 0 0 0 0 0 0 0 0 0 0 0 0],False,"tf.Tensor(
[[ 1.3548658   1.0402744   1.0471987   0.9449955   1.0695059   0.1666846
   0.32293683  0.5367644   1.0492796  -0.01132087  0.7131478  -0.14506035
   1.1370747   0.37272882  0.67839134  1.1142057   0.75137085  0.25475815]], shape=(1, 18), dtype=float32)"
1146,[2 2 1 1 2 1 2 0 0 0 0 0 0 0 0 0 0 0 0 0 0 0 0 0 0],"tf.Tensor([ 0.8598611   0.60391784  0.7211945   0.6551767   0.65030336 10.        ], shape=(6,), dtype=float32)",0.0,[2 3 1 1 2 1 2 0 0 0 0 0 0 0 0 0 0 0 0 0 0 0 0 0 0],False,"tf.Tensor(
[[ 0.8598611   0.60391784  0.7211945   0.6551767   0.65030336  0.1126567
   0.17139377  0.3782821   0.7449232   0.05517842  0.3842367  -0.19585618
   0.7175639   0.03912604  0.53169024  0.7573992   0.37181595  0.27526504]], shape=(1, 18), dtype=float32)"
1147,[2 3 1 1 2 1 2 0 0 0 0 0 0 0 0 0 0 0 0 0 0 0 0 0 0],"tf.Tensor([ 0.9048591   0.5519045   0.8336523   0.69535846  0.6486839  10.        ], shape=(6,), dtype=float32)",0.0,[3 1 0 0 0 0 0 1 1 2 1 2 0 0 0 0 0 0 0 0 0 0 0 0 0],False,"tf.Tensor(
[[ 0.9048591   0.5519045   0.8336523   0.69535846  0.6486839   0.11988004
   0.19554174  0.3734983   0.78388447  0.02989943  0.46432224 -0.20730193
   0.74362385 -0.02252065  0.5777811   0.83199763  0.3788208   0.26667148]], shape=(1, 18), dtype=float32)"
1148,[3 1 0 0 0 0 0 1 1 2 1 2 0 0 0 0 0 0 0 0 0 0 0 0 0],"tf.Tensor([ 0.9465068  0.5858753  0.5323398  0.5244874  0.7387019 11.       ], shape=(6,), dtype=float32)",0.1,[3 2 3 0 0 0 0 0 6 1 3 1 0 0 0 0 0 0 0 0 0 0 0 0 0],False,"tf.Tensor(
[[ 0.9465068   0.5858753   0.5323398   0.5244874   0.7387019   0.3703751
   0.41935638  0.3173932   0.7749291  -0.05636451  0.26815626  0.10048006
   0.71686286  0.50302774  0.3523882   0.5642963   0.8117374   0.08816688]], shape=(1, 18), dtype=float32)"
1149,[3 2 3 0 0 0 0 0 6 1 3 1 0 0 0 0 0 0 0 0 0 0 0 0 0],"tf.Tensor([1.4467285 1.0128267 1.052864  0.9126235 1.4075729 7.       ], shape=(6,), dtype=float32)",0.4,[3 3 3 6 1 3 1 0 0 0 0 0 0 0 0 0 0 0 0 0 0 0 0 0 0],False,"tf.Tensor(
[[ 1.4467285   1.0128267   1.052864    0.9126235   1.4075729   0.49218786
   0.68540084  0.3265722   1.28904    -0.15208215  0.6007663  -0.0234456
   1.441808    0.7571891   0.609228    1.1132102   1.186394    0.14751641]], shape=(1, 18), dtype=float32)"
1150,[3 3 3 6 1 3 1 0 0 0 0 0 0 0 0 0 0 0 0 0 0 0 0 0 0],"tf.Tensor([1.4163227  0.89820784 1.2443608  0.82263535 1.234206   3.        ], shape=(6,), dtype=float32)",0.0,[4 1 0 0 0 0 0 3 5 1 4 3 0 0 0 0 0 0 0 0 0 0 0 0 0],False,"tf.Tensor(
[[ 1.4163227   0.89820784  1.2443608   0.82263535  1.234206    0.2467996
   0.59164625  0.6162245   1.5502846   0.02848195  0.41365853 -0.25191072
   1.1087254  -0.04729329  0.83331716  1.2254065   0.68974936  0.31470573]], shape=(1, 18), dtype=float32)"
1151,[4 1 0 0 0 0 0 3 5 1 4 3 0 0 0 0 0 0 0 0 0 0 0 0 0],[0 0 0 0 1 5],0.1,[4 2 2 0 0 0 0 6 4 6 1 0 0 0 0 0 0 0 0 0 0 0 0 0 0],False,"tf.Tensor(
[[ 1.3532572   1.2833681   0.9453076   0.7332882   1.3601148   0.5058449
   0.59741586  0.35230893  1.4110972  -0.14461356  0.32515332 -0.14301892
   1.2285014   0.7387012   0.76699394  0.92678416  1.1672279   0.09875584]], shape=(1, 18), dtype=float32)"
1152,[4 2 2 0 0 0 0 6 4 6 1 0 0 0 0 0 0 0 0 0 0 0 0 0 0],"tf.Tensor([2.0117161 1.2046238 0.9345333 1.3839045 1.693884  7.       ], shape=(6,), dtype=float32)",0.4,[4 3 2 6 4 6 1 0 0 0 0 0 0 0 0 0 0 0 0 0 0 0 0 0 0],False,"tf.Tensor(
[[ 2.0117161   1.2046238   0.9345333   1.3839045   1.693884    0.7429231
   0.6920513   0.58476645  1.4781116  -0.22914106  0.44251835  0.01736869
   1.8053463   0.634033    1.0508499   1.440936    1.6057498   0.6149479 ]], shape=(1, 18), dtype=float32)"
1153,[4 3 2 6 4 6 1 0 0 0 0 0 0 0 0 0 0 0 0 0 0 0 0 0 0],"tf.Tensor([ 2.0410945  1.0488346  1.5863036  1.3078787  1.3710312 10.       ], shape=(6,), dtype=float32)",0.0,[5 1 0 0 0 0 0 3 4 4 3 2 0 0 0 0 0 0 0 0 0 0 0 0 0],False,"tf.Tensor(
[[ 2.0410945   1.0488346   1.5863036   1.3078787   1.3710312   0.09176002
   0.64548916  1.162827    1.6635215  -0.12093785  0.7848453  -0.09072219
   1.2955896  -0.42690843  1.1229548   1.972443    0.7718811   0.62380105]], shape=(1, 18), dtype=float32)"
1154,[5 1 0 0 0 0 0 3 4 4 3 2 0 0 0 0 0 0 0 0 0 0 0 0 0],"tf.Tensor([ 1.6687536  1.1553876  0.8529711  1.0585823  1.3944268 11.       ], shape=(6,), dtype=float32)",0.4,[5 2 3 6 1 6 0 0 0 5 0 0 0 0 0 0 0 0 0 0 0 0 0 0 0],False,"tf.Tensor(
[[ 1.6687536   1.1553876   0.8529711   1.0585823   1.3944268   0.6661409
   0.7998853   0.42007822  1.31136    -0.24496835  0.37851772  0.14356051
   1.4050758   1.0096943   0.66644424  1.1272944   1.5556042   0.22050135]], shape=(1, 18), dtype=float32)"
1155,[5 2 3 6 1 6 0 0 0 5 0 0 0 0 0 0 0 0 0 0 0 0 0 0 0],"tf.Tensor([1.7714517 1.1012297 1.282494  0.836935  1.2645448 3.       ], shape=(6,), dtype=float32)",0.1,[5 3 3 6 1 6 5 0 0 0 0 0 0 0 0 0 0 0 0 0 0 0 0 0 0],False,"tf.Tensor(
[[ 1.7714517   1.1012297   1.282494    0.836935    1.2645448   0.37708643
   0.685663    0.8185266   1.7804081  -0.09373617  0.5616884  -0.02518972
   1.1407403   0.21565579  0.8032631   1.1915103   1.0305401   0.19523913]], shape=(1, 18), dtype=float32)"
1156,[5 3 3 6 1 6 5 0 0 0 0 0 0 0 0 0 0 0 0 0 0 0 0 0 0],[0 1 0 0 1 8],0.0,[6 1 0 0 0 0 0 3 6 4 1 6 0 0 0 0 0 0 0 0 0 0 0 0 0],False,"tf.Tensor(
[[ 1.9548814   1.318642    1.5627271   1.2198117   1.6112835   0.19213812
   0.31702894  0.9069307   1.7839468   0.1469774   0.708253   -0.31737122
   1.5475317   0.05878891  1.0896655   1.498888    0.8990173   0.48903093]], shape=(1, 18), dtype=float32)"
1157,[6 1 0 0 0 0 0 3 6 4 1 6 0 0 0 0 0 0 0 0 0 0 0 0 0],"tf.Tensor([1.9243824 1.3872297 1.2382065 1.0509955 1.7381903 3.       ], shape=(6,), dtype=float32)",0.5,[6 2 2 6 1 5 2 0 0 0 0 0 0 0 0 0 0 0 0 0 0 0 0 0 0],False,"tf.Tensor(
[[ 1.9243824   1.3872297   1.2382065   1.0509955   1.7381903   0.4531593
   0.6986529   0.6757783   1.6451064  -0.08439945  0.80845606  0.14136073
   1.6106496   0.84185296  0.8221439   1.3425016   1.4379634   0.1786908 ]], shape=(1, 18), dtype=float32)"
1158,[6 2 2 6 1 5 2 0 0 0 0 0 0 0 0 0 0 0 0 0 0 0 0 0 0],"tf.Tensor([1.7920201 1.1118976 1.2650627 1.0536163 1.4910324 3.       ], shape=(6,), dtype=float32)",0.0,[6 3 2 6 1 5 2 0 0 0 0 0 0 0 0 0 0 0 0 0 0 0 0 0 0],False,"tf.Tensor(
[[ 1.7920201   1.1118976   1.2650627   1.0536163   1.4910324   0.292845
   0.564084    0.8880199   1.5684254  -0.07711215  0.5312149  -0.05047956
   1.322988    0.08991332  0.74658006  1.4892012   0.8646097   0.49286363]], shape=(1, 18), dtype=float32)"
1159,[6 3 2 6 1 5 2 0 0 0 0 0 0 0 0 0 0 0 0 0 0 0 0 0 0],"tf.Tensor([1.826484  1.0959654 1.410487  1.0482919 1.5079001 3.       ], shape=(6,), dtype=float32)",0.0,[7 1 0 0 0 0 0 2 6 1 5 2 0 0 0 0 0 0 0 0 0 0 0 0 0],False,"tf.Tensor(
[[ 1.826484    1.0959654   1.410487    1.0482919   1.5079001   0.28130054
   0.6431405   0.90735936  1.6876773  -0.04409826  0.54106027 -0.09157935
   1.3670446   0.04907815  0.8020497   1.5015254   0.8840478   0.44607902]], shape=(1, 18), dtype=float32)"
1160,[7 1 0 0 0 0 0 2 6 1 5 2 0 0 0 0 0 0 0 0 0 0 0 0 0],"tf.Tensor([1.9686688 1.4934437 1.1535228 1.0937915 1.6638426 3.       ], shape=(6,), dtype=float32)",0.5,[7 2 4 4 5 2 6 0 0 0 0 0 0 0 0 0 0 0 0 0 0 0 0 0 0],False,"tf.Tensor(
[[ 1.9686688   1.4934437   1.1535228   1.0937915   1.6638426   0.74961233
   0.7924575   0.5343967   1.8904374  -0.1906386   0.4246837  -0.0240877
   1.5080378   1.0399212   0.84664756  1.1300708   1.6766769   0.16633487]], shape=(1, 18), dtype=float32)"
1161,[7 2 4 4 5 2 6 0 0 0 0 0 0 0 0 0 0 0 0 0 0 0 0 0 0],"tf.Tensor([ 2.3357127  1.5988098  1.6018256  1.6970658  1.6616424 10.       ], shape=(6,), dtype=float32)",0.0,[7 3 4 4 5 2 6 0 0 0 0 0 0 0 0 0 0 0 0 0 0 0 0 0 0],False,"tf.Tensor(
[[ 2.3357127   1.5988098   1.6018256   1.6970658   1.6616424   0.38377613
   0.38976356  0.9225111   1.8692447   0.01304398  0.8366751  -0.46764323
   1.8880589   0.22691496  1.3320262   1.9749713   1.1273481   0.7349948 ]], shape=(1, 18), dtype=float32)"
1162,[7 3 4 4 5 2 6 0 0 0 0 0 0 0 0 0 0 0 0 0 0 0 0 0 0],[1 1 0 0 0 1],4.0,[8 1 0 0 0 0 0 4 4 5 2 6 0 2 0 0 0 0 0 0 0 0 0 0 0],False,"tf.Tensor(
[[ 2.3455698   1.6073855   1.7102557   1.7122018   1.7194048   0.3605446
   0.42236477  0.91586316  1.9474992   0.02445553  0.8685233  -0.5319526
   1.9322351   0.17803578  1.3671534   2.0393124   1.0944426   0.72525257]], shape=(1, 18), dtype=float32)"
1163,[8 1 0 0 0 0 0 4 4 5 2 6 0 2 0 0 0 0 0 0 0 0 0 0 0],"tf.Tensor([2.3833668 1.8395786 1.2193075 1.0638564 1.9091008 3.       ], shape=(6,), dtype=float32)",0.5,[8 2 1 3 1 3 4 0 0 0 0 0 0 2 0 0 0 0 0 0 0 0 0 0 0],False,"tf.Tensor(
[[ 2.3833668   1.8395786   1.2193075   1.0638564   1.9091008   0.8183681
   1.1247877   0.8884913   2.0496528  -0.18760149  0.66064185  0.28911364
   1.9366771   1.5856191   0.95480686  1.4664414   1.9482971   0.05591689]], shape=(1, 18), dtype=float32)"
1164,[8 2 1 3 1 3 4 0 0 0 0 0 0 2 0 0 0 0 0 0 0 0 0 0 0],"tf.Tensor([ 2.0265665  1.2192373  1.2888021  1.3291974  1.0961375 10.       ], shape=(6,), dtype=float32)",0.0,[8 3 1 3 1 3 4 0 0 0 0 0 0 2 0 0 0 0 0 0 0 0 0 0 0],False,"tf.Tensor(
[[ 2.0265665   1.2192373   1.2888021   1.3291974   1.0961375   0.47411272
   0.71643203  0.90735495  1.6318585  -0.11745405  0.7382698   0.08236201
   1.3205669   0.48167908  0.7533087   1.7388114   0.9432317   0.5915979 ]], shape=(1, 18), dtype=float32)"
1165,[8 3 1 3 1 3 4 0 0 0 0 0 0 2 0 0 0 0 0 0 0 0 0 0 0],"tf.Tensor([ 2.0831754  1.2321645  1.3696555  1.3191528  1.1081932 10.       ], shape=(6,), dtype=float32)",0.0,[9 1 0 0 0 0 0 1 3 1 3 4 0 2 0 0 0 0 0 0 0 0 0 0 0],False,"tf.Tensor(
[[ 2.0831754   1.2321645   1.3696555   1.3191528   1.1081932   0.4619989
   0.7087361   0.9605736   1.7285117  -0.08711387  0.7932572   0.06146139
   1.3266886   0.44902134  0.76161546  1.7606851   0.89684325  0.5743248 ]], shape=(1, 18), dtype=float32)"
1166,[9 1 0 0 0 0 0 1 3 1 3 4 0 2 0 0 0 0 0 0 0 0 0 0 0],"tf.Tensor([2.3365273 1.4881308 1.2464836 1.2254934 1.3992726 3.       ], shape=(6,), dtype=float32)",0.5,[9 2 5 4 3 4 5 0 0 0 0 0 0 2 0 0 0 0 0 0 0 0 0 0 0],False,"tf.Tensor(
[[ 2.3365273   1.4881308   1.2464836   1.2254934   1.3992726   0.5989647
   0.62229156  1.0369464   1.8604769  -0.13219003  0.72955805  0.21041642
   1.4101331   0.78917795  0.83920974  1.3847014   1.4790866   0.32918456]], shape=(1, 18), dtype=float32)"
1167,[9 2 5 4 3 4 5 0 0 0 0 0 0 2 0 0 0 0 0 0 0 0 0 0 0],[0 0 1 1 0 0],0.0,[9 3 5 4 3 4 5 0 0 0 0 0 0 2 0 0 0 0 0 0 0 0 0 0 0],False,"tf.Tensor(
[[ 2.6148946   1.7672141   1.6011897   1.8270242   1.8854556   0.41972625
   0.6453312   1.1267363   1.9611661  -0.16350128  0.9411271  -0.14749156
   2.0972617   0.40375948  1.2620759   2.2410355   1.3344934   0.8262316 ]], shape=(1, 18), dtype=float32)"
1168,[9 3 5 4 3 4 5 0 0 0 0 0 0 2 0 0 0 0 0 0 0 0 0 0 0],"tf.Tensor([ 2.6256256  1.7740802  1.7046279  1.8407295  1.9582571 10.       ], shape=(6,), dtype=float32)",0.0,[10 1 0 0 0 0 0 5 4 3 4 5 0 2 0 0 0 0 0 0 0 0 0 0 0],False,"tf.Tensor(
[[ 2.6256256   1.7740802   1.7046279   1.8407295   1.9582571   0.4057496
   0.6794078   1.1147833   2.0400698  -0.15862219  0.964535   -0.20735596
   2.1497667   0.3573858   1.2905232   2.3034523   1.3100331   0.8209827 ]], shape=(1, 18), dtype=float32)"
1169,[10 1 0 0 0 0 0 5 4 3 4 5 0 2 0 0 0 0 0 0 0 0 0 0 0],"tf.Tensor([2.7146654 2.0313785 1.3092365 1.222899  1.9495615 3.       ], shape=(6,), dtype=float32)",0.5,[10 2 1 6 4 3 6 0 0 0 0 0 0 2 0 0 0 0 0 0 0 0 0 0 0],False,"tf.Tensor(
[[ 2.7146654   2.0313785   1.3092365   1.222899    1.9495615   0.9995627
   1.134326    1.1034157   2.237612   -0.30876523  0.543867    0.18019603
   2.0956786   1.5514436   1.1943202   1.5996196   2.1419652   0.18442129]], shape=(1, 18), dtype=float32)"
1170,[10 2 1 6 4 3 6 0 0 0 0 0 0 2 0 0 0 0 0 0 0 0 0 0 0],"tf.Tensor([ 2.8914394  1.7137495  1.9738654  1.8844922  1.3506976 10.       ], shape=(6,), dtype=float32)",0.0,[10 3 1 6 4 3 6 0 0 0 0 0 0 2 0 0 0 0 0 0 0 0 0 0 0],False,"tf.Tensor(
[[ 2.8914394   1.7137495   1.9738654   1.8844922   1.3506976   0.448067
   0.73286307  1.3844872   2.2876403  -0.02726944  1.2393515  -0.06247694
   1.758749    0.4952816   1.2405038   2.3734088   1.1606464   0.7115397 ]], shape=(1, 18), dtype=float32)"
1171,[10 3 1 6 4 3 6 0 0 0 0 0 0 2 0 0 0 0 0 0 0 0 0 0 0],"tf.Tensor([ 2.9158216  1.7007146  2.06128    1.879674   1.3730499 10.       ], shape=(6,), dtype=float32)",0.0,[11 1 0 0 0 0 0 1 6 4 3 6 0 2 0 0 0 0 0 0 0 0 0 0 0],False,"tf.Tensor(
[[ 2.9158216   1.7007146   2.06128     1.879674    1.3730499   0.48315445
   0.7207839   1.3570706   2.3953974  -0.02336442  1.2760239  -0.12959448
   1.7731848   0.43964764  1.2598565   2.402547    1.1084336   0.7078459 ]], shape=(1, 18), dtype=float32)"
1172,[11 1 0 0 0 0 0 1 6 4 3 6 0 2 0 0 0 0 0 0 0 0 0 0 0],"tf.Tensor([2.8645508 1.8921243 1.6883591 1.4807954 2.149459  3.       ], shape=(6,), dtype=float32)",0.5,[11 2 6 3 2 6 6 0 0 0 0 0 0 2 0 0 0 0 0 0 0 0 0 0 0],False,"tf.Tensor(
[[ 2.8645508   1.8921243   1.6883591   1.4807954   2.149459    0.82867086
   1.3076295   1.0182803   2.4558823  -0.206729    0.8746025   0.26152533
   2.0791154   1.4945856   1.0782609   1.8031105   2.3171477   0.08060287]], shape=(1, 18), dtype=float32)"
1173,[11 2 6 3 2 6 6 0 0 0 0 0 0 2 0 0 0 0 0 0 0 0 0 0 0],"tf.Tensor([2.7704744 1.9386482 1.4879498 1.9610062 2.200834  7.       ], shape=(6,), dtype=float32)",0.0,[11 3 6 3 2 6 6 0 0 0 0 0 0 2 0 0 0 0 0 0 0 0 0 0 0],False,"tf.Tensor(
[[ 2.7704744   1.9386482   1.4879498   1.9610062   2.200834    0.60907495
   0.7413943   1.072649    2.0185113  -0.30266908  0.8725706  -0.04044588
   2.406154    0.6522796   1.1953795   2.3658538   1.5649031   0.976536  ]], shape=(1, 18), dtype=float32)"
1174,[11 3 6 3 2 6 6 0 0 0 0 0 0 2 0 0 0 0 0 0 0 0 0 0 0],"tf.Tensor([ 2.781749   1.912906   1.6009679  1.9861393  2.242219  10.       ], shape=(6,), dtype=float32)",0.0,[12 1 0 0 0 0 0 6 3 2 6 6 0 2 0 0 0 0 0 0 0 0 0 0 0],False,"tf.Tensor(
[[ 2.781749    1.912906    1.6009679   1.9861393   2.242219    0.5743201
   0.76967174  1.0830178   2.0706344  -0.29822156  0.9046635  -0.09592159
   2.4390688   0.5587498   1.2319348   2.4484074   1.5182606   0.9832121 ]], shape=(1, 18), dtype=float32)"
1175,[12 1 0 0 0 0 0 6 3 2 6 6 0 2 0 0 0 0 0 0 0 0 0 0 0],"tf.Tensor([3.166703  2.1970284 1.5273634 1.4045327 1.9806585 3.       ], shape=(6,), dtype=float32)",0.5,[12 2 4 3 4 6 5 0 0 0 0 0 0 2 0 0 0 0 0 0 0 0 0 0 0],False,"tf.Tensor(
[[ 3.166703    2.1970284   1.5273634   1.4045327   1.9806585   1.1664121
   1.319453    1.3648902   2.6019871  -0.458859    0.56882614  0.25400186
   2.280201    1.5089561   1.3858211   1.8276614   2.4415255   0.22875331]], shape=(1, 18), dtype=float32)"
1176,[12 2 4 3 4 6 5 0 0 0 0 0 0 2 0 0 0 0 0 0 0 0 0 0 0],"tf.Tensor([ 2.8938832  1.7229917  1.6302221  2.0293298  1.8106091 10.       ], shape=(6,), dtype=float32)",0.0,[12 3 4 3 4 6 5 0 0 0 0 0 0 2 0 0 0 0 0 0 0 0 0 0 0],False,"tf.Tensor(
[[ 2.8938832   1.7229917   1.6302221   2.0293298   1.8106091   0.52361655
   0.807957    1.3271078   2.0242574  -0.3740374   1.074335    0.13652085
   2.1364968   0.32297435  1.1829778   2.625123    1.2874756   1.0773929 ]], shape=(1, 18), dtype=float32)"
1177,[12 3 4 3 4 6 5 0 0 0 0 0 0 2 0 0 0 0 0 0 0 0 0 0 0],"tf.Tensor([ 2.8885803  1.7088618  1.7144186  2.026159   1.8661146 10.       ], shape=(6,), dtype=float32)",0.0,[13 1 0 0 0 0 0 4 3 4 6 5 0 2 0 0 0 0 0 0 0 0 0 0 0],False,"tf.Tensor(
[[ 2.8885803   1.7088618   1.7144186   2.026159    1.8661146   0.5264315
   0.82560587  1.294326    2.1080139  -0.37131578  1.0946922   0.08340256
   2.1561196   0.27076095  1.202353    2.6732948   1.2336363   1.0738913 ]], shape=(1, 18), dtype=float32)"
1178,[13 1 0 0 0 0 0 4 3 4 6 5 0 2 0 0 0 0 0 0 0 0 0 0 0],"tf.Tensor([ 3.2839797  2.3590968  1.4610459  1.6308563  2.1607718 11.       ], shape=(6,), dtype=float32)",0.5,[13 2 6 4 6 6 5 0 0 0 0 0 0 2 0 0 0 0 0 0 0 0 0 0 0],False,"tf.Tensor(
[[ 3.2839797   2.3590968   1.4610459   1.6308563   2.1607718   1.1454382
   1.5087631   1.2867516   2.6467276  -0.3555263   0.53321344  0.36871475
   2.2307417   1.9328928   1.3617156   1.9837909   2.7264767   0.22556013]], shape=(1, 18), dtype=float32)"
1179,[13 2 6 4 6 6 5 0 0 0 0 0 0 2 0 0 0 0 0 0 0 0 0 0 0],"tf.Tensor([ 3.3125415  1.9885033  2.00302    2.4185996  2.2867544 10.       ], shape=(6,), dtype=float32)",0.0,[13 3 6 4 6 6 5 0 0 0 0 0 0 2 0 0 0 0 0 0 0 0 0 0 0],False,"tf.Tensor(
[[ 3.3125415   1.9885033   2.00302     2.4185996   2.2867544   0.34809873
   0.9805548   1.610885    2.2720902  -0.4223936   1.2672752   0.07672018
   2.5860205   0.07525374  1.5834467   3.2346473   1.4617046   1.2778414 ]], shape=(1, 18), dtype=float32)"
1180,[13 3 6 4 6 6 5 0 0 0 0 0 0 2 0 0 0 0 0 0 0 0 0 0 0],"tf.Tensor([ 3.3178723  1.9820528  2.0941222  2.4235559  2.3422735 10.       ], shape=(6,), dtype=float32)",0.0,[14 1 0 0 0 0 0 6 4 6 6 5 0 2 0 0 0 0 0 0 0 0 0 0 0],True,"tf.Tensor(
[[ 3.3178723   1.9820528   2.0941222   2.4235559   2.3422735   0.35049498
   0.99487865  1.5853081   2.3557224  -0.4153053   1.2915894   0.02201058
   2.614948    0.02639834  1.6077769   3.2853985   1.4194876   1.2772988 ]], shape=(1, 18), dtype=float32)"
1181,[1 1 0 0 0 0 0 5 4 3 4 5 0 0 0 0 0 0 0 0 0 0 0 0 0],"tf.Tensor([1.3548162 1.1873885 1.0491385 0.600601  1.4112107 3.       ], shape=(6,), dtype=float32)",0.4,[1 2 5 4 3 5 0 0 0 0 4 0 0 0 0 0 0 0 0 0 0 0 0 0 0],False,"tf.Tensor(
[[ 1.3548162   1.1873885   1.0491385   0.600601    1.4112107   0.5252673
   0.70432776  0.31943247  1.517361   -0.20738722  0.50853086 -0.09874081
   1.3125836   0.594246    0.8420594   0.9807302   1.1562538   0.01223062]], shape=(1, 18), dtype=float32)"
1182,[1 2 5 4 3 5 0 0 0 0 4 0 0 0 0 0 0 0 0 0 0 0 0 0 0],"tf.Tensor([ 1.170669   1.0226444  0.9799619  0.9260072  1.4663393 10.       ], shape=(6,), dtype=float32)",0.1,[1 3 5 4 3 5 4 0 0 0 0 0 0 0 0 0 0 0 0 0 0 0 0 0 0],False,"tf.Tensor(
[[ 1.170669    1.0226444   0.9799619   0.9260072   1.4663393   0.13149041
   0.65939987  0.37810647  1.2873061  -0.0819311   0.48237732  0.06108835
   1.1664121   0.07763864  0.89715743  1.4421492   0.80381924  0.33556977]], shape=(1, 18), dtype=float32)"
1183,[1 3 5 4 3 5 4 0 0 0 0 0 0 0 0 0 0 0 0 0 0 0 0 0 0],"tf.Tensor([1.5272136 1.2319033 1.1586658 1.0834712 1.7077194 3.       ], shape=(6,), dtype=float32)",16.0,[2 1 0 0 0 0 0 5 4 3 4 5 0 0 0 8 0 0 0 0 0 0 0 0 0],False,"tf.Tensor(
[[ 1.5272136   1.2319033   1.1586658   1.0834712   1.7077194   0.3894989
   0.60496813  0.3369853   1.6292813  -0.12323563  0.54416835 -0.28313726
   1.5957953   0.19243829  1.082243    1.4996918   0.9682759   0.49651447]], shape=(1, 18), dtype=float32)"
1184,[2 1 0 0 0 0 0 5 4 3 4 5 0 0 0 8 0 0 0 0 0 0 0 0 0],[1 0 1 0 0 5],0.2,[2 2 3 1 0 0 0 0 6 0 6 2 0 0 0 8 0 0 0 0 0 0 0 0 0],False,"tf.Tensor(
[[ 0.9828481   1.3720489   0.7676925   0.9135475   1.1490104   0.24743193
  -0.10451806  0.7310774   0.93122923 -0.08246702  0.18840972 -0.8191731
   1.1886433  -0.07689306  1.0548183   1.043905    0.97880524  0.00895479]], shape=(1, 18), dtype=float32)"
1185,[2 2 3 1 0 0 0 0 6 0 6 2 0 0 0 8 0 0 0 0 0 0 0 0 0],"tf.Tensor([ 0.97455454  1.2189533   0.4379699   1.4615072   0.79997754 10.        ], shape=(6,), dtype=float32)",0.2,[2 3 3 1 6 6 0 0 0 0 0 6 0 0 0 8 0 0 0 0 0 0 0 0 0],False,"tf.Tensor(
[[ 0.97455454  1.2189533   0.4379699   1.4615072   0.79997754 -0.20765886
  -0.4184463   0.8029477   0.4388577   0.07405744  0.54413974 -0.8766715
   1.0074646  -0.32463586  0.8489218   1.4096379   0.4802114   0.45609525]], shape=(1, 18), dtype=float32)"
1186,[2 3 3 1 6 6 0 0 0 0 0 6 0 0 0 8 0 0 0 0 0 0 0 0 0],"tf.Tensor([ 1.4050784   1.3788825   0.9293883   1.8056259   0.49136543 10.        ], shape=(6,), dtype=float32)",0.0,[3 1 0 0 0 0 0 3 6 1 5 2 0 0 0 8 0 0 0 0 0 0 0 0 0],False,"tf.Tensor(
[[ 1.4050784   1.3788825   0.9293883   1.8056259   0.49136543 -0.43159413
  -0.18546183  1.1250786   0.594215   -0.22757722  0.8445226  -0.36763695
   0.7918041  -0.90199137  1.2169199   2.008907    0.64327776  0.58583105]], shape=(1, 18), dtype=float32)"
1187,[3 1 0 0 0 0 0 3 6 1 5 2 0 0 0 8 0 0 0 0 0 0 0 0 0],"tf.Tensor([ 0.99208814  1.2285457   0.54216844  1.2015207   0.964134   10.        ], shape=(6,), dtype=float32)",0.4,[3 2 1 2 6 1 0 0 0 4 0 0 0 0 0 8 0 0 0 0 0 0 0 0 0],False,"tf.Tensor(
[[ 0.99208814  1.2285457   0.54216844  1.2015207   0.964134    0.1773211
  -0.4313055   0.75809896  0.77900803 -0.07389857  0.21288568 -1.1657683
   1.0382262  -0.23115717  0.82979965  1.214695    0.63001287  0.33960107]], shape=(1, 18), dtype=float32)"
1188,[3 2 1 2 6 1 0 0 0 4 0 0 0 0 0 8 0 0 0 0 0 0 0 0 0],"tf.Tensor([ 1.2751222   1.01588     0.19251688  1.2209004   0.5147933  10.        ], shape=(6,), dtype=float32)",0.0,[3 3 1 2 6 1 0 0 0 1 0 0 0 0 0 8 0 0 0 0 0 0 0 0 0],False,"tf.Tensor(
[[ 1.2751222   1.01588     0.19251688  1.2209004   0.5147933   0.36670217
  -0.4404739   0.90310544  0.22188023 -0.27492332  0.21697985 -0.23094416
   0.9322059  -0.0891854   0.6694219   1.0473901   0.8071536   0.71731716]], shape=(1, 18), dtype=float32)"
1189,[3 3 1 2 6 1 0 0 0 1 0 0 0 0 0 8 0 0 0 0 0 0 0 0 0],[1 1 0 1 1 7],0.0,[4 1 0 0 0 0 0 1 2 4 6 1 0 0 0 8 0 0 0 0 0 0 0 0 0],False,"tf.Tensor(
[[ 1.1011721   0.49636546  0.4632801   1.2846711   0.6175812   0.22846174
  -0.13674128  0.62878305  0.44587824 -0.14460824  0.4048709  -0.38827816
   0.8217623  -0.6184719   0.8345218   1.36669     0.5705554   0.68682   ]], shape=(1, 18), dtype=float32)"
1190,[4 1 0 0 0 0 0 1 2 4 6 1 0 0 0 8 0 0 0 0 0 0 0 0 0],"tf.Tensor([ 0.99166083  0.8415934   0.43591276  0.99518394  0.6494831  10.        ], shape=(6,), dtype=float32)",0.2,[4 2 2 5 0 0 0 0 4 2 0 3 0 0 0 8 0 0 0 0 0 0 0 0 0],False,"tf.Tensor(
[[ 0.99166083  0.8415934   0.43591276  0.99518394  0.6494831   0.05194419
  -0.14975108  0.38162652  0.4081593  -0.00903814  0.3032607  -0.28429314
   0.9297673   0.06185257  0.5040065   1.035375    0.38852048  0.62752885]], shape=(1, 18), dtype=float32)"
1191,[4 2 2 5 0 0 0 0 4 2 0 3 0 0 0 8 0 0 0 0 0 0 0 0 0],"tf.Tensor([1.0297749  0.9747075  0.4169305  1.0064205  0.61451834 2.        ], shape=(6,), dtype=float32)",0.1,[4 3 2 5 4 0 0 0 0 1 0 4 0 0 0 8 0 0 0 0 0 0 0 0 0],False,"tf.Tensor(
[[ 1.0297749   0.9747075   0.4169305   1.0064205   0.61451834  0.06840847
  -0.41956076  1.3150105   0.04252174 -0.40080285  0.25112128 -0.22318712
   0.9944445  -0.3437277   0.6359112   0.93205816  0.91681516  0.21142206]], shape=(1, 18), dtype=float32)"
1192,[4 3 2 5 4 0 0 0 0 1 0 4 0 0 0 8 0 0 0 0 0 0 0 0 0],"tf.Tensor([ 1.2738923   0.7997298   0.57301277  1.1650662   0.6605742  10.        ], shape=(6,), dtype=float32)",0.0,[5 1 0 0 0 0 0 2 6 1 5 6 0 0 0 8 0 0 0 0 0 0 0 0 0],False,"tf.Tensor(
[[ 1.2738923   0.7997298   0.57301277  1.1650662   0.6605742   0.15477291
  -0.11329401  0.95616776  0.5352184  -0.0838505   0.31929088 -0.25256863
   0.9022095  -0.42238003  0.89347243  1.1384311   0.82962537  0.5148236 ]], shape=(1, 18), dtype=float32)"
1193,[5 1 0 0 0 0 0 2 6 1 5 6 0 0 0 8 0 0 0 0 0 0 0 0 0],"tf.Tensor([1.3520157 1.3950561 0.9027409 1.1721988 1.01926   3.       ], shape=(6,), dtype=float32)",0.5,[5 2 5 3 6 4 1 0 0 0 0 0 0 0 0 8 0 0 0 0 0 0 0 0 0],False,"tf.Tensor(
[[ 1.3520157   1.3950561   0.9027409   1.1721988   1.01926     0.26462615
  -0.02579371  0.6876097   1.4919677   0.07069325  0.43490836 -1.1129547
   0.98088396 -0.29020682  1.0966876   1.3826867   0.625255    0.31571054]], shape=(1, 18), dtype=float32)"
1194,[5 2 5 3 6 4 1 0 0 0 0 0 0 0 0 8 0 0 0 0 0 0 0 0 0],"tf.Tensor([ 1.7373897   0.83276415  0.8206574   1.8625028   0.6387149  10.        ], shape=(6,), dtype=float32)",0.0,[5 3 5 3 6 4 1 0 0 0 0 0 0 0 0 8 0 0 0 0 0 0 0 0 0],False,"tf.Tensor(
[[ 1.7373897   0.83276415  0.8206574   1.8625028   0.6387149   0.201467
  -0.15448587  0.793006    0.65138376 -0.24381767  0.7145766  -0.22824287
   1.0932193  -0.69397604  1.1792604   1.9471562   0.60944563  1.1732466 ]], shape=(1, 18), dtype=float32)"
1195,[5 3 5 3 6 4 1 0 0 0 0 0 0 0 0 8 0 0 0 0 0 0 0 0 0],"tf.Tensor([ 1.7418162   0.7805623   0.8501443   1.8520057   0.64650816 10.        ], shape=(6,), dtype=float32)",0.0,[6 1 0 0 0 0 0 5 3 6 4 1 0 0 0 8 0 0 0 0 0 0 0 0 0],False,"tf.Tensor(
[[ 1.7418162   0.7805623   0.8501443   1.8520057   0.64650816  0.19960779
  -0.12862667  0.7906317   0.65802383 -0.25520927  0.746729   -0.21982798
   1.1077123  -0.71852714  1.179587    1.967933    0.5857298   1.1779529 ]], shape=(1, 18), dtype=float32)"
1196,[6 1 0 0 0 0 0 5 3 6 4 1 0 0 0 8 0 0 0 0 0 0 0 0 0],"tf.Tensor([1.4508765  1.1445028  0.34815973 1.2660387  0.6164777  7.        ], shape=(6,), dtype=float32)",0.30000000000000004,[6 2 4 4 5 0 0 0 0 5 0 2 0 0 0 8 0 0 0 0 0 0 0 0 0],False,"tf.Tensor(
[[ 1.4508765   1.1445028   0.34815973  1.2660387   0.6164777   0.41163686
  -0.2531732   0.75862986  0.61610943 -0.1755628   0.27438623 -0.180358
   1.0363641  -0.02329335  0.89684796  0.9627652   0.8917113   0.7833016 ]], shape=(1, 18), dtype=float32)"
1197,[6 2 4 4 5 0 0 0 0 5 0 2 0 0 0 8 0 0 0 0 0 0 0 0 0],"tf.Tensor([1.5588425  1.1915438  0.3410977  1.1921294  0.83945084 7.        ], shape=(6,), dtype=float32)",0.0,[6 3 4 4 5 0 0 0 0 5 0 1 0 0 0 8 0 0 0 0 0 0 0 0 0],False,"tf.Tensor(
[[ 1.5588425   1.1915438   0.3410977   1.1921294   0.83945084  0.4099424
  -0.30737343  1.0516222   0.56329644 -0.3351087   0.29050666 -0.03565057
   1.1330416   0.07222849  0.7147813   0.99570763  1.095748    0.60311145]], shape=(1, 18), dtype=float32)"
1198,[6 3 4 4 5 0 0 0 0 5 0 1 0 0 0 8 0 0 0 0 0 0 0 0 0],"tf.Tensor([1.4602578 1.1589874 0.3581502 1.136953  0.8515689 7.       ], shape=(6,), dtype=float32)",0.0,[7 1 0 0 0 0 0 4 4 1 5 6 0 0 0 8 0 0 0 0 0 0 0 0 0],False,"tf.Tensor(
[[ 1.4602578   1.1589874   0.3581502   1.136953    0.8515689   0.40605623
  -0.24062404  0.9888827   0.5821976  -0.3535757   0.23574843 -0.06705724
   1.1595144   0.02694609  0.72450125  0.95592123  1.0847602   0.56724125]], shape=(1, 18), dtype=float32)"
1199,[7 1 0 0 0 0 0 4 4 1 5 6 0 0 0 8 0 0 0 0 0 0 0 0 0],"tf.Tensor([1.4887105 1.2956282 1.0163826 1.211913  1.12523   3.       ], shape=(6,), dtype=float32)",0.5,[7 2 4 3 1 1 6 0 0 0 0 0 0 0 0 8 0 0 0 0 0 0 0 0 0],False,"tf.Tensor(
[[ 1.4887105   1.2956282   1.0163826   1.211913    1.12523     0.24247369
   0.13418467  0.70368093  1.5323662   0.29528922  0.24687928 -0.9973372
   1.2007277  -0.12775852  1.321344    1.3692639   0.77626073  0.4911428 ]], shape=(1, 18), dtype=float32)"
1200,[7 2 4 3 1 1 6 0 0 0 0 0 0 0 0 8 0 0 0 0 0 0 0 0 0],"tf.Tensor([ 1.4998101  1.2061465  0.4531071  1.2955191  0.6505476 10.       ], shape=(6,), dtype=float32)",0.0,[7 3 4 3 1 1 6 0 0 0 0 0 0 0 0 8 0 0 0 0 0 0 0 0 0],False,"tf.Tensor(
[[ 1.4998101   1.2061465   0.4531071   1.2955191   0.6505476   0.3669869
  -0.38403228  0.60830396  0.9074365   0.08944421  0.26401895 -0.32912073
   0.8374218   0.23224299  0.78335345  1.1165507   0.6662958   0.9772782 ]], shape=(1, 18), dtype=float32)"
1201,[7 3 4 3 1 1 6 0 0 0 0 0 0 0 0 8 0 0 0 0 0 0 0 0 0],"tf.Tensor([ 1.5273217   1.2617513   0.50500697  1.2802975   0.65708035 10.        ], shape=(6,), dtype=float32)",0.0,[8 1 0 0 0 0 0 4 3 1 1 6 0 0 0 8 0 0 0 0 0 0 0 0 0],False,"tf.Tensor(
[[ 1.5273217   1.2617513   0.50500697  1.2802975   0.65708035  0.35076854
  -0.42358452  0.61679196  0.9654812   0.14298746  0.3054491  -0.38164073
   0.8637228   0.24498078  0.7948072   1.0971403   0.6386802   0.93868536]], shape=(1, 18), dtype=float32)"
1202,[8 1 0 0 0 0 0 4 3 1 1 6 0 0 0 8 0 0 0 0 0 0 0 0 0],"tf.Tensor([1.4452152 1.2485615 0.809552  1.1309531 0.8910196 9.       ], shape=(6,), dtype=float32)",0.30000000000000004,[8 2 5 5 2 0 0 0 0 5 0 4 0 0 0 8 0 0 0 0 0 0 0 0 0],False,"tf.Tensor(
[[ 1.4452152   1.2485615   0.809552    1.1309531   0.8910196  -0.02320085
  -0.22690955  1.0437008   0.91509616  0.23292446  0.17442864 -0.627649
   1.0914868  -0.0353429   1.0987699   0.84430325  0.9333759   0.39486822]], shape=(1, 18), dtype=float32)"
1203,[8 2 5 5 2 0 0 0 0 5 0 4 0 0 0 8 0 0 0 0 0 0 0 0 0],"tf.Tensor([ 1.6090735  1.0869132  0.6648511  0.9167843  0.9594195 11.       ], shape=(6,), dtype=float32)",0.1,[8 3 5 5 2 4 0 0 0 5 0 0 0 0 0 8 0 0 0 0 0 0 0 0 0],False,"tf.Tensor(
[[ 1.6090735   1.0869132   0.6648511   0.9167843   0.9594195   0.45058718
   0.1653157   1.0811415   1.0029488  -0.25807118  0.25414252  0.08236364
   1.1284062   0.21406946  0.6665455   0.85759604  1.2800736   0.25706074]], shape=(1, 18), dtype=float32)"
1204,[8 3 5 5 2 4 0 0 0 5 0 0 0 0 0 8 0 0 0 0 0 0 0 0 0],"tf.Tensor([ 1.620708    1.2730542   0.5244437   1.0114118   0.94500715 11.        ], shape=(6,), dtype=float32)",0.0,[9 1 0 0 0 0 0 5 5 1 2 3 0 0 0 8 0 0 0 0 0 0 0 0 0],False,"tf.Tensor(
[[ 1.620708    1.2730542   0.5244437   1.0114118   0.94500715  0.58580303
   0.05531891  0.9536948   1.0361618  -0.34038395  0.17760135 -0.06958193
   1.2062323   0.25464067  0.7294518   0.83779013  1.3258245   0.3748561 ]], shape=(1, 18), dtype=float32)"
1205,[9 1 0 0 0 0 0 5 5 1 2 3 0 0 0 8 0 0 0 0 0 0 0 0 0],"tf.Tensor([1.5874392  1.3201889  0.60340554 1.3707086  1.0604912  7.        ], shape=(6,), dtype=float32)",0.4,[9 2 5 2 3 4 0 0 0 5 0 0 0 0 0 8 0 0 0 0 0 0 0 0 0],False,"tf.Tensor(
[[ 1.5874392   1.3201889   0.60340554  1.3707086   1.0604912   0.14904591
  -0.2346595   1.0292141   0.7575905   0.06314075  0.06097144 -0.5039145
   1.3832034   0.05301017  1.1079435   1.0508765   1.050966    0.6713329 ]], shape=(1, 18), dtype=float32)"
1206,[9 2 5 2 3 4 0 0 0 5 0 0 0 0 0 8 0 0 0 0 0 0 0 0 0],"tf.Tensor([1.5898225  1.0219576  0.4159187  1.2299749  0.86966974 7.        ], shape=(6,), dtype=float32)",0.0,[9 3 5 2 3 4 0 0 0 6 0 0 0 0 0 8 0 0 0 0 0 0 0 0 0],False,"tf.Tensor(
[[ 1.5898225   1.0219576   0.4159187   1.2299749   0.86966974  0.673585
   0.1461082   0.61638665  0.87768483 -0.40774107  0.14160502 -0.08367934
   1.2291398   0.07764336  0.80670345  1.121437    1.1358604   0.79129195]], shape=(1, 18), dtype=float32)"
1207,[9 3 5 2 3 4 0 0 0 6 0 0 0 0 0 8 0 0 0 0 0 0 0 0 0],"tf.Tensor([ 1.6815425  1.0840755  0.5106461  1.1652542  0.9053178 11.       ], shape=(6,), dtype=float32)",0.0,[10 1 0 0 0 0 0 5 2 2 3 4 0 0 0 8 0 0 0 0 0 0 0 0 0],False,"tf.Tensor(
[[ 1.6815425   1.0840755   0.5106461   1.1652542   0.9053178   0.76311386
   0.28223035  0.5983361   1.109186   -0.4338082   0.13850123 -0.06718474
   1.2463677   0.16862188  0.8036562   1.0586435   1.2489271   0.7052349 ]], shape=(1, 18), dtype=float32)"
1208,[10 1 0 0 0 0 0 5 2 2 3 4 0 0 0 8 0 0 0 0 0 0 0 0 0],"tf.Tensor([1.6638715 1.1868232 0.6693074 1.2932059 1.054074  7.       ], shape=(6,), dtype=float32)",0.4,[10 2 1 3 1 1 0 0 0 1 0 0 0 0 0 8 0 0 0 0 0 0 0 0 0],False,"tf.Tensor(
[[ 1.6638715   1.1868232   0.6693074   1.2932059   1.054074    0.1848711
   0.00232681  0.83608764  1.0741078   0.33046722  0.23446138 -0.30836943
   1.2707013   0.15628105  1.1400192   1.0732697   0.9950918   0.7370431 ]], shape=(1, 18), dtype=float32)"
1209,[10 2 1 3 1 1 0 0 0 1 0 0 0 0 0 8 0 0 0 0 0 0 0 0 0],[ 1  1  0  0  1 12],0.0,[10 3 1 3 1 1 0 0 0 6 0 0 0 0 0 8 0 0 0 0 0 0 0 0 0],False,"tf.Tensor(
[[ 1.1972575e+00  9.2478001e-01  8.6913884e-02  1.0593323e+00
   7.5140411e-01  3.1484103e-01 -3.7111098e-01  1.0002083e+00
   2.7820766e-01 -2.0485221e-01  1.8875501e-01  9.0439990e-04
   9.5047706e-01 -1.1115130e-02  5.5530286e-01  9.7643477e-01
   9.1521323e-01  5.3705603e-01]], shape=(1, 18), dtype=float32)"
1210,[10 3 1 3 1 1 0 0 0 6 0 0 0 0 0 8 0 0 0 0 0 0 0 0 0],[ 0  0  0  1  1 12],12.0,[11 1 0 0 0 0 0 1 3 6 1 1 0 0 0 8 0 0 0 0 0 0 0 0 6],False,"tf.Tensor(
[[ 1.4639921   1.0138841   0.4134233   1.0379534   0.8124325   0.5743523
   0.09323038  0.748973    0.7882182  -0.4541266   0.22601867  0.01459584
   1.1321117   0.19634128  0.5965849   0.90922785  1.124183    0.52372944]], shape=(1, 18), dtype=float32)"
1211,[11 1 0 0 0 0 0 1 3 6 1 1 0 0 0 8 0 0 0 0 0 0 0 0 6],"tf.Tensor([ 1.6207772   0.3913271   0.86914086  1.1005133   0.6701319  10.        ], shape=(6,), dtype=float32)",0.2,[11 2 6 5 0 0 0 0 5 3 0 6 0 0 0 8 0 0 0 0 0 0 0 0 6],False,"tf.Tensor(
[[ 1.6207772   0.3913271   0.86914086  1.1005133   0.6701319   0.45376605
   0.82682055  0.9833544   0.92467904 -0.40306073  0.14865915  0.51137024
   0.95981455 -0.32150203  0.8001865   1.3067145   1.034285    0.8286739 ]], shape=(1, 18), dtype=float32)"
1212,[11 2 6 5 0 0 0 0 5 3 0 6 0 0 0 8 0 0 0 0 0 0 0 0 6],[ 0  1  0  0  0 11],0.1,[11 3 6 5 5 0 0 0 0 2 0 6 0 0 0 8 0 0 0 0 0 0 0 0 6],False,"tf.Tensor(
[[ 2.1711009   0.8702158   2.001652    1.2009547   1.6062689  -0.0316705
   1.5194439   1.5229197   1.9657415  -0.02339514  0.6358098   0.34383008
   1.743599   -0.39612606  1.4344896   1.9721439   1.4416537   0.24791113]], shape=(1, 18), dtype=float32)"
1213,[11 3 6 5 5 0 0 0 0 2 0 6 0 0 0 8 0 0 0 0 0 0 0 0 6],"tf.Tensor([ 2.0804024  0.7974944  1.7665377  1.5931892  1.4094579 10.       ], shape=(6,), dtype=float32)",0.0,[12 1 0 0 0 0 0 6 3 3 5 6 0 0 0 8 0 0 0 0 0 0 0 0 6],False,"tf.Tensor(
[[ 2.0804024   0.7974944   1.7665377   1.5931892   1.4094579  -0.14908329
   1.2027935   1.6116724   1.4432535  -0.01732077  0.43921268  0.12933844
   1.8108238  -0.98956937  1.8273432   2.2647433   1.3618469   0.69005877]], shape=(1, 18), dtype=float32)"
1214,[12 1 0 0 0 0 0 6 3 3 5 6 0 0 0 8 0 0 0 0 0 0 0 0 6],"tf.Tensor([2.1078832 1.2854078 1.6684632 1.2092106 1.2151403 7.       ], shape=(6,), dtype=float32)",0.5,[12 2 6 3 1 4 5 0 0 0 0 0 0 0 0 8 0 0 0 0 0 0 0 0 6],False,"tf.Tensor(
[[ 2.1078832   1.2854078   1.6684632   1.2092106   1.2151403   0.31271058
   0.83976483  1.2295419   1.7702518   0.25086734  0.16427106 -0.15780666
   1.8740999  -0.14744848  1.8612336   1.4732498   1.33683     0.6058282 ]], shape=(1, 18), dtype=float32)"
1215,[12 2 6 3 1 4 5 0 0 0 0 0 0 0 0 8 0 0 0 0 0 0 0 0 6],"tf.Tensor([ 1.9751343   0.81297684  0.8876765   1.5043852   1.2456366  10.        ], shape=(6,), dtype=float32)",0.0,[12 3 6 3 1 4 5 0 0 0 0 0 0 0 0 8 0 0 0 0 0 0 0 0 6],False,"tf.Tensor(
[[ 1.9751343   0.81297684  0.8876765   1.5043852   1.2456366   0.6883022
   0.6476403   0.6358483   1.6054205  -0.10486458  0.2850356  -0.07192122
   1.3374562  -0.046168    1.189052    1.7694037   1.1531448   0.93706214]], shape=(1, 18), dtype=float32)"
1216,[12 3 6 3 1 4 5 0 0 0 0 0 0 0 0 8 0 0 0 0 0 0 0 0 6],"tf.Tensor([ 2.0079079   0.80589736  0.9864454   1.4764273   1.2238791  10.        ], shape=(6,), dtype=float32)",0.0,[13 1 0 0 0 0 0 6 3 1 4 5 0 0 0 8 0 0 0 0 0 0 0 0 6],False,"tf.Tensor(
[[ 2.0079079   0.80589736  0.9864454   1.4764273   1.2238791   0.6847593
   0.6289866   0.66216224  1.6878588  -0.06102645  0.3390008  -0.10803958
   1.3799489  -0.11247632  1.2161468   1.7205608   1.1389114   0.9054841 ]], shape=(1, 18), dtype=float32)"
1217,[13 1 0 0 0 0 0 6 3 1 4 5 0 0 0 8 0 0 0 0 0 0 0 0 6],"tf.Tensor([1.9711623 1.1123793 1.436815  1.20575   1.2010791 9.       ], shape=(6,), dtype=float32)",0.5,[13 2 1 4 5 1 3 0 0 0 0 0 0 0 0 8 0 0 0 0 0 0 0 0 6],False,"tf.Tensor(
[[ 1.9711623   1.1123793   1.436815    1.20575     1.2010791   0.37859845
   0.8848645   1.1156704   1.6460514   0.31250644  0.06241465 -0.14039701
   1.7692337  -0.0888188   1.8171144   1.4862823   1.263166    0.66065055]], shape=(1, 18), dtype=float32)"
1218,[13 2 1 4 5 1 3 0 0 0 0 0 0 0 0 8 0 0 0 0 0 0 0 0 6],"tf.Tensor([ 2.4117272   1.0835434   0.76126766  1.7118113   1.3693935  10.        ], shape=(6,), dtype=float32)",0.0,[13 3 1 4 5 1 3 0 0 0 0 0 0 0 0 8 0 0 0 0 0 0 0 0 6],False,"tf.Tensor(
[[ 2.4117272   1.0835434   0.76126766  1.7118113   1.3693935   0.7805543
  -0.11489554  1.069971    1.7392294  -0.20160556  0.5340942  -0.0391447
   1.0341449  -0.39290515  1.0227678   2.5969927   0.77630424  1.3353745 ]], shape=(1, 18), dtype=float32)"
1219,[13 3 1 4 5 1 3 0 0 0 0 0 0 0 0 8 0 0 0 0 0 0 0 0 6],"tf.Tensor([ 2.3779192  1.0790694  0.8294694  1.7111458  1.3756039 10.       ], shape=(6,), dtype=float32)",0.0,[14 1 0 0 0 0 0 1 4 5 1 3 0 0 0 8 0 0 0 0 0 0 0 0 6],True,"tf.Tensor(
[[ 2.3779192   1.0790694   0.8294694   1.7111458   1.3756039   0.7665976
  -0.06482422  1.0803101   1.8071301  -0.1758727   0.5549369  -0.09974919
   1.0734533  -0.4412043   1.0748081   2.5431514   0.79410857  1.2774907 ]], shape=(1, 18), dtype=float32)"
1220,[1 1 0 0 0 0 0 6 2 2 2 5 0 0 0 0 0 0 0 0 0 0 0 0 0],"tf.Tensor([1.157767   1.2359552  0.8386751  0.36436442 1.3737584  3.        ], shape=(6,), dtype=float32)",0.30000000000000004,[1 2 6 2 5 0 0 0 0 2 1 0 0 0 0 0 0 0 0 0 0 0 0 0 0],False,"tf.Tensor(
[[ 1.157767    1.2359552   0.8386751   0.36436442  1.3737584   0.51000047
   0.5858111   0.26916045  1.4498351  -0.21908672  0.37441635 -0.04508888
   1.1494522   0.5552183   0.79605967  0.7275285   1.0690252  -0.02337148]], shape=(1, 18), dtype=float32)"
1221,[1 2 6 2 5 0 0 0 0 2 1 0 0 0 0 0 0 0 0 0 0 0 0 0 0],"tf.Tensor([ 1.1489648   1.1305457   0.84719026  0.9307359   1.4101782  10.        ], shape=(6,), dtype=float32)",0.1,[1 3 6 2 5 1 0 0 0 3 0 0 0 0 0 0 0 0 0 0 0 0 0 0 0],False,"tf.Tensor(
[[ 1.1489648   1.1305457   0.84719026  0.9307359   1.4101782   0.15710026
   0.6016427   0.1971412   1.2440317  -0.07962149  0.39445037  0.04639483
   1.2127149   0.17516662  1.061039    1.4991639   0.8297834   0.40868306]], shape=(1, 18), dtype=float32)"
1222,[1 3 6 2 5 1 0 0 0 3 0 0 0 0 0 0 0 0 0 0 0 0 0 0 0],"tf.Tensor([ 1.3820885   1.1317346   0.9623094   0.99967927  1.55783    10.        ], shape=(6,), dtype=float32)",0.0,[2 1 0 0 0 0 0 6 2 2 2 5 0 0 0 0 0 0 0 0 0 0 0 0 0],False,"tf.Tensor(
[[ 1.3820885   1.1317346   0.9623094   0.99967927  1.55783     0.3299893
   0.7195582   0.3074501   1.5349084  -0.0858046   0.44746175 -0.18610653
   1.3705933   0.1341836   1.1423576   1.5620317   0.8700029   0.4927234 ]], shape=(1, 18), dtype=float32)"
1223,[2 1 0 0 0 0 0 6 2 2 2 5 0 0 0 0 0 0 0 0 0 0 0 0 0],"tf.Tensor([1.2308456  1.188513   0.8586342  0.39808574 1.3979402  3.        ], shape=(6,), dtype=float32)",0.30000000000000004,[2 2 6 2 3 0 0 0 0 1 4 0 0 0 0 0 0 0 0 0 0 0 0 0 0],False,"tf.Tensor(
[[ 1.2308456   1.188513    0.8586342   0.39808574  1.3979402   0.5691646
   0.6665447   0.30926764  1.4814904  -0.25868583  0.33388615 -0.01279556
   1.19964     0.5707358   0.75878495  0.78724563  1.1147113   0.00634954]], shape=(1, 18), dtype=float32)"
1224,[2 2 6 2 3 0 0 0 0 1 4 0 0 0 0 0 0 0 0 0 0 0 0 0 0],"tf.Tensor([ 1.1395392   1.2478449   0.6409251   0.77993375  1.3238043  10.        ], shape=(6,), dtype=float32)",0.0,[2 3 6 2 3 0 0 0 0 3 1 0 0 0 0 0 0 0 0 0 0 0 0 0 0],False,"tf.Tensor(
[[ 1.1395392   1.2478449   0.6409251   0.77993375  1.3238043   0.17938967
   0.39539412  0.12245252  1.0159985  -0.00641886  0.36406985  0.15713593
   1.1771275   0.61143476  0.872424    1.2793034   0.87447864  0.34067142]], shape=(1, 18), dtype=float32)"
1225,[2 3 6 2 3 0 0 0 0 3 1 0 0 0 0 0 0 0 0 0 0 0 0 0 0],"tf.Tensor([1.5094807  1.284344   0.9354114  0.81673574 1.3524241  3.        ], shape=(6,), dtype=float32)",0.0,[3 1 0 0 0 0 0 6 2 4 5 3 0 0 0 0 0 0 0 0 0 0 0 0 0],False,"tf.Tensor(
[[ 1.5094807   1.284344    0.9354114   0.81673574  1.3524241   0.42843133
   0.592759    0.26248735  1.553084   -0.01984787  0.41070518 -0.16910112
   1.2473917   0.57220227  0.9819618   1.2924031   1.0707741   0.24596377]], shape=(1, 18), dtype=float32)"
1226,[3 1 0 0 0 0 0 6 2 4 5 3 0 0 0 0 0 0 0 0 0 0 0 0 0],"tf.Tensor([1.6318798 1.4976217 0.9017978 0.5826511 1.6209661 3.       ], shape=(6,), dtype=float32)",0.4,[3 2 3 6 2 2 0 0 0 0 6 0 0 0 0 0 0 0 0 0 0 0 0 0 0],False,"tf.Tensor(
[[ 1.6318798e+00  1.4976217e+00  9.0179777e-01  5.8265108e-01
   1.6209661e+00  1.0160570e+00  9.3330276e-01  2.8784820e-01
   1.7461594e+00 -4.3127117e-01  2.3021270e-01  8.4017217e-04
   1.6649826e+00  1.1235523e+00  9.3543833e-01  9.6048933e-01
   1.7098546e+00 -3.3272881e-02]], shape=(1, 18), dtype=float32)"
1227,[3 2 3 6 2 2 0 0 0 0 6 0 0 0 0 0 0 0 0 0 0 0 0 0 0],"tf.Tensor([1.4557781 1.1271484 1.0732657 0.9503321 1.3633906 3.       ], shape=(6,), dtype=float32)",0.1,[3 3 3 6 2 2 6 0 0 0 0 0 0 0 0 0 0 0 0 0 0 0 0 0 0],False,"tf.Tensor(
[[ 1.4557781   1.1271484   1.0732657   0.9503321   1.3633906   0.03829061
   0.27956104  0.68014497  1.5073712   0.39446703  0.46620816 -0.34149107
   0.9827826   0.10314903  0.900419    1.1771431   0.8408255   0.19956794]], shape=(1, 18), dtype=float32)"
1228,[3 3 3 6 2 2 6 0 0 0 0 0 0 0 0 0 0 0 0 0 0 0 0 0 0],"tf.Tensor([1.8157872 1.3278292 1.5640577 1.2479806 1.4943589 3.       ], shape=(6,), dtype=float32)",0.0,[4 1 0 0 0 0 0 3 6 2 6 2 0 0 0 0 0 0 0 0 0 0 0 0 0],False,"tf.Tensor(
[[ 1.8157872   1.3278292   1.5640577   1.2479806   1.4943589   0.22321558
   0.20117167  0.711068    1.7450848   0.2146841   0.689412   -0.5980142
   1.5244557   0.06811613  1.1597319   1.4520841   0.7972202   0.46848664]], shape=(1, 18), dtype=float32)"
1229,[4 1 0 0 0 0 0 3 6 2 6 2 0 0 0 0 0 0 0 0 0 0 0 0 0],"tf.Tensor([1.5049804 1.362263  1.0927145 1.0103998 1.4702728 3.       ], shape=(6,), dtype=float32)",0.5,[4 2 4 6 5 3 1 0 0 0 0 0 0 0 0 0 0 0 0 0 0 0 0 0 0],False,"tf.Tensor(
[[ 1.5049804   1.362263    1.0927145   1.0103998   1.4702728   0.51983905
   0.7084077   0.29262564  1.5070273  -0.12033921  0.40507728 -0.18100506
   1.3210523   0.916142    0.8513921   1.1348945   1.3525982   0.11652395]], shape=(1, 18), dtype=float32)"
1230,[4 2 4 6 5 3 1 0 0 0 0 0 0 0 0 0 0 0 0 0 0 0 0 0 0],"tf.Tensor([ 2.0047765  1.0362931  1.5289885  1.3972197  1.413271  10.       ], shape=(6,), dtype=float32)",0.0,[4 3 4 6 5 3 1 0 0 0 0 0 0 0 0 0 0 0 0 0 0 0 0 0 0],False,"tf.Tensor(
[[ 2.0047765   1.0362931   1.5289885   1.3972197   1.413271    0.11945529
   0.71269095  1.0530975   1.6546438  -0.09832154  0.72573876 -0.15897739
   1.3868773  -0.44705477  1.2785796   2.1025019   0.7808009   0.7170606 ]], shape=(1, 18), dtype=float32)"
1231,[4 3 4 6 5 3 1 0 0 0 0 0 0 0 0 0 0 0 0 0 0 0 0 0 0],"tf.Tensor([ 2.0318365  1.0762987  1.6400357  1.4075116  1.460361  10.       ], shape=(6,), dtype=float32)",0.0,[5 1 0 0 0 0 0 4 6 5 3 1 0 0 0 0 0 0 0 0 0 0 0 0 0],False,"tf.Tensor(
[[ 2.0318365   1.0762987   1.6400357   1.4075116   1.460361    0.09468253
   0.7338723   1.0568179   1.7431743  -0.07728323  0.7682215  -0.19536757
   1.4616184  -0.44857407  1.3219272   2.104199    0.79385906  0.6881111 ]], shape=(1, 18), dtype=float32)"
1232,[5 1 0 0 0 0 0 4 6 5 3 1 0 0 0 0 0 0 0 0 0 0 0 0 0],"tf.Tensor([1.888337   1.267536   0.99557346 1.4447675  1.3599756  7.        ], shape=(6,), dtype=float32)",0.5,[5 2 3 1 4 5 1 0 0 0 0 0 0 0 0 0 0 0 0 0 0 0 0 0 0],False,"tf.Tensor(
[[ 1.888337    1.267536    0.99557346  1.4447675   1.3599756   0.5623248
   0.65919876  0.59066546  1.1711398  -0.2719286   0.5984011   0.05048706
   1.6412427   0.88499033  0.7839181   1.5023867   1.4589694   0.48379004]], shape=(1, 18), dtype=float32)"
1233,[5 2 3 1 4 5 1 0 0 0 0 0 0 0 0 0 0 0 0 0 0 0 0 0 0],"tf.Tensor([ 1.5142504  0.7919962  1.0494394  1.1363738  1.2314206 10.       ], shape=(6,), dtype=float32)",0.0,[5 3 3 1 4 5 1 0 0 0 0 0 0 0 0 0 0 0 0 0 0 0 0 0 0],False,"tf.Tensor(
[[ 1.5142504   0.7919962   1.0494394   1.1363738   1.2314206   0.06638618
   0.59155566  0.81514406  1.0354345  -0.21116228  0.6512587   0.1611939
   1.2460234  -0.17538244  0.80098337  1.6600317   0.6561042   0.64634186]], shape=(1, 18), dtype=float32)"
1234,[5 3 3 1 4 5 1 0 0 0 0 0 0 0 0 0 0 0 0 0 0 0 0 0 0],"tf.Tensor([ 1.5289066  0.7835029  1.1227427  1.1587337  1.2663863 10.       ], shape=(6,), dtype=float32)",0.0,[6 1 0 0 0 0 0 3 1 4 5 1 0 0 0 0 0 0 0 0 0 0 0 0 0],False,"tf.Tensor(
[[ 1.5289066   0.7835029   1.1227427   1.1587337   1.2663863   0.06880933
   0.6354838   0.8055935   1.0937958  -0.22339918  0.659856    0.1159138
   1.2885063  -0.21809837  0.8237794   1.7203774   0.6414225   0.6533614 ]], shape=(1, 18), dtype=float32)"
1235,[6 1 0 0 0 0 0 3 1 4 5 1 0 0 0 0 0 0 0 0 0 0 0 0 0],"tf.Tensor([ 1.7496921  1.2031025  0.8096524  1.0028435  1.2186109 11.       ], shape=(6,), dtype=float32)",0.4,[6 2 2 1 4 4 0 0 0 4 0 0 0 0 0 0 0 0 0 0 0 0 0 0 0],False,"tf.Tensor(
[[ 1.7496921   1.2031025   0.8096524   1.0028435   1.2186109   0.8350822
   0.95762587  0.39069077  1.4310498  -0.26949874  0.09104425  0.11889838
   1.2866718   1.242148    0.7487491   1.0780444   1.7419424   0.13028489]], shape=(1, 18), dtype=float32)"
1236,[6 2 2 1 4 4 0 0 0 4 0 0 0 0 0 0 0 0 0 0 0 0 0 0 0],"tf.Tensor([ 1.6931252  1.0633699  1.0103738  1.1143085  1.1446329 10.       ], shape=(6,), dtype=float32)",0.1,[6 3 2 1 4 4 4 0 0 0 0 0 0 0 0 0 0 0 0 0 0 0 0 0 0],False,"tf.Tensor(
[[ 1.6931252   1.0633699   1.0103738   1.1143085   1.1446329   0.46013248
   0.7528308   0.67087096  1.4101627  -0.26165223  0.5169473  -0.01903351
   1.31638     0.33687922  0.74132305  1.4565207   0.9827855   0.47007778]], shape=(1, 18), dtype=float32)"
1237,[6 3 2 1 4 4 4 0 0 0 0 0 0 0 0 0 0 0 0 0 0 0 0 0 0],"tf.Tensor([ 1.6063154  1.0763159  1.1893728  1.2558973  1.2500035 10.       ], shape=(6,), dtype=float32)",0.0,[7 1 0 0 0 0 0 2 1 6 4 4 0 0 0 0 0 0 0 0 0 0 0 0 0],False,"tf.Tensor(
[[ 1.6063154   1.0763159   1.1893728   1.2558973   1.2500035   0.12536758
   0.36371708  0.7428666   1.2374448  -0.0697826   0.70231265 -0.1702191
   1.3986712  -0.00617922  0.89461225  1.5870566   0.6237737   0.64939845]], shape=(1, 18), dtype=float32)"
1238,[7 1 0 0 0 0 0 2 1 6 4 4 0 0 0 0 0 0 0 0 0 0 0 0 0],"tf.Tensor([ 2.0533571  1.3171755  1.1190808  1.039618   1.5045412 11.       ], shape=(6,), dtype=float32)",0.5,[7 2 4 5 3 6 4 0 0 0 0 0 0 0 0 0 0 0 0 0 0 0 0 0 0],False,"tf.Tensor(
[[ 2.0533571   1.3171755   1.1190808   1.039618    1.5045412   0.89198965
   1.3376967   0.44289964  1.8270534  -0.27206227  0.2508218   0.22040248
   1.4661182   1.4755154   0.8538261   1.3473337   2.0495973  -0.04877684]], shape=(1, 18), dtype=float32)"
1239,[7 2 4 5 3 6 4 0 0 0 0 0 0 0 0 0 0 0 0 0 0 0 0 0 0],[0 1 1 1 1 0],0.0,[7 3 4 5 3 6 4 0 0 0 0 0 0 0 0 0 0 0 0 0 0 0 0 0 0],False,"tf.Tensor(
[[ 2.241286    1.5004933   1.4925259   1.4235252   1.9367087   0.33671206
   0.53472626  0.9912885   1.9085528  -0.07982634  0.72569084 -0.11285888
   1.8156483   0.1498976   1.1218007   1.8661577   1.1334304   0.7005773 ]], shape=(1, 18), dtype=float32)"
1240,[7 3 4 5 3 6 4 0 0 0 0 0 0 0 0 0 0 0 0 0 0 0 0 0 0],"tf.Tensor([2.2634485 1.5000716 1.5885748 1.4399635 1.9899617 3.       ], shape=(6,), dtype=float32)",16.0,[8 1 0 0 0 0 0 4 5 3 6 4 0 0 0 8 0 0 0 0 0 0 0 0 0],False,"tf.Tensor(
[[ 2.2634485   1.5000716   1.5885748   1.4399635   1.9899617   0.33025616
   0.5614246   0.987292    1.979708   -0.068858    0.747403   -0.16603908
   1.8618068   0.11775976  1.1505071   1.913855    1.1244874   0.69023526]], shape=(1, 18), dtype=float32)"
1241,[8 1 0 0 0 0 0 4 5 3 6 4 0 0 0 8 0 0 0 0 0 0 0 0 0],"tf.Tensor([ 1.7491649  1.2127758  0.9137845  1.5031508  1.1942067 10.       ], shape=(6,), dtype=float32)",0.5,[8 2 6 1 4 2 6 0 0 0 0 0 0 0 0 8 0 0 0 0 0 0 0 0 0],False,"tf.Tensor(
[[ 1.7491649   1.2127758   0.9137845   1.5031508   1.1942067   0.37861902
   0.17419037  0.6865725   1.3180847   0.04231692  0.36293676 -0.6141472
   1.4187447  -0.13750333  1.1882262   1.6380711   0.8182583   0.87227845]], shape=(1, 18), dtype=float32)"
1242,[8 2 6 1 4 2 6 0 0 0 0 0 0 0 0 8 0 0 0 0 0 0 0 0 0],"tf.Tensor([ 1.7418061   1.0661212   0.5321377   1.7758454   0.89947975 10.        ], shape=(6,), dtype=float32)",0.0,[8 3 6 1 4 2 6 0 0 0 0 0 0 0 0 8 0 0 0 0 0 0 0 0 0],False,"tf.Tensor(
[[ 1.7418061   1.0661212   0.5321377   1.7758454   0.89947975  0.49442708
  -0.40367487  0.54685396  0.88034683 -0.00446401  0.41131476 -0.59820455
   1.2644659  -0.12368387  1.091286    1.6222492   0.64340055  1.2730027 ]], shape=(1, 18), dtype=float32)"
1243,[8 3 6 1 4 2 6 0 0 0 0 0 0 0 0 8 0 0 0 0 0 0 0 0 0],"tf.Tensor([ 1.7470846   1.0974368   0.54825985  1.7981006   0.8978443  10.        ], shape=(6,), dtype=float32)",0.0,[9 1 0 0 0 0 0 6 1 4 2 6 0 0 0 8 0 0 0 0 0 0 0 0 0],False,"tf.Tensor(
[[ 1.7470846   1.0974368   0.54825985  1.7981006   0.8978443   0.47208112
  -0.3824768   0.56043386  0.88781416 -0.00351967  0.4400809  -0.60606265
   1.2913766  -0.1310422   1.0819398   1.6426995   0.6396881   1.2718686 ]], shape=(1, 18), dtype=float32)"
1244,[9 1 0 0 0 0 0 6 1 4 2 6 0 0 0 8 0 0 0 0 0 0 0 0 0],"tf.Tensor([1.6831563  1.2793896  0.96397954 1.0859514  0.8689826  9.        ], shape=(6,), dtype=float32)",0.4,[9 2 5 5 5 3 0 0 0 0 0 3 0 0 0 8 0 0 0 0 0 0 0 0 0],False,"tf.Tensor(
[[ 1.6831563   1.2793896   0.96397954  1.0859514   0.8689826   0.22178902
   0.07825123  0.9317159   1.2059762   0.33117262  0.27034882 -0.26321533
   1.2581562   0.11075628  1.3828859   0.92781883  1.0738639   0.51598656]], shape=(1, 18), dtype=float32)"
1245,[9 2 5 5 5 3 0 0 0 0 0 3 0 0 0 8 0 0 0 0 0 0 0 0 0],[0 0 0 1 1 8],0.1,[9 3 5 5 5 3 3 0 0 0 0 0 0 0 0 8 0 0 0 0 0 0 0 0 0],False,"tf.Tensor(
[[ 1.9618376   0.91750383  0.89490634  1.7343545   0.9672032   0.18914619
   0.11540087  1.129355    0.9566075  -0.13614525  0.6688966  -0.14700937
   1.2049286  -0.6398994   1.2909914   2.001823    0.8847464   1.0063455 ]], shape=(1, 18), dtype=float32)"
1246,[9 3 5 5 5 3 3 0 0 0 0 0 0 0 0 8 0 0 0 0 0 0 0 0 0],[ 1  1  0  1  1 12],42.0,[10 1 0 0 0 0 0 5 5 5 3 2 0 0 0 8 0 0 0 0 0 0 0 0 21],False,"tf.Tensor(
[[ 2.1119835   0.9254461   0.8387995   1.8123925   0.9320843   0.59927034
  -0.24619621  0.8400287   1.1098455  -0.14232145  0.5879598  -0.23294029
   1.2520998  -0.45090964  1.2716802   1.8559352   0.81792253  1.2722569 ]], shape=(1, 18), dtype=float32)"
1247,[10 1 0 0 0 0 0 5 5 5 3 2 0 0 0 8 0 0 0 0 0 0 0 0 21],"tf.Tensor([2.6738067  0.5940899  1.8178291  1.7495018  0.58165014 2.        ], shape=(6,), dtype=float32)",0.30000000000000004,[10 2 4 4 3 0 0 0 4 0 0 4 0 0 0 8 0 0 0 0 0 0 0 0 21],False,"tf.Tensor(
[[ 2.6738067   0.5940899   1.8178291   1.7495018   0.58165014 -0.4408027
   0.50783783  2.4511778   1.2518835   0.6136487   0.788792    0.75467384
   0.7841228  -0.9593066   1.8035215   1.7904867   1.1198115   0.9049508 ]], shape=(1, 18), dtype=float32)"
1248,[10 2 4 4 3 0 0 0 4 0 0 4 0 0 0 8 0 0 0 0 0 0 0 0 21],[1 1 1 0 0 0],0.1,[10 3 4 4 3 4 0 0 0 0 0 4 0 0 0 8 0 0 0 0 0 0 0 0 21],False,"tf.Tensor(
[[ 2.424195    0.75753087  2.2068658   1.3750952   1.313951   -0.78362787
   1.1200737   2.501588    1.9249513   0.7283227   1.2102996   0.56656396
   1.0994587  -1.0239431   1.7493364   2.2585647   1.1432012   0.06410128]], shape=(1, 18), dtype=float32)"
1249,[10 3 4 4 3 4 0 0 0 0 0 4 0 0 0 8 0 0 0 0 0 0 0 0 21],"tf.Tensor([2.3944976  0.6308632  2.64516    1.6444851  0.69111294 2.        ], shape=(6,), dtype=float32)",6.0,[11 1 0 0 0 0 0 4 1 4 3 6 0 0 3 8 0 0 0 0 0 0 0 0 21],False,"tf.Tensor(
[[ 2.3944976   0.6308632   2.64516     1.6444851   0.69111294 -0.7764472
   0.6122881   2.3720891   1.5818322   0.67258054  1.1778189   0.69602275
   1.2083797  -1.518552    2.1665032   2.1044273   0.92734224  0.46614352]], shape=(1, 18), dtype=float32)"
1250,[11 1 0 0 0 0 0 4 1 4 3 6 0 0 3 8 0 0 0 0 0 0 0 0 21],"tf.Tensor([3.0269156  0.7354868  2.6479554  2.103948   0.60683465 2.        ], shape=(6,), dtype=float32)",0.30000000000000004,[11 2 4 3 2 0 0 0 5 0 0 5 0 0 3 8 0 0 0 0 0 0 0 0 21],False,"tf.Tensor(
[[ 3.0269156   0.7354868   2.6479554   2.103948    0.60683465 -0.7992254
   0.68984264  2.7022629   1.238092    0.46079558  1.2508484   1.2193636
   1.5439289  -1.4369681   2.3900769   2.131357    1.7787677   0.7134047 ]], shape=(1, 18), dtype=float32)"
1251,[11 2 4 3 2 0 0 0 5 0 0 5 0 0 3 8 0 0 0 0 0 0 0 0 21],"tf.Tensor([2.4515853  0.96063703 2.1088767  1.4264997  1.5261277  2.        ], shape=(6,), dtype=float32)",0.2,[11 3 4 3 2 5 5 0 0 0 0 0 0 0 3 8 0 0 0 0 0 0 0 0 21],False,"tf.Tensor(
[[ 2.4515853   0.96063703  2.1088767   1.4264997   1.5261277  -0.6869413
   0.9563052   2.725547    1.5717021   0.43941703  0.8969156   0.68905634
   1.5707018  -0.9570025   1.7055677   2.1324675   1.464738    0.18006007]], shape=(1, 18), dtype=float32)"
1252,[11 3 4 3 2 5 5 0 0 0 0 0 0 0 3 8 0 0 0 0 0 0 0 0 21],[0 0 1 1 1 4],20.0,[12 1 0 0 0 0 0 4 6 3 2 6 0 0 3 8 10 0 0 0 0 0 0 0 21],False,"tf.Tensor(
[[ 2.7126653   1.1656752   1.7323122   1.7655679   1.397329   -0.05260377
   0.85386515  2.539813    1.6819949   0.03349103  0.6406667   0.5070535
   1.4592397  -1.137256    1.8484385   2.6484203   1.444406    0.73389477]], shape=(1, 18), dtype=float32)"
1253,[12 1 0 0 0 0 0 4 6 3 2 6 0 0 3 8 10 0 0 0 0 0 0 0 21],[1 1 0 1 0 3],0.30000000000000004,[12 2 5 2 6 0 0 0 0 3 0 3 0 0 3 8 10 0 0 0 0 0 0 0 21],False,"tf.Tensor(
[[ 3.0071123   2.1031778   2.4133162   2.0295606   2.009489   -0.467768
   0.4934358   2.1967843   2.182899    0.74429184  1.0997542  -0.11752339
   2.4435296  -0.26187474  2.3840494   2.1007974   1.859154    0.5347062 ]], shape=(1, 18), dtype=float32)"
1254,[12 2 5 2 6 0 0 0 0 3 0 3 0 0 3 8 10 0 0 0 0 0 0 0 21],"tf.Tensor([3.199135  1.8443007 2.8230085 2.062893  1.969659  3.       ], shape=(6,), dtype=float32)",0.2,[12 3 5 2 6 3 3 0 0 0 0 0 0 0 3 8 10 0 0 0 0 0 0 0 21],False,"tf.Tensor(
[[ 3.199135    1.8443007   2.8230085   2.062893    1.969659   -0.05086355
   1.4634788   2.157245    3.1507752   0.34667426  0.87745184 -0.1468024
   2.30312    -0.95236266  2.6972778   3.1492143   1.3551323   0.87921876]], shape=(1, 18), dtype=float32)"
1255,[12 3 5 2 6 3 3 0 0 0 0 0 0 0 3 8 10 0 0 0 0 0 0 0 21],"tf.Tensor([ 3.4901724  2.309009   2.4606752  2.1862643  2.1445675 10.       ], shape=(6,), dtype=float32)",0.0,[13 1 0 0 0 0 0 5 2 4 6 2 0 0 3 8 10 0 0 0 0 0 0 0 21],False,"tf.Tensor(
[[ 3.4901724   2.309009    2.4606752   2.1862643   2.1445675   0.5165888
   1.0656186   2.2907891   3.3481333  -0.12861086  0.8262854  -0.26123667
   2.227419   -0.82716364  2.4602494   3.3864393   1.4719006   0.99669105]], shape=(1, 18), dtype=float32)"
1256,[13 1 0 0 0 0 0 5 2 4 6 2 0 0 3 8 10 0 0 0 0 0 0 0 21],"tf.Tensor([3.2740364 1.5694324 2.6087344 2.2281375 1.6232115 9.       ], shape=(6,), dtype=float32)",0.5,[13 2 4 5 5 2 4 0 0 0 0 0 0 0 3 8 10 0 0 0 0 0 0 0 21],False,"tf.Tensor(
[[ 3.2740364   1.5694324   2.6087344   2.2281375   1.6232115  -0.2771172
   0.9144477   2.0377433   2.6232352   0.8036642   1.0140665  -0.26921672
   2.215406   -0.8443971   2.6522925   2.2065969   2.0168943   0.69753605]], shape=(1, 18), dtype=float32)"
1257,[13 2 4 5 5 2 4 0 0 0 0 0 0 0 3 8 10 0 0 0 0 0 0 0 21],"tf.Tensor([3.7230568 2.8957465 2.2306564 2.1916628 2.760847  3.       ], shape=(6,), dtype=float32)",0.0,[13 3 4 5 5 2 4 0 0 0 0 0 0 0 3 8 10 0 0 0 0 0 0 0 21],False,"tf.Tensor(
[[ 3.7230568   2.8957465   2.2306564   2.1916628   2.760847    0.7104002
   1.0174677   2.492758    3.6573746  -0.24905346  0.8406032  -0.28319228
   2.3126795  -0.39937982  2.1577673   3.5801525   1.7174317   0.87929726]], shape=(1, 18), dtype=float32)"
1258,[13 3 4 5 5 2 4 0 0 0 0 0 0 0 3 8 10 0 0 0 0 0 0 0 21],"tf.Tensor([3.6925874 2.866634  2.4183543 2.1731102 2.7497907 3.       ], shape=(6,), dtype=float32)",0.0,[14 1 0 0 0 0 0 4 5 5 2 4 0 0 3 8 10 0 0 0 0 0 0 0 21],True,"tf.Tensor(
[[ 3.6925874   2.866634    2.4183543   2.1731102   2.7497907   0.61576927
   1.0729105   2.490705    3.6793828  -0.23022474  0.89159405 -0.29810458
   2.4289393  -0.43485016  2.2254705   3.532597    1.7067082   0.82392365]], shape=(1, 18), dtype=float32)"
1259,[1 1 0 0 0 0 0 1 1 4 3 5 0 0 0 0 0 0 0 0 0 0 0 0 0],"tf.Tensor([0.90197587 1.0369868  0.74371386 0.46328312 0.9419631  7.        ], shape=(6,), dtype=float32)",0.30000000000000004,[1 2 1 1 5 0 0 0 0 1 5 0 0 0 0 0 0 0 0 0 0 0 0 0 0],False,"tf.Tensor(
[[ 0.90197587  1.0369868   0.74371386  0.46328312  0.9419631  -0.00146672
   0.4946976   0.2951483   0.83775806 -0.03552788  0.5986829   0.36191586
   0.9457635   0.7981678   0.40652835  0.7987387   0.70098746 -0.05437566]], shape=(1, 18), dtype=float32)"
1260,[1 2 1 1 5 0 0 0 0 1 5 0 0 0 0 0 0 0 0 0 0 0 0 0 0],[ 0  0  0  1  1 10],0.1,[1 3 1 1 5 5 0 0 0 6 0 0 0 0 0 0 0 0 0 0 0 0 0 0 0],False,"tf.Tensor(
[[ 8.4270519e-01  6.5349954e-01  5.9590441e-01  8.4589136e-01
   7.2343969e-01  1.1836682e-01  2.2370109e-01  2.0920372e-01
   8.1540066e-01  6.7738444e-04  4.1810957e-01 -2.7041379e-01
   7.6969612e-01 -1.4378312e-01  7.7213120e-01  1.0239789e+00
   4.0592450e-01  4.2406446e-01]], shape=(1, 18), dtype=float32)"
1261,[1 3 1 1 5 5 0 0 0 6 0 0 0 0 0 0 0 0 0 0 0 0 0 0 0],"tf.Tensor([ 1.2767491   1.1648314   0.8222887   1.0708045   0.97714883 10.        ], shape=(6,), dtype=float32)",0.0,[2 1 0 0 0 0 0 1 1 4 3 5 0 0 0 0 0 0 0 0 0 0 0 0 0],False,"tf.Tensor(
[[ 1.2767491   1.1648314   0.8222887   1.0708045   0.97714883  0.09348128
   0.11144255  0.6090739   0.9128828  -0.01941586  0.53723776 -0.07731408
   1.0680751   0.11821669  0.8363631   1.2029116   0.65405816  0.49185652]], shape=(1, 18), dtype=float32)"
1262,[2 1 0 0 0 0 0 1 1 4 3 5 0 0 0 0 0 0 0 0 0 0 0 0 0],"tf.Tensor([1.033139   1.0181742  0.73950267 0.4878086  1.0233271  7.        ], shape=(6,), dtype=float32)",0.30000000000000004,[2 2 3 1 6 0 0 0 0 2 5 0 0 0 0 0 0 0 0 0 0 0 0 0 0],False,"tf.Tensor(
[[ 1.033139    1.0181742   0.73950267  0.4878086   1.0233271   0.13596438
   0.61118305  0.30132264  0.93560153 -0.06679249  0.57690334  0.33039787
   1.0258274   0.87866086  0.43107054  0.8714944   0.81047124 -0.02397022]], shape=(1, 18), dtype=float32)"
1263,[2 2 3 1 6 0 0 0 0 2 5 0 0 0 0 0 0 0 0 0 0 0 0 0 0],"tf.Tensor([ 1.0321522   0.997276    0.69333357  0.9662383   1.0886648  10.        ], shape=(6,), dtype=float32)",0.1,[2 3 3 1 6 5 0 0 0 4 0 0 0 0 0 0 0 0 0 0 0 0 0 0 0],False,"tf.Tensor(
[[ 1.0321522   0.997276    0.69333357  0.9662383   1.0886648   0.15535268
   0.51418954  0.24289039  0.9793545  -0.08002608  0.35408986 -0.04480166
   1.0817639   0.19564523  0.92613584  1.3420388   0.6797718   0.45791364]], shape=(1, 18), dtype=float32)"
1264,[2 3 3 1 6 5 0 0 0 4 0 0 0 0 0 0 0 0 0 0 0 0 0 0 0],[0 1 1 0 0 0],1.0,[3 1 0 0 0 0 0 3 1 3 2 6 1 0 0 0 0 0 0 0 0 0 0 0 0],False,"tf.Tensor(
[[ 1.3169796   1.233288    0.9324122   1.2081373   1.2239279   0.08026695
   0.43754506  0.51242876  1.121367   -0.17182076  0.5909748   0.05606027
   1.2915292   0.02858934  1.0494956   1.5229328   0.81586206  0.53369474]], shape=(1, 18), dtype=float32)"
1265,[3 1 0 0 0 0 0 3 1 3 2 6 1 0 0 0 0 0 0 0 0 0 0 0 0],"tf.Tensor([1.1394172 1.0849544 0.678891  0.3911234 1.1940159 3.       ], shape=(6,), dtype=float32)",0.30000000000000004,[3 2 2 1 5 0 0 0 0 3 6 0 1 0 0 0 0 0 0 0 0 0 0 0 0],False,"tf.Tensor(
[[ 1.1394172e+00  1.0849544e+00  6.7889100e-01  3.9112341e-01
   1.1940159e+00  4.5413923e-01  6.7705590e-01  4.2509156e-01
   1.1770762e+00 -1.5877409e-01  3.4447470e-01  1.5584724e-01
   1.0870585e+00  8.0057061e-01  5.3897268e-01  7.7056611e-01
   9.5804417e-01 -5.1331520e-04]], shape=(1, 18), dtype=float32)"
1266,[3 2 2 1 5 0 0 0 0 3 6 0 1 0 0 0 0 0 0 0 0 0 0 0 0],"tf.Tensor([ 1.334301   1.1736056  0.7891503  0.9743843  1.1278282 10.       ], shape=(6,), dtype=float32)",0.1,[3 3 2 1 5 6 0 0 0 1 0 0 1 0 0 0 0 0 0 0 0 0 0 0 0],False,"tf.Tensor(
[[ 1.334301    1.1736056   0.7891503   0.9743843   1.1278282   0.27042916
   0.67127454  0.24570145  1.0827093  -0.05442159  0.26578122  0.00588618
   1.1518042   0.77466965  0.9130585   1.4050854   0.9976306   0.3438898 ]], shape=(1, 18), dtype=float32)"
1267,[3 3 2 1 5 6 0 0 0 1 0 0 1 0 0 0 0 0 0 0 0 0 0 0 0],"tf.Tensor([ 1.5923545   1.0439659   1.1980035   1.2328987   0.96783817 10.        ], shape=(6,), dtype=float32)",0.0,[4 1 0 0 0 0 0 2 1 5 4 5 1 0 0 0 0 0 0 0 0 0 0 0 0],False,"tf.Tensor(
[[ 1.5923545   1.0439659   1.1980035   1.2328987   0.96783817 -0.07794564
   0.33800873  0.93917626  1.0890783  -0.11302605  0.8360034   0.00454967
   1.0860642  -0.28625935  0.99882674  1.618809    0.61055154  0.56719255]], shape=(1, 18), dtype=float32)"
1268,[4 1 0 0 0 0 0 2 1 5 4 5 1 0 0 0 0 0 0 0 0 0 0 0 0],"tf.Tensor([ 1.5697622   1.2162641   0.9342469   0.70019007  1.3617687  11.        ], shape=(6,), dtype=float32)",0.4,[4 2 4 3 6 4 0 0 0 0 3 0 1 0 0 0 0 0 0 0 0 0 0 0 0],False,"tf.Tensor(
[[ 1.5697622   1.2162641   0.9342469   0.70019007  1.3617687   0.55573565
   0.9854869   0.42332172  1.411066   -0.1667723   0.42109692  0.26034543
   1.323841    1.2197506   0.6660594   1.128008    1.4235839  -0.04777362]], shape=(1, 18), dtype=float32)"
1269,[4 2 4 3 6 4 0 0 0 0 3 0 1 0 0 0 0 0 0 0 0 0 0 0 0],[1 1 0 0 1 7],0.0,[4 3 4 3 6 4 0 0 0 0 5 0 1 0 0 0 0 0 0 0 0 0 0 0 0],False,"tf.Tensor(
[[ 1.8006926   1.0805901   1.3778524   1.5499989   1.051922   -0.19012767
   0.3597866   1.0988191   1.1930643  -0.08684371  0.8722296   0.13937755
   1.2551649  -0.50198466  1.2900277   1.9212054   0.75525576  0.6948457 ]], shape=(1, 18), dtype=float32)"
1270,[4 3 4 3 6 4 0 0 0 0 5 0 1 0 0 0 0 0 0 0 0 0 0 0 0],"tf.Tensor([ 1.820401   1.1203038  1.3017478  1.6256636  1.0544754 10.       ], shape=(6,), dtype=float32)",0.0,[5 1 0 0 0 0 0 4 3 6 1 4 1 0 0 0 0 0 0 0 0 0 0 0 0],False,"tf.Tensor(
[[ 1.820401    1.1203038   1.3017478   1.6256636   1.0544754  -0.19688833
   0.23184493  1.0907542   1.0787524  -0.03087521  0.90177345  0.09927475
   1.3515836  -0.4000287   1.3021909   1.904468    0.7303511   0.78249896]], shape=(1, 18), dtype=float32)"
1271,[5 1 0 0 0 0 0 4 3 6 1 4 1 0 0 0 0 0 0 0 0 0 0 0 0],"tf.Tensor([1.989346  1.065592  1.1286175 1.1593362 1.4420903 7.       ], shape=(6,), dtype=float32)",0.5,[5 2 2 1 1 2 3 0 0 0 0 0 1 0 0 0 0 0 0 0 0 0 0 0 0],False,"tf.Tensor(
[[ 1.989346    1.065592    1.1286175   1.1593362   1.4420903   0.6174252
   0.727011    0.70897156  1.4330262  -0.19977519  0.6565149   0.1766886
   1.5448228   0.7361586   0.7495135   1.3501892   1.5167655   0.28862774]], shape=(1, 18), dtype=float32)"
1272,[5 2 2 1 1 2 3 0 0 0 0 0 1 0 0 0 0 0 0 0 0 0 0 0 0],"tf.Tensor([1.3471606  0.781039   0.84875697 0.8962373  0.9005622  3.        ], shape=(6,), dtype=float32)",0.0,[5 3 2 1 1 2 3 0 0 0 0 0 1 0 0 0 0 0 0 0 0 0 0 0 0],False,"tf.Tensor(
[[ 1.3471606   0.781039    0.84875697  0.8962373   0.9005622   0.4134431
   0.41629988  0.51381433  1.1010739  -0.11489032  0.41500515 -0.083745
   1.0137866   0.25602022  0.5559033   1.0750991   0.7165595   0.39675736]], shape=(1, 18), dtype=float32)"
1273,[5 3 2 1 1 2 3 0 0 0 0 0 1 0 0 0 0 0 0 0 0 0 0 0 0],"tf.Tensor([1.4077165  0.7922973  0.96260613 0.89925516 0.9340885  3.        ], shape=(6,), dtype=float32)",0.0,[6 1 0 0 0 0 0 2 1 1 2 3 1 0 0 0 0 0 0 0 0 0 0 0 0],False,"tf.Tensor(
[[ 1.4077165   0.7922973   0.96260613  0.89925516  0.9340885   0.383049
   0.4415633   0.5713922   1.2087555  -0.0807979   0.46277216 -0.09804313
   1.0234196   0.22025907  0.5921001   1.1192743   0.69850355  0.37085724]], shape=(1, 18), dtype=float32)"
1274,[6 1 0 0 0 0 0 2 1 1 2 3 1 0 0 0 0 0 0 0 0 0 0 0 0],"tf.Tensor([1.5601802  0.9747367  0.74698025 0.7804857  1.0144978  3.        ], shape=(6,), dtype=float32)",0.30000000000000004,[6 2 4 5 1 0 0 0 0 5 5 0 1 0 0 0 0 0 0 0 0 0 0 0 0],False,"tf.Tensor(
[[ 1.5601802   0.9747367   0.74698025  0.7804857   1.0144978   0.5291793
   0.4815675   0.6870451   1.1764059  -0.11462773  0.37399477  0.13719049
   1.0970082   0.6363225   0.59534657  0.866971    1.1239033   0.22895315]], shape=(1, 18), dtype=float32)"
1275,[6 2 4 5 1 0 0 0 0 5 5 0 1 0 0 0 0 0 0 0 0 0 0 0 0],"tf.Tensor([2.205831  1.7623739 1.2983544 1.0756277 1.5036427 3.       ], shape=(6,), dtype=float32)",0.2,[6 3 4 5 1 5 5 0 0 0 0 0 1 0 0 0 0 0 0 0 0 0 0 0 0],False,"tf.Tensor(
[[ 2.205831    1.7623739   1.2983544   1.0756277   1.5036427   0.5347835
   1.091088    0.3570283   1.8409082  -0.05141898  0.36609137  0.05083669
   1.5869759   1.634751    0.91489416  1.800949    1.7875446   0.01987053]], shape=(1, 18), dtype=float32)"
1276,[6 3 4 5 1 5 5 0 0 0 0 0 1 0 0 0 0 0 0 0 0 0 0 0 0],"tf.Tensor([2.0631754 1.3747933 1.5042422 1.3088607 1.6913669 3.       ], shape=(6,), dtype=float32)",8.0,[7 1 0 0 0 0 0 4 5 5 2 1 1 0 0 4 0 0 0 0 0 0 0 0 0],False,"tf.Tensor(
[[ 2.0631754   1.3747933   1.5042422   1.3088607   1.6913669   0.32264885
   0.38795143  0.8728266   1.8162762   0.0605047   0.70109427 -0.28460795
   1.6648514   0.21017481  1.0731227   1.5874361   1.038503    0.5371307 ]], shape=(1, 18), dtype=float32)"
1277,[7 1 0 0 0 0 0 4 5 5 2 1 1 0 0 4 0 0 0 0 0 0 0 0 0],"tf.Tensor([1.6630237  0.91001165 0.54836345 1.3399012  1.088846   7.        ], shape=(6,), dtype=float32)",0.4,[7 2 1 2 4 1 0 0 0 5 0 0 1 0 0 4 0 0 0 0 0 0 0 0 0],False,"tf.Tensor(
[[ 1.6630237   0.91001165  0.54836345  1.3399012   1.088846    0.5545668
   0.4815691   0.6502513   0.85228837 -0.35819823  0.4278727   0.15618072
   1.4204121   0.42114192  0.76528835  1.2451195   1.1856507   0.7381019 ]], shape=(1, 18), dtype=float32)"
1278,[7 2 1 2 4 1 0 0 0 5 0 0 1 0 0 4 0 0 0 0 0 0 0 0 0],"tf.Tensor([ 1.5914605   0.84265584  0.78102666  1.1920434   0.74655265 10.        ], shape=(6,), dtype=float32)",0.0,[7 3 1 2 4 1 0 0 0 2 0 0 1 0 0 4 0 0 0 0 0 0 0 0 0],False,"tf.Tensor(
[[ 1.5914605   0.84265584  0.78102666  1.1920434   0.74655265  0.5232899
   0.36893898  0.6112468   1.0296527  -0.24919786  0.38253793 -0.17662585
   1.1277698   0.1244451   0.71381557  1.1986583   0.9718254   0.58035386]], shape=(1, 18), dtype=float32)"
1279,[7 3 1 2 4 1 0 0 0 2 0 0 1 0 0 4 0 0 0 0 0 0 0 0 0],"tf.Tensor([ 1.4392312   0.68655723  0.7097318   1.1533465   0.7277339  10.        ], shape=(6,), dtype=float32)",0.0,[8 1 0 0 0 0 0 1 2 5 4 1 1 0 0 4 0 0 0 0 0 0 0 0 0],False,"tf.Tensor(
[[ 1.4392312   0.68655723  0.7097318   1.1533465   0.7277339   0.38773197
   0.04684039  0.66190785  0.9414417  -0.11031725  0.45048988 -0.12849434
   0.86474174 -0.2971161   0.80949235  1.3211824   0.57076627  0.7393442 ]], shape=(1, 18), dtype=float32)"
1280,[8 1 0 0 0 0 0 1 2 5 4 1 1 0 0 4 0 0 0 0 0 0 0 0 0],[ 0  0  1  0  0 12],0.1,[8 2 4 0 0 0 0 6 3 0 1 5 1 0 0 4 0 0 0 0 0 0 0 0 0],False,"tf.Tensor(
[[ 1.611609    0.87342584  0.6589477   1.0623002   0.9435032   0.6843963
   0.66335386  0.47368896  1.1083249  -0.27211434  0.0929957   0.10102867
   1.1753945   0.66690475  0.6443569   1.1113416   1.2970304   0.44886026]], shape=(1, 18), dtype=float32)"
1281,[8 2 4 0 0 0 0 6 3 0 1 5 1 0 0 4 0 0 0 0 0 0 0 0 0],"tf.Tensor([2.1405773 1.4081771 0.9197569 1.4326601 1.6153917 7.       ], shape=(6,), dtype=float32)",0.4,[8 3 4 6 3 1 5 0 0 0 0 0 1 0 0 4 0 0 0 0 0 0 0 0 0],False,"tf.Tensor(
[[ 2.1405773   1.4081771   0.9197569   1.4326601   1.6153917   0.5339979
   0.34491032  0.9901386   1.3040818   0.00613055  0.41457066 -0.0142868
   1.7687464   0.48035958  1.3315768   1.4962023   1.4318234   0.77074903]], shape=(1, 18), dtype=float32)"
1282,[8 3 4 6 3 1 5 0 0 0 0 0 1 0 0 4 0 0 0 0 0 0 0 0 0],"tf.Tensor([ 2.1691618  1.1510329  1.2932346  1.5994178  1.199401  10.       ], shape=(6,), dtype=float32)",0.0,[9 1 0 0 0 0 0 5 4 4 3 5 1 0 0 4 0 0 0 0 0 0 0 0 0],False,"tf.Tensor(
[[ 2.1691618   1.1510329   1.2932346   1.5994178   1.199401    0.6822322
   0.20637792  0.67993176  1.782922    0.02810107  0.55620253 -0.56307715
   1.4046352   0.01775237  1.1397704   1.891858    0.80247307  0.8824227 ]], shape=(1, 18), dtype=float32)"
1283,[9 1 0 0 0 0 0 5 4 4 3 5 1 0 0 4 0 0 0 0 0 0 0 0 0],"tf.Tensor([2.1028678 1.4141921 0.9861586 1.0915098 1.6253744 7.       ], shape=(6,), dtype=float32)",0.5,[9 2 6 4 4 1 2 0 0 0 0 0 1 0 0 4 0 0 0 0 0 0 0 0 0],False,"tf.Tensor(
[[ 2.1028678   1.4141921   0.9861586   1.0915098   1.6253744   0.81476635
   0.7061087   0.882696    1.6075631  -0.41604644  0.36746213  0.04074451
   1.7412398   0.6254053   1.0514828   1.3899046   1.5125214   0.5035541 ]], shape=(1, 18), dtype=float32)"
1284,[9 2 6 4 4 1 2 0 0 0 0 0 1 0 0 4 0 0 0 0 0 0 0 0 0],[1 0 0 1 0 0],0.0,[9 3 6 4 4 1 2 0 0 0 0 0 1 0 0 4 0 0 0 0 0 0 0 0 0],False,"tf.Tensor(
[[ 1.8225327   0.8253115   1.0290635   1.5065356   1.2173797   0.48107672
   0.4809562   0.78271616  1.2690703  -0.15426835  0.34022802 -0.20529367
   1.407134   -0.31961554  1.1297323   1.9610192   0.77243906  0.99754065]], shape=(1, 18), dtype=float32)"
1285,[9 3 6 4 4 1 2 0 0 0 0 0 1 0 0 4 0 0 0 0 0 0 0 0 0],"tf.Tensor([ 1.9101093  0.8562944  1.1285863  1.5092732  1.2474854 10.       ], shape=(6,), dtype=float32)",0.0,[10 1 0 0 0 0 0 6 4 4 1 2 1 0 0 4 0 0 0 0 0 0 0 0 0],False,"tf.Tensor(
[[ 1.9101093   0.8562944   1.1285863   1.5092732   1.2474854   0.49085587
   0.52572846  0.8048311   1.4035355  -0.12929812  0.3979323  -0.20312463
   1.4182503  -0.28425992  1.1460265   1.9834591   0.7893014   0.9692506 ]], shape=(1, 18), dtype=float32)"
1286,[10 1 0 0 0 0 0 6 4 4 1 2 1 0 0 4 0 0 0 0 0 0 0 0 0],[1 1 0 1 1 0],0.4,[10 2 5 4 4 5 0 0 0 4 0 0 1 0 0 4 0 0 0 0 0 0 0 0 0],False,"tf.Tensor(
[[ 2.050163    1.1361868   0.60381275  1.5948787   1.2984906   0.64728916
   0.65897995  0.91453034  1.1267059  -0.30702198  0.47617215  0.20228767
   1.6269348   0.5797467   1.0916966   1.3194336   1.5488291   0.7985944 ]], shape=(1, 18), dtype=float32)"
1287,[10 2 5 4 4 5 0 0 0 4 0 0 1 0 0 4 0 0 0 0 0 0 0 0 0],"tf.Tensor([2.4827995 1.1803979 1.2386246 1.5270994 1.2471532 3.       ], shape=(6,), dtype=float32)",0.1,[10 3 5 4 4 5 4 0 0 0 0 0 1 0 0 4 0 0 0 0 0 0 0 0 0],False,"tf.Tensor(
[[ 2.4827995   1.1803979   1.2386246   1.5270994   1.2471532   0.7767637
   0.7342382   1.0506893   1.738064   -0.38980204  0.5102191   0.03070075
   1.5909905   0.19850498  1.071891    1.7210535   1.5787885   0.69692   ]], shape=(1, 18), dtype=float32)"
1288,[10 3 5 4 4 5 4 0 0 0 0 0 1 0 0 4 0 0 0 0 0 0 0 0 0],"tf.Tensor([ 2.345861   1.0531151  1.3525581  1.8000021  1.4158455 10.       ], shape=(6,), dtype=float32)",0.0,[11 1 0 0 0 0 0 5 4 5 4 5 1 0 0 4 0 0 0 0 0 0 0 0 0],False,"tf.Tensor(
[[ 2.345861    1.0531151   1.3525581   1.8000021   1.4158455   0.56748605
   0.5091892   0.97872174  1.6413859  -0.26616746  0.6316166  -0.14364
   1.6619141  -0.30329943  1.2344246   2.3111417   0.8912511   1.1690834 ]], shape=(1, 18), dtype=float32)"
1289,[11 1 0 0 0 0 0 5 4 5 4 5 1 0 0 4 0 0 0 0 0 0 0 0 0],[0 1 1 0 0 1],0.2,[11 2 1 3 0 0 0 1 0 0 5 5 1 0 0 4 0 0 0 0 0 0 0 0 0],False,"tf.Tensor(
[[ 2.5749917   1.5114851   1.0852916   1.3957806   1.7872653   1.1182407
   1.0605165   1.0110074   1.8703166  -0.58434755  0.4341837   0.11342321
   2.0669045   1.0072607   1.0917554   1.6361735   1.9647428   0.5345998 ]], shape=(1, 18), dtype=float32)"
1290,[11 2 1 3 0 0 0 1 0 0 5 5 1 0 0 4 0 0 0 0 0 0 0 0 0],"tf.Tensor([ 2.2461994  1.0081682  0.9764121  1.1986922  1.3810959 10.       ], shape=(6,), dtype=float32)",0.30000000000000004,[11 3 1 3 1 5 5 0 0 0 0 0 1 0 0 4 0 0 0 0 0 0 0 0 0],False,"tf.Tensor(
[[ 2.2461994   1.0081682   0.9764121   1.1986922   1.3810959   0.65710837
   0.53819     1.0389774   1.7579787  -0.01818985  0.47129196  0.24921946
   1.1555192   0.22993831  1.0018431   1.7815213   1.0165095   0.73021346]], shape=(1, 18), dtype=float32)"
1291,[11 3 1 3 1 5 5 0 0 0 0 0 1 0 0 4 0 0 0 0 0 0 0 0 0],[0 0 1 0 1 5],0.0,[12 1 0 0 0 0 0 6 1 3 2 3 1 0 0 4 0 0 0 0 0 0 0 0 0],False,"tf.Tensor(
[[ 2.0325305   1.011007    1.0298221   1.4246929   1.3234441   0.7877313
   0.5066707   0.7039118   1.6221709  -0.17510009  0.3927156   0.04235488
   1.4008405   0.26791048  0.75696903  1.8132674   0.87936175  0.9893708 ]], shape=(1, 18), dtype=float32)"
1292,[12 1 0 0 0 0 0 6 1 3 2 3 1 0 0 4 0 0 0 0 0 0 0 0 0],"tf.Tensor([2.2210107  1.2393394  0.69112116 1.4137689  1.4701036  7.        ], shape=(6,), dtype=float32)",0.4,[12 2 1 5 2 2 0 0 0 2 0 0 1 0 0 4 0 0 0 0 0 0 0 0 0],False,"tf.Tensor(
[[ 2.2210107   1.2393394   0.69112116  1.4137689   1.4701036   0.9706857
   0.76594394  0.89011776  1.3238035  -0.38882858  0.1596748   0.10148264
   1.8726068   0.7258913   1.1607602   1.568141    1.6670119   0.80166554]], shape=(1, 18), dtype=float32)"
1293,[12 2 1 5 2 2 0 0 0 2 0 0 1 0 0 4 0 0 0 0 0 0 0 0 0],"tf.Tensor([ 1.962975   0.9033333  1.0807405  1.0850737  1.3856981 10.       ], shape=(6,), dtype=float32)",0.1,[12 3 1 5 2 2 2 0 0 0 0 0 1 0 0 4 0 0 0 0 0 0 0 0 0],False,"tf.Tensor(
[[ 1.962975    0.9033333   1.0807405   1.0850737   1.3856981   0.66906506
   0.7506568   0.99519956  1.6164081  -0.2752074   0.3019727   0.2177795
   1.3961334   0.17253207  0.70831746  1.6591728   1.1542163   0.53685963]], shape=(1, 18), dtype=float32)"
1294,[12 3 1 5 2 2 2 0 0 0 0 0 1 0 0 4 0 0 0 0 0 0 0 0 0],"tf.Tensor([ 2.1212919  1.0592724  1.1262183  1.2304051  1.4311949 10.       ], shape=(6,), dtype=float32)",0.0,[13 1 0 0 0 0 0 1 5 2 2 2 1 0 0 4 0 0 0 0 0 0 0 0 0],False,"tf.Tensor(
[[ 2.1212919   1.0592724   1.1262183   1.2304051   1.4311949   0.70122564
   0.4550904   0.99906945  1.7441099  -0.10657988  0.3757863   0.11974123
   1.4254391   0.17337413  0.74138373  1.8889912   0.9256244   0.7967928 ]], shape=(1, 18), dtype=float32)"
1295,[13 1 0 0 0 0 0 1 5 2 2 2 1 0 0 4 0 0 0 0 0 0 0 0 0],"tf.Tensor([2.287716   1.3370432  0.90950733 1.5304635  1.9606773  7.        ], shape=(6,), dtype=float32)",0.5,[13 2 5 1 1 3 4 0 0 0 0 0 1 0 0 4 0 0 0 0 0 0 0 0 0],False,"tf.Tensor(
[[ 2.287716    1.3370432   0.90950733  1.5304635   1.9606773   0.74534357
   0.814065    0.9588605   1.582095   -0.2953226   0.37009996  0.20132741
   1.951832    0.73037434  0.7568616   1.7050452   1.5067786   0.8650232 ]], shape=(1, 18), dtype=float32)"
1296,[13 2 5 1 1 3 4 0 0 0 0 0 1 0 0 4 0 0 0 0 0 0 0 0 0],"tf.Tensor([ 2.192954   1.1124196  0.8336626  1.6947602  1.6400181 10.       ], shape=(6,), dtype=float32)",0.0,[13 3 5 1 1 3 4 0 0 0 0 0 1 0 0 4 0 0 0 0 0 0 0 0 0],False,"tf.Tensor(
[[ 2.192954    1.1124196   0.8336626   1.6947602   1.6400181   0.9120738
   0.5971212   0.67146444  1.4685434  -0.31715846  0.17987262  0.0448726
   1.7796853   0.38663277  0.9013949   1.9726696   1.2919879   1.183777  ]], shape=(1, 18), dtype=float32)"
1297,[13 3 5 1 1 3 4 0 0 0 0 0 1 0 0 4 0 0 0 0 0 0 0 0 0],"tf.Tensor([ 2.2716312   1.1502095   0.93247646  1.6708276   1.6802596  10.        ], shape=(6,), dtype=float32)",0.0,[14 1 0 0 0 0 0 5 1 1 3 4 1 0 0 4 0 0 0 0 0 0 0 0 0],True,"tf.Tensor(
[[ 2.2716312   1.1502095   0.93247646  1.6708276   1.6802596   0.92725897
   0.59676224  0.7110597   1.6136122  -0.27725333  0.22885881  0.02294382
   1.8030826   0.40948153  0.9191556   1.9522108   1.3074387   1.1299175 ]], shape=(1, 18), dtype=float32)"
1298,[1 1 0 0 0 0 0 5 1 4 3 3 0 0 0 0 0 0 0 0 0 0 0 0 0],"tf.Tensor([ 1.1295283   1.2280018   0.8326967   0.49944243  1.320497   11.        ], shape=(6,), dtype=float32)",0.30000000000000004,[1 2 5 1 3 0 0 0 0 4 1 0 0 0 0 0 0 0 0 0 0 0 0 0 0],False,"tf.Tensor(
[[ 1.1295283   1.2280018   0.8326967   0.49944243  1.320497    0.5628327
   0.43887275  0.224378    1.2564138  -0.22535945  0.2729423   0.01890881
   1.2455062   0.6441774   0.8185441   0.6706747   1.2585113  -0.05335876]], shape=(1, 18), dtype=float32)"
1299,[1 2 5 1 3 0 0 0 0 4 1 0 0 0 0 0 0 0 0 0 0 0 0 0 0],"tf.Tensor([1.251114   1.2001579  0.73019326 0.6949238  1.2230777  3.        ], shape=(6,), dtype=float32)",0.0,[1 3 5 1 3 0 0 0 0 4 4 0 0 0 0 0 0 0 0 0 0 0 0 0 0],False,"tf.Tensor(
[[ 1.251114    1.2001579   0.73019326  0.6949238   1.2230777   0.34576687
   0.46266544  0.14704162  1.2499946  -0.02308214  0.34712458 -0.09851858
   1.1064144   0.5646707   0.8653566   1.1683463   0.8939997   0.2686358 ]], shape=(1, 18), dtype=float32)"
1300,[1 3 5 1 3 0 0 0 0 4 4 0 0 0 0 0 0 0 0 0 0 0 0 0 0],"tf.Tensor([1.3133314 1.4720644 0.6306236 0.6935641 1.5070454 3.       ], shape=(6,), dtype=float32)",0.0,[2 1 0 0 0 0 0 5 1 4 3 3 0 0 0 0 0 0 0 0 0 0 0 0 0],False,"tf.Tensor(
[[ 1.3133314   1.4720644   0.6306236   0.6935641   1.5070454   0.4555483
   0.6352581   0.00595497  1.3554809  -0.10605885  0.30026886  0.01998252
   1.1916475   0.94656456  0.90688825  1.1759061   1.2854333   0.15597787]], shape=(1, 18), dtype=float32)"
1301,[2 1 0 0 0 0 0 5 1 4 3 3 0 0 0 0 0 0 0 0 0 0 0 0 0],"tf.Tensor([1.3134828  1.2461759  0.83320105 0.5275197  1.3332568  3.        ], shape=(6,), dtype=float32)",0.30000000000000004,[2 2 6 6 1 0 0 0 0 3 2 0 0 0 0 0 0 0 0 0 0 0 0 0 0],False,"tf.Tensor(
[[ 1.3134828   1.2461759   0.83320105  0.5275197   1.3332568   0.7090496
   0.58008015  0.29620534  1.3796895  -0.24502765  0.24293986  0.0062497
   1.3209352   0.81506765  0.7967885   0.73690367  1.3606257  -0.03862076]], shape=(1, 18), dtype=float32)"
1302,[2 2 6 6 1 0 0 0 0 3 2 0 0 0 0 0 0 0 0 0 0 0 0 0 0],"tf.Tensor([ 1.4879832  1.3999949  1.0628847  0.7235866  1.2973757 10.       ], shape=(6,), dtype=float32)",0.1,[2 3 6 6 1 3 0 0 0 0 2 0 0 0 0 0 0 0 0 0 0 0 0 0 0],False,"tf.Tensor(
[[ 1.4879832   1.3999949   1.0628847   0.7235866   1.2973757   0.07963794
   0.6030647   0.15603979  1.2890072  -0.01473187  0.52409077  0.0289264
   1.320295    0.8134558   0.8466392   1.6591692   0.86878794  0.20442685]], shape=(1, 18), dtype=float32)"
1303,[2 3 6 6 1 3 0 0 0 0 2 0 0 0 0 0 0 0 0 0 0 0 0 0 0],[0 0 1 0 1 8],0.0,[3 1 0 0 0 0 0 6 6 6 1 1 0 0 0 0 0 0 0 0 0 0 0 0 0],False,"tf.Tensor(
[[ 1.3055851   0.93055135  0.97043145  0.9456317   1.4210753   0.22651564
   0.5827719   0.4216093   1.3151631  -0.00747406  0.46739295 -0.13939676
   1.2815424   0.1064606   0.93402076  1.4043983   0.71524554  0.46948665]], shape=(1, 18), dtype=float32)"
1304,[3 1 0 0 0 0 0 6 6 6 1 1 0 0 0 0 0 0 0 0 0 0 0 0 0],[1 0 1 1 1 6],0.4,[3 2 4 5 1 1 0 0 4 0 0 0 0 0 0 0 0 0 0 0 0 0 0 0 0],False,"tf.Tensor(
[[ 1.9639332   1.1482352   1.2265319   1.5257251   1.248174    0.37134808
   0.38105696  0.7753468   1.1179073  -0.20073146  0.7956346  -0.14102863
   1.6213045   0.34711194  0.868913    1.6578485   1.088532    0.636454  ]], shape=(1, 18), dtype=float32)"
1305,[3 2 4 5 1 1 0 0 4 0 0 0 0 0 0 0 0 0 0 0 0 0 0 0 0],"tf.Tensor([1.7111514  0.90666324 1.4542975  1.1076149  1.4718467  3.        ], shape=(6,), dtype=float32)",0.1,[3 3 4 5 1 1 4 0 0 0 0 0 0 0 0 0 0 0 0 0 0 0 0 0 0],False,"tf.Tensor(
[[ 1.7111514   0.90666324  1.4542975   1.1076149   1.4718467   0.51711535
   1.0624127   0.54061204  1.8020868  -0.19606803  0.47511393 -0.36675492
   1.4092352   0.07387112  0.8885675   1.7527635   1.0044938   0.34597474]], shape=(1, 18), dtype=float32)"
1306,[3 3 4 5 1 1 4 0 0 0 0 0 0 0 0 0 0 0 0 0 0 0 0 0 0],"tf.Tensor([1.5964379 1.1240247 1.3311567 1.123726  1.2893475 3.       ], shape=(6,), dtype=float32)",16.0,[4 1 0 0 0 0 0 4 2 5 1 1 0 0 0 8 0 0 0 0 0 0 0 0 0],False,"tf.Tensor(
[[ 1.5964379   1.1240247   1.3311567   1.123726    1.2893475   0.28535017
   0.36855102  0.5708275   1.5416994   0.12414679  0.5922428  -0.50699705
   1.3279759   0.15163758  0.99918866  1.4037282   0.7449131   0.40039784]], shape=(1, 18), dtype=float32)"
1307,[4 1 0 0 0 0 0 4 2 5 1 1 0 0 0 8 0 0 0 0 0 0 0 0 0],"tf.Tensor([0.91689515 1.1234313  0.1017212  0.9051982  0.40577683 2.        ], shape=(6,), dtype=float32)",0.30000000000000004,[4 2 6 4 6 0 0 0 0 3 0 1 0 0 0 8 0 0 0 0 0 0 0 0 0],False,"tf.Tensor(
[[ 0.91689515  1.1234313   0.1017212   0.9051982   0.40577683  0.27693573
  -0.57556313  0.860647    0.2280103  -0.24219216  0.22137615 -0.30797702
   0.7444163  -0.05743164  0.67294353  0.5003617   0.8173941   0.2839049 ]], shape=(1, 18), dtype=float32)"
1308,[4 2 6 4 6 0 0 0 0 3 0 1 0 0 0 8 0 0 0 0 0 0 0 0 0],"tf.Tensor([ 1.6541977   0.9159758   0.5567864   1.405715    0.80002105 10.        ], shape=(6,), dtype=float32)",0.0,[4 3 6 4 6 0 0 0 0 5 0 5 0 0 0 8 0 0 0 0 0 0 0 0 0],False,"tf.Tensor(
[[ 1.6541977   0.9159758   0.5567864   1.405715    0.80002105  0.39616755
  -0.09066889  0.8567267   0.6015938  -0.32191533  0.37610465 -0.06740429
   1.1532298  -0.21842532  0.8620655   1.375046    0.9009012   0.9197415 ]], shape=(1, 18), dtype=float32)"
1309,[4 3 6 4 6 0 0 0 0 5 0 5 0 0 0 8 0 0 0 0 0 0 0 0 0],"tf.Tensor([ 1.8292813  1.1480018  0.7705103  1.2802337  0.9840803 10.       ], shape=(6,), dtype=float32)",0.0,[5 1 0 0 0 0 0 6 4 5 6 1 0 0 0 8 0 0 0 0 0 0 0 0 0],False,"tf.Tensor(
[[ 1.8292813   1.1480018   0.7705103   1.2802337   0.9840803   0.29387784
   0.21909744  0.99925596  1.0044867  -0.14736517  0.5158017   0.06790578
   1.1950788   0.04750979  0.989075    1.5019141   0.8892527   0.7777448 ]], shape=(1, 18), dtype=float32)"
1310,[5 1 0 0 0 0 0 6 4 5 6 1 0 0 0 8 0 0 0 0 0 0 0 0 0],"tf.Tensor([1.4221957  1.1833694  0.5606358  1.3576659  0.83164346 7.        ], shape=(6,), dtype=float32)",0.30000000000000004,[5 2 5 5 2 0 0 0 0 4 0 2 0 0 0 8 0 0 0 0 0 0 0 0 0],False,"tf.Tensor(
[[ 1.4221957   1.1833694   0.5606358   1.3576659   0.83164346  0.2906782
  -0.3462188   0.7968331   0.618883   -0.02916523  0.29673588 -0.4468296
   1.2712834  -0.01035942  0.9863438   1.1483235   0.81354547  0.7318153 ]], shape=(1, 18), dtype=float32)"
1311,[5 2 5 5 2 0 0 0 0 4 0 2 0 0 0 8 0 0 0 0 0 0 0 0 0],[1 1 1 1 0 6],0.1,[5 3 5 5 2 4 0 0 0 0 0 4 0 0 0 8 0 0 0 0 0 0 0 0 0],False,"tf.Tensor(
[[ 1.2248418   0.97067773  0.39769068  0.84851533  0.76531225  0.33222425
  -0.09710944  0.9630411   0.55578107 -0.33016604  0.21869382  0.00527931
   0.9712693   0.07204182  0.5284057   0.74470913  1.0090665   0.2803269 ]], shape=(1, 18), dtype=float32)"
1312,[5 3 5 5 2 4 0 0 0 0 0 4 0 0 0 8 0 0 0 0 0 0 0 0 0],"tf.Tensor([ 1.4167899   0.90019363  0.7599127   1.1753074   0.78369987 10.        ], shape=(6,), dtype=float32)",0.0,[6 1 0 0 0 0 0 5 5 2 2 5 0 0 0 8 0 0 0 0 0 0 0 0 0],False,"tf.Tensor(
[[ 1.4167899   0.90019363  0.7599127   1.1753074   0.78369987  0.03693243
  -0.00593519  1.1599842   0.59019434 -0.19669367  0.48019308 -0.12908812
   0.9910592  -0.38995126  0.8163418   1.3152759   0.7969279   0.48668528]], shape=(1, 18), dtype=float32)"
1313,[6 1 0 0 0 0 0 5 5 2 2 5 0 0 0 8 0 0 0 0 0 0 0 0 0],"tf.Tensor([1.3818772  1.3826871  0.86343086 1.1399899  0.9812895  7.        ], shape=(6,), dtype=float32)",0.4,[6 2 3 3 1 4 0 0 0 3 0 0 0 0 0 8 0 0 0 0 0 0 0 0 0],False,"tf.Tensor(
[[ 1.3818772   1.3826871   0.86343086  1.1399899   0.9812895   0.21577981
  -0.20686686  1.0242513   0.92341083 -0.04743763  0.19431812 -0.69591725
   1.2883694  -0.12806681  1.1685662   1.0555199   1.0376443   0.30911195]], shape=(1, 18), dtype=float32)"
1314,[6 2 3 3 1 4 0 0 0 3 0 0 0 0 0 8 0 0 0 0 0 0 0 0 0],"tf.Tensor([ 0.931569    0.9837436   0.04303271  0.8628095   0.6168879  11.        ], shape=(6,), dtype=float32)",0.0,[6 3 3 3 1 4 0 0 0 3 0 0 0 0 0 8 0 0 0 0 0 0 0 0 0],False,"tf.Tensor(
[[ 0.931569    0.9837436   0.04303271  0.8628095   0.6168879   0.35101074
  -0.27879584  0.72024435  0.2947454  -0.30030677  0.05234493 -0.19256778
   0.87512714  0.06034242  0.5184599   0.62854356  0.8758402   0.38271987]], shape=(1, 18), dtype=float32)"
1315,[6 3 3 3 1 4 0 0 0 3 0 0 0 0 0 8 0 0 0 0 0 0 0 0 0],"tf.Tensor([ 0.97637326  1.0379428   0.07835017  0.89355123  0.6257296  11.        ], shape=(6,), dtype=float32)",0.0,[7 1 0 0 0 0 0 3 3 5 1 4 0 0 0 8 0 0 0 0 0 0 0 0 0],False,"tf.Tensor(
[[ 0.97637326  1.0379428   0.07835017  0.89355123  0.6257296   0.34509686
  -0.31417644  0.7812764   0.31306326 -0.2854985   0.05601999 -0.2192933
   0.9113022   0.04899717  0.5764166   0.64153606  0.9153159   0.37437236]], shape=(1, 18), dtype=float32)"
1316,[7 1 0 0 0 0 0 3 3 5 1 4 0 0 0 8 0 0 0 0 0 0 0 0 0],"tf.Tensor([1.3611094  1.1224964  0.56100166 1.1004514  0.59280664 7.        ], shape=(6,), dtype=float32)",0.30000000000000004,[7 2 5 5 3 0 0 0 0 2 0 3 0 0 0 8 0 0 0 0 0 0 0 0 0],False,"tf.Tensor(
[[ 1.3611094   1.1224964   0.56100166  1.1004514   0.59280664  0.19986057
  -0.30112082  0.9621883   0.5992787  -0.10915124  0.34834772 -0.22103626
   0.99787444 -0.09298144  0.8629183   0.8517507   0.87075156  0.49047452]], shape=(1, 18), dtype=float32)"
1317,[7 2 5 5 3 0 0 0 0 2 0 3 0 0 0 8 0 0 0 0 0 0 0 0 0],"tf.Tensor([1.3658185  0.87366706 0.5489553  1.0532875  0.83764106 7.        ], shape=(6,), dtype=float32)",0.0,[7 3 5 5 3 0 0 0 0 6 0 6 0 0 0 8 0 0 0 0 0 0 0 0 0],False,"tf.Tensor(
[[ 1.3658185   0.87366706  0.5489553   1.0532875   0.83764106  0.24875155
   0.01257318  1.0210689   0.5673087  -0.1723908   0.20800883  0.01586295
   1.0953385  -0.1073503   0.77231455  1.0247527   0.9919334   0.49831343]], shape=(1, 18), dtype=float32)"
1318,[7 3 5 5 3 0 0 0 0 6 0 6 0 0 0 8 0 0 0 0 0 0 0 0 0],"tf.Tensor([1.8964807  1.1773098  0.84810555 1.0285059  1.126256   3.        ], shape=(6,), dtype=float32)",-16.0,[8 1 0 0 0 0 0 5 5 1 3 1 0 0 0 0 0 0 0 0 0 0 0 0 0],False,"tf.Tensor(
[[ 1.8964807   1.1773098   0.84810555  1.0285059   1.126256    0.35689628
   0.25357616  1.1302443   1.2361606  -0.15511115  0.52984375  0.25021508
   1.1521292   0.3105395   0.6987379   1.1028064   1.1797549   0.4027229 ]], shape=(1, 18), dtype=float32)"
1319,[8 1 0 0 0 0 0 5 5 1 3 1 0 0 0 0 0 0 0 0 0 0 0 0 0],"tf.Tensor([2.0542455 1.4503769 0.8117397 1.4128407 1.6225134 7.       ], shape=(6,), dtype=float32)",0.4,[8 2 6 6 4 3 0 0 0 3 0 0 0 0 0 0 0 0 0 0 0 0 0 0 0],False,"tf.Tensor(
[[ 2.0542455   1.4503769   0.8117397   1.4128407   1.6225134   0.72028923
   0.7345156   0.7938006   1.5168766  -0.21645923  0.5683718  -0.0413193
   1.6404506   1.1768544   0.8360548   1.2188097   1.534023    0.44174677]], shape=(1, 18), dtype=float32)"
1320,[8 2 6 6 4 3 0 0 0 3 0 0 0 0 0 0 0 0 0 0 0 0 0 0 0],"tf.Tensor([2.3308735 1.423004  1.5763161 1.3906019 1.813146  3.       ], shape=(6,), dtype=float32)",0.1,[8 3 6 6 4 3 3 0 0 0 0 0 0 0 0 0 0 0 0 0 0 0 0 0 0],False,"tf.Tensor(
[[ 2.3308735   1.423004    1.5763161   1.3906019   1.813146    0.5276557
   0.9165797   0.96184146  2.1543005  -0.20079832  0.65645087 -0.15873504
   1.7353072   0.19808196  1.1241587   1.9920524   1.2575976   0.578663  ]], shape=(1, 18), dtype=float32)"
1321,[8 3 6 6 4 3 3 0 0 0 0 0 0 0 0 0 0 0 0 0 0 0 0 0 0],"tf.Tensor([ 2.4028609  1.4867496  1.7521055  1.6555486  2.0796597 10.       ], shape=(6,), dtype=float32)",0.0,[9 1 0 0 0 0 0 6 6 5 4 3 0 0 0 0 0 0 0 0 0 0 0 0 0],False,"tf.Tensor(
[[ 2.4028609   1.4867496   1.7521055   1.6555486   2.0796597   0.35942382
   0.74358547  1.0223064   2.0786784  -0.12359919  0.7514077  -0.2814548
   2.0077252  -0.0636401   1.3178492   2.3098032   1.1254864   0.84373695]], shape=(1, 18), dtype=float32)"
1322,[9 1 0 0 0 0 0 6 6 5 4 3 0 0 0 0 0 0 0 0 0 0 0 0 0],[1 0 1 1 1 6],0.4,[9 2 6 3 3 6 0 0 5 0 0 0 0 0 0 0 0 0 0 0 0 0 0 0 0],False,"tf.Tensor(
[[ 2.5399594  1.8026819  1.1185083  1.5985271  2.1163876  1.0774279
   1.2003263  0.720208   1.9354789 -0.5098307  0.5364085  0.1275269
   2.2334156  1.5571339  1.0495747  1.6860664  2.2589724  0.4196378]], shape=(1, 18), dtype=float32)"
1323,[9 2 6 3 3 6 0 0 5 0 0 0 0 0 0 0 0 0 0 0 0 0 0 0 0],"tf.Tensor([ 2.4096034  1.201802   1.6301874  1.7488207  2.252522  10.       ], shape=(6,), dtype=float32)",0.1,[9 3 6 3 3 6 5 0 0 0 0 0 0 0 0 0 0 0 0 0 0 0 0 0 0],False,"tf.Tensor(
[[ 2.4096034   1.201802    1.6301874   1.7488207   2.252522    0.5456262
   1.1600689   1.062723    1.8537081  -0.50661653  0.64274085  0.02150485
   2.2656136   0.01791773  1.131322    2.2935946   1.4713104   0.8993982 ]], shape=(1, 18), dtype=float32)"
1324,[9 3 6 3 3 6 5 0 0 0 0 0 0 0 0 0 0 0 0 0 0 0 0 0 0],"tf.Tensor([2.3927095 1.6161169 1.510548  1.6843926 2.3034067 7.       ], shape=(6,), dtype=float32)",0.0,[10 1 0 0 0 0 0 6 3 3 3 6 0 0 0 0 0 0 0 0 0 0 0 0 0],False,"tf.Tensor(
[[ 2.3927095   1.6161169   1.510548    1.6843926   2.3034067   0.51499194
   0.68609524  0.8518266   1.9877594  -0.24336927  0.70156235 -0.14959268
   2.2456346   0.24946924  1.2030215   2.1972246   1.3245803   0.923135  ]], shape=(1, 18), dtype=float32)"
1325,[10 1 0 0 0 0 0 6 3 3 3 6 0 0 0 0 0 0 0 0 0 0 0 0 0],"tf.Tensor([2.4725208 1.8535007 1.1558038 1.050872  1.9905055 7.       ], shape=(6,), dtype=float32)",0.5,[10 2 4 1 6 5 2 0 0 0 0 0 0 0 0 0 0 0 0 0 0 0 0 0 0],False,"tf.Tensor(
[[ 2.4725208   1.8535007   1.1558038   1.050872    1.9905055   1.1418903
   1.1390021   0.9555982   2.1056364  -0.43533906  0.41398153  0.03538986
   2.118984    1.4567621   1.102007    1.4809333   1.9670702   0.21128453]], shape=(1, 18), dtype=float32)"
1326,[10 2 4 1 6 5 2 0 0 0 0 0 0 0 0 0 0 0 0 0 0 0 0 0 0],"tf.Tensor([ 2.2814288  1.148614   1.3977416  1.7352313  1.6660564 10.       ], shape=(6,), dtype=float32)",0.0,[10 3 4 1 6 5 2 0 0 0 0 0 0 0 0 0 0 0 0 0 0 0 0 0 0],False,"tf.Tensor(
[[ 2.2814288   1.148614    1.3977416   1.7352313   1.6660564   0.21911722
   0.79217833  1.1766276   1.4772929  -0.45338064  0.88214093  0.24189703
   1.784558   -0.30280837  1.0858492   2.4968038   0.8981315   1.0938565 ]], shape=(1, 18), dtype=float32)"
1327,[10 3 4 1 6 5 2 0 0 0 0 0 0 0 0 0 0 0 0 0 0 0 0 0 0],[0 0 1 0 1 2],0.0,[11 1 0 0 0 0 0 4 1 6 5 2 0 0 0 0 0 0 0 0 0 0 0 0 0],False,"tf.Tensor(
[[ 2.3389912   1.1546187   1.5029794   1.744763    1.7088231   0.23987576
   0.80559397  1.1849023   1.6004256  -0.43572867  0.90984327  0.19742464
   1.8080108  -0.33224633  1.1235601   2.534269    0.89343375  1.0804504 ]], shape=(1, 18), dtype=float32)"
1328,[11 1 0 0 0 0 0 4 1 6 5 2 0 0 0 0 0 0 0 0 0 0 0 0 0],"tf.Tensor([ 2.5792809  1.657568   1.1241462  1.5245159  1.8302379 11.       ], shape=(6,), dtype=float32)",0.5,[11 2 5 6 2 2 2 0 0 0 0 0 0 0 0 0 0 0 0 0 0 0 0 0 0],False,"tf.Tensor(
[[ 2.5792809   1.657568    1.1241462   1.5245159   1.8302379   1.2016027
   1.3872197   0.63857955  2.0525913  -0.44781578  0.1764662   0.16160327
   2.0325763   1.6253307   1.0233278   1.7155067   2.378739    0.35160595]], shape=(1, 18), dtype=float32)"
1329,[11 2 5 6 2 2 2 0 0 0 0 0 0 0 0 0 0 0 0 0 0 0 0 0 0],"tf.Tensor([ 2.499199   1.3199209  1.512524   1.4984626  1.9879667 10.       ], shape=(6,), dtype=float32)",0.0,[11 3 5 6 2 2 2 0 0 0 0 0 0 0 0 0 0 0 0 0 0 0 0 0 0],False,"tf.Tensor(
[[ 2.499199    1.3199209   1.512524    1.4984626   1.9879667   0.799101
   1.0862595   0.97696215  2.2008326  -0.31642342  0.56920505  0.03564886
   1.8582863   0.38325375  0.8280235   2.2677245   1.2626595   0.79522455]], shape=(1, 18), dtype=float32)"
1330,[11 3 5 6 2 2 2 0 0 0 0 0 0 0 0 0 0 0 0 0 0 0 0 0 0],"tf.Tensor([2.5815089 1.3636243 1.6153996 1.4817061 2.055754  3.       ], shape=(6,), dtype=float32)",0.0,[12 1 0 0 0 0 0 5 6 2 2 2 0 0 0 0 0 0 0 0 0 0 0 0 0],False,"tf.Tensor(
[[ 2.5815089   1.3636243   1.6153996   1.4817061   2.055754    0.8193052
   1.1118131   1.0101024   2.3578122  -0.2944015   0.5979231   0.01318266
   1.8760183   0.40211242  0.86060685  2.2661567   1.3022163   0.73767895]], shape=(1, 18), dtype=float32)"
1331,[12 1 0 0 0 0 0 5 6 2 2 2 0 0 0 0 0 0 0 0 0 0 0 0 0],"tf.Tensor([2.7277668 1.7154988 1.0220149 1.83652   2.3298063 7.       ], shape=(6,), dtype=float32)",0.5,[12 2 5 4 4 5 3 0 0 0 0 0 0 0 0 0 0 0 0 0 0 0 0 0 0],False,"tf.Tensor(
[[ 2.7277668   1.7154988   1.0220149   1.83652     2.3298063   1.0113679
   1.1505632   1.0148131   1.9605795  -0.38290882  0.76688963  0.09637422
   2.266308    1.5637889   0.9616125   1.7411933   2.0752974   0.5975799 ]], shape=(1, 18), dtype=float32)"
1332,[12 2 5 4 4 5 3 0 0 0 0 0 0 0 0 0 0 0 0 0 0 0 0 0 0],"tf.Tensor([ 2.7690058  1.4398165  1.5841612  1.8171983  2.1318812 10.       ], shape=(6,), dtype=float32)",0.0,[12 3 5 4 4 5 3 0 0 0 0 0 0 0 0 0 0 0 0 0 0 0 0 0 0],False,"tf.Tensor(
[[ 2.7690058   1.4398165   1.5841612   1.8171983   2.1318812   0.75337154
   1.07319     1.1251158   2.17396    -0.55643255  0.7561137   0.15844975
   2.1066687   0.13459148  1.045887    2.6350443   1.3613737   1.0599245 ]], shape=(1, 18), dtype=float32)"
1333,[12 3 5 4 4 5 3 0 0 0 0 0 0 0 0 0 0 0 0 0 0 0 0 0 0],"tf.Tensor([ 2.815823   1.4323393  1.6944375  1.8152473  2.1971533 10.       ], shape=(6,), dtype=float32)",0.0,[13 1 0 0 0 0 0 5 4 4 5 3 0 0 0 0 0 0 0 0 0 0 0 0 0],False,"tf.Tensor(
[[ 2.815823    1.4323393   1.6944375   1.8152473   2.1971533   0.7789492
   1.0992037   1.1185211   2.3172598  -0.53480256  0.7741315   0.11185014
   2.1322868   0.09622054  1.0848856   2.6791747   1.3442886   1.047631  ]], shape=(1, 18), dtype=float32)"
1334,[13 1 0 0 0 0 0 5 4 4 5 3 0 0 0 0 0 0 0 0 0 0 0 0 0],[1 0 0 0 0 3],0.1,[13 2 1 0 0 0 0 0 4 1 5 5 0 0 0 0 0 0 0 0 0 0 0 0 0],False,"tf.Tensor(
[[ 3.0736668   1.9629904   1.2766883   1.8389091   2.3521821   1.2887094
   1.4037006   0.95494956  2.3902504  -0.46290576  0.49728614  0.16997495
   2.4095206   1.7805825   1.1446695   1.8843465   2.64149     0.46660507]], shape=(1, 18), dtype=float32)"
1335,[13 2 1 0 0 0 0 0 4 1 5 5 0 0 0 0 0 0 0 0 0 0 0 0 0],"tf.Tensor([3.003718  1.8401673 1.6011821 1.5854102 2.185417  3.       ], shape=(6,), dtype=float32)",0.4,[13 3 1 4 1 5 5 0 0 0 0 0 0 0 0 0 0 0 0 0 0 0 0 0 0],False,"tf.Tensor(
[[ 3.003718    1.8401673   1.6011821   1.5854102   2.185417    0.98396623
   0.83630145  1.1059909   2.4571514  -0.27984065  0.78310233  0.17896754
   2.0947907   1.0333011   0.9886411   1.8509184   2.0273957   0.5119154 ]], shape=(1, 18), dtype=float32)"
1336,[13 3 1 4 1 5 5 0 0 0 0 0 0 0 0 0 0 0 0 0 0 0 0 0 0],"tf.Tensor([ 2.7086241  1.4910864  1.5994532  1.5936413  1.9328928 10.       ], shape=(6,), dtype=float32)",0.0,[14 1 0 0 0 0 0 1 1 5 4 2 0 0 0 0 0 0 0 0 0 0 0 0 0],True,"tf.Tensor(
[[ 2.7086241   1.4910864   1.5994532   1.5936413   1.9328928   0.8794239
   1.1824526   1.0993962   2.3617926  -0.27926147  0.72652066  0.2412854
   2.0264974   0.6745777   0.70676965  2.3739767   1.3198395   0.9022287 ]], shape=(1, 18), dtype=float32)"
1337,[1 1 0 0 0 0 0 4 2 1 6 5 0 0 0 0 0 0 0 0 0 0 0 0 0],"tf.Tensor([1.1173091  1.1322942  0.79435974 0.36736122 1.2702613  3.        ], shape=(6,), dtype=float32)",0.30000000000000004,[1 2 4 2 5 0 0 0 0 6 1 0 0 0 0 0 0 0 0 0 0 0 0 0 0],False,"tf.Tensor(
[[ 1.1173091   1.1322942   0.79435974  0.36736122  1.2702613   0.7517214
   1.0884204   0.01491191  1.6269903  -0.5014341   0.28082925  0.11040616
   1.1121976   0.6998725   0.82245433  0.8112345   1.3705493  -0.15757482]], shape=(1, 18), dtype=float32)"
1338,[1 2 4 2 5 0 0 0 0 6 1 0 0 0 0 0 0 0 0 0 0 0 0 0 0],"tf.Tensor([ 1.4750936   1.5814712   0.9391643   0.84220535  1.3202732  10.        ], shape=(6,), dtype=float32)",0.1,[1 3 4 2 5 6 0 0 0 0 6 0 0 0 0 0 0 0 0 0 0 0 0 0 0],False,"tf.Tensor(
[[ 1.4750936   1.5814712   0.9391643   0.84220535  1.3202732   0.16531453
   0.20225827  0.19642356  1.1666749   0.05183945  0.44719216 -0.0926187
   1.3541675   0.79697406  0.8854811   1.5287054   0.73084635  0.43696803]], shape=(1, 18), dtype=float32)"
1339,[1 3 4 2 5 6 0 0 0 0 6 0 0 0 0 0 0 0 0 0 0 0 0 0 0],"tf.Tensor([ 1.0786495   0.95099473  0.92737305  1.1594163   1.3264492  10.        ], shape=(6,), dtype=float32)",0.0,[2 1 0 0 0 0 0 4 2 1 6 5 0 0 0 0 0 0 0 0 0 0 0 0 0],False,"tf.Tensor(
[[ 1.0786495   0.95099473  0.92737305  1.1594163   1.3264492   0.14858498
   0.73895895  0.16784717  1.062941   -0.3018239   0.59809923 -0.14044437
   1.3755441  -0.1053836   1.0705619   1.7501955   0.65951383  0.59557796]], shape=(1, 18), dtype=float32)"
1340,[2 1 0 0 0 0 0 4 2 1 6 5 0 0 0 0 0 0 0 0 0 0 0 0 0],"tf.Tensor([1.2362194  1.0509832  0.85146433 0.3812623  1.2478305  3.        ], shape=(6,), dtype=float32)",0.30000000000000004,[2 2 1 6 5 0 0 0 0 2 5 0 0 0 0 0 0 0 0 0 0 0 0 0 0],False,"tf.Tensor(
[[ 1.2362194   1.0509832   0.85146433  0.3812623   1.2478305   0.80575407
   1.1512622   0.08906776  1.7122109  -0.47981977  0.29456845  0.0823192
   1.1146599   0.70165074  0.80775625  0.8707623   1.3480871  -0.13076515]], shape=(1, 18), dtype=float32)"
1341,[2 2 1 6 5 0 0 0 0 2 5 0 0 0 0 0 0 0 0 0 0 0 0 0 0],[0 0 1 1 0 0],0.2,[2 3 1 6 5 2 5 0 0 0 0 0 0 0 0 0 0 0 0 0 0 0 0 0 0],False,"tf.Tensor(
[[ 1.7233499   1.4290484   1.3330749   0.90454304  1.2597888   0.04633639
   0.0074616   0.8436025   1.8046438   0.49394464  0.50817436 -0.3926062
   0.8196712   0.17050494  0.9038244   1.1113796   0.8494831   0.07102826]], shape=(1, 18), dtype=float32)"
1342,[2 3 1 6 5 2 5 0 0 0 0 0 0 0 0 0 0 0 0 0 0 0 0 0 0],"tf.Tensor([2.000589  1.3925332 1.612322  1.3318416 1.3717985 3.       ], shape=(6,), dtype=float32)",0.0,[3 1 0 0 0 0 0 1 6 6 4 5 0 0 0 0 0 0 0 0 0 0 0 0 0],False,"tf.Tensor(
[[ 2.000589    1.3925332   1.612322    1.3318416   1.3717985   0.2521847
   0.09085836  0.87204224  1.8051684   0.24193752  0.6533228  -0.635293
   1.4709237  -0.09445275  1.3152698   1.4325452   0.9010227   0.53380764]], shape=(1, 18), dtype=float32)"
1343,[3 1 0 0 0 0 0 1 6 6 4 5 0 0 0 0 0 0 0 0 0 0 0 0 0],"tf.Tensor([ 1.7165695  1.2307435  1.5063157  1.0481007  1.4551854 10.       ], shape=(6,), dtype=float32)",0.5,[3 2 2 5 1 4 6 0 0 0 0 0 0 0 0 0 0 0 0 0 0 0 0 0 0],False,"tf.Tensor(
[[ 1.7165695   1.2307435   1.5063157   1.0481007   1.4551854   0.09506984
   0.80899036  0.43292084  1.2667583  -0.06211339  1.0272255   0.11155298
   1.6336241   0.9373096   0.8071232   1.7470372   1.1380183   0.05352288]], shape=(1, 18), dtype=float32)"
1344,[3 2 2 5 1 4 6 0 0 0 0 0 0 0 0 0 0 0 0 0 0 0 0 0 0],[0 0 1 1 1 4],0.0,[3 3 2 5 1 4 6 0 0 0 0 0 0 0 0 0 0 0 0 0 0 0 0 0 0],False,"tf.Tensor(
[[ 1.5365279e+00  1.1342579e+00  1.3029534e+00  1.1107392e+00
   1.2012334e+00  8.3519012e-02  1.7975543e-01  7.0844740e-01
   1.3561186e+00  1.1011550e-01  6.9204760e-01 -3.7458670e-01
   1.2821654e+00  1.3635606e-03  9.3056893e-01  1.3149977e+00
   5.8515459e-01  4.6758053e-01]], shape=(1, 18), dtype=float32)"
1345,[3 3 2 5 1 4 6 0 0 0 0 0 0 0 0 0 0 0 0 0 0 0 0 0 0],"tf.Tensor([1.6131858 1.1877089 1.395762  1.1241045 1.2912118 3.       ], shape=(6,), dtype=float32)",8.0,[4 1 0 0 0 0 0 2 5 1 4 6 0 0 0 4 0 0 0 0 0 0 0 0 0],False,"tf.Tensor(
[[ 1.6131858   1.1877089   1.395762    1.1241045   1.2912118   0.11899415
   0.17483978  0.7142523   1.4907993   0.14036101  0.6935993  -0.4373599
   1.344908    0.01354292  0.97899276  1.3193337   0.63943905  0.44880265]], shape=(1, 18), dtype=float32)"
1346,[4 1 0 0 0 0 0 2 5 1 4 6 0 0 0 4 0 0 0 0 0 0 0 0 0],"tf.Tensor([1.2074358  1.1051139  0.91549087 0.7501457  0.91728276 3.        ], shape=(6,), dtype=float32)",0.4,[4 2 3 2 2 2 0 0 0 0 2 0 0 0 0 4 0 0 0 0 0 0 0 0 0],False,"tf.Tensor(
[[ 1.2074358   1.1051139   0.91549087  0.7501457   0.91728276  0.2356499
   0.25767696  0.61275685  1.1441011  -0.10388481  0.44840926 -0.36767188
   0.9638235   0.03908239  0.84343415  1.0570425   0.6288669   0.23838605]], shape=(1, 18), dtype=float32)"
1347,[4 2 3 2 2 2 0 0 0 0 2 0 0 0 0 4 0 0 0 0 0 0 0 0 0],"tf.Tensor([ 0.93185186  0.43862393  0.35355204  0.9343643   0.5277077  10.        ], shape=(6,), dtype=float32)",0.1,[4 3 3 2 2 2 2 0 0 0 0 0 0 0 0 4 0 0 0 0 0 0 0 0 0],False,"tf.Tensor(
[[ 0.93185186  0.43862393  0.35355204  0.9343643   0.5277077   0.15434833
  -0.00361006  0.44059485  0.41009712  0.01048543  0.31107473 -0.10000291
   0.6652432  -0.20229866  0.6048825   0.92850244  0.43380538  0.6025445 ]], shape=(1, 18), dtype=float32)"
1348,[4 3 3 2 2 2 2 0 0 0 0 0 0 0 0 4 0 0 0 0 0 0 0 0 0],"tf.Tensor([ 1.1005931   0.6001986   0.5134625   0.95217985  0.54120535 10.        ], shape=(6,), dtype=float32)",0.0,[5 1 0 0 0 0 0 3 2 2 2 2 0 0 0 4 0 0 0 0 0 0 0 0 0],False,"tf.Tensor(
[[ 1.1005931   0.6001986   0.5134625   0.95217985  0.54120535  0.25594428
  -0.06514645  0.46747038  0.62617326 -0.01386151  0.3635547  -0.17407209
   0.71868384 -0.12364253  0.6433199   0.911244    0.46569785  0.59128356]], shape=(1, 18), dtype=float32)"
1349,[5 1 0 0 0 0 0 3 2 2 2 2 0 0 0 4 0 0 0 0 0 0 0 0 0],"tf.Tensor([1.0860621  0.75308704 0.5057622  0.7598207  0.65403676 7.        ], shape=(6,), dtype=float32)",0.1,[5 2 3 0 0 0 0 0 2 6 1 5 0 0 0 4 0 0 0 0 0 0 0 0 0],False,"tf.Tensor(
[[ 1.0860621   0.75308704  0.5057622   0.7598207   0.65403676  0.22093599
   0.05812265  0.55834526  0.68518364  0.07377946  0.21877809 -0.01697148
   0.82029366  0.12057446  0.6554622   0.67625844  0.6323071   0.4571125 ]], shape=(1, 18), dtype=float32)"
1350,[5 2 3 0 0 0 0 0 2 6 1 5 0 0 0 4 0 0 0 0 0 0 0 0 0],[0 0 1 0 0 0],0.1,[5 3 3 6 0 0 0 0 1 0 1 5 0 0 0 4 0 0 0 0 0 0 0 0 0],False,"tf.Tensor(
[[ 1.4511728   0.9812277   0.84184587  0.56376773  1.2779182   0.53183895
   0.8476868   0.5515269   1.4661777  -0.14265189  0.37297174  0.23915955
   1.1177033   0.75565505  0.5044492   0.8969959   1.1557946   0.0346437 ]], shape=(1, 18), dtype=float32)"
1351,[5 3 3 6 0 0 0 0 1 0 1 5 0 0 0 4 0 0 0 0 0 0 0 0 0],"tf.Tensor([1.5499567  0.6804114  1.1873306  0.76250076 0.8701058  3.        ], shape=(6,), dtype=float32)",-8.0,[6 1 0 0 0 0 0 3 1 6 4 2 0 0 0 0 0 0 0 0 0 0 0 0 0],False,"tf.Tensor(
[[1.5499567  0.6804114  1.1873306  0.76250076 0.8701058  0.01211727
  0.6698298  1.0601591  1.2854011  0.18448693 0.55830044 0.18553117
  0.81591433 0.03142837 0.7170029  1.0682887  0.83542454 0.11676094]], shape=(1, 18), dtype=float32)"
1352,[6 1 0 0 0 0 0 3 1 6 4 2 0 0 0 0 0 0 0 0 0 0 0 0 0],"tf.Tensor([ 1.9254792  1.2099153  0.957984   1.1534431  1.2929527 11.       ], shape=(6,), dtype=float32)",0.5,[6 2 1 5 4 2 3 0 0 0 0 0 0 0 0 0 0 0 0 0 0 0 0 0 0],False,"tf.Tensor(
[[ 1.9254792   1.2099153   0.957984    1.1534431   1.2929527   0.87245864
   1.0195347   0.42914557  1.5174193  -0.28006786  0.22744764  0.10747637
   1.3916426   1.2461408   0.85224     1.2442629   1.881708    0.13393706]], shape=(1, 18), dtype=float32)"
1353,[6 2 1 5 4 2 3 0 0 0 0 0 0 0 0 0 0 0 0 0 0 0 0 0 0],"tf.Tensor([1.9993241 1.091518  1.4797448 1.289335  1.0660774 3.       ], shape=(6,), dtype=float32)",0.0,[6 3 1 5 4 2 3 0 0 0 0 0 0 0 0 0 0 0 0 0 0 0 0 0 0],False,"tf.Tensor(
[[ 1.9993241   1.091518    1.4797448   1.289335    1.0660774   0.33640584
   0.3472495   0.9466547   1.7023348  -0.04360845  0.81408143 -0.2389023
   1.1797984  -0.09574027  0.9734196   1.6774113   0.644879    0.58441716]], shape=(1, 18), dtype=float32)"
1354,[6 3 1 5 4 2 3 0 0 0 0 0 0 0 0 0 0 0 0 0 0 0 0 0 0],"tf.Tensor([2.030933  1.0856822 1.579689  1.284391  1.1078292 3.       ], shape=(6,), dtype=float32)",8.0,[7 1 0 0 0 0 0 1 5 4 2 3 0 0 0 4 0 0 0 0 0 0 0 0 0],False,"tf.Tensor(
[[ 2.030933    1.0856822   1.579689    1.284391    1.1078292   0.37067118
   0.36233017  0.92273146  1.8282235  -0.04066598  0.83694357 -0.29196963
   1.1915607  -0.13832757  1.0022205   1.7110361   0.62265843  0.5709338 ]], shape=(1, 18), dtype=float32)"
1355,[7 1 0 0 0 0 0 1 5 4 2 3 0 0 0 4 0 0 0 0 0 0 0 0 0],"tf.Tensor([1.5920167  0.87580276 0.90762484 1.0849211  1.13412    7.        ], shape=(6,), dtype=float32)",0.4,[7 2 5 2 2 5 0 0 4 0 0 0 0 0 0 4 0 0 0 0 0 0 0 0 0],False,"tf.Tensor(
[[ 1.5920167   0.87580276  0.90762484  1.0849211   1.13412     0.4641767
   0.4381168   0.5995297   1.0769836  -0.35037184  0.5087682   0.06974806
   1.3218293   0.14560173  0.7265472   1.2108154   1.1051433   0.50564104]], shape=(1, 18), dtype=float32)"
1356,[7 2 5 2 2 5 0 0 4 0 0 0 0 0 0 4 0 0 0 0 0 0 0 0 0],"tf.Tensor([1.4571131 0.7196691 0.7686235 1.3859849 1.0795954 7.       ], shape=(6,), dtype=float32)",0.0,[7 3 5 2 2 5 0 0 5 0 0 0 0 0 0 4 0 0 0 0 0 0 0 0 0],False,"tf.Tensor(
[[ 1.4571131   0.7196691   0.7686235   1.3859849   1.0795954   0.26100507
   0.47032118  1.0359281   0.62831414 -0.32079643  0.28960782 -0.06284004
   1.5012296  -0.17875344  1.0244417   1.3992344   1.1184287   0.6221821 ]], shape=(1, 18), dtype=float32)"
1357,[7 3 5 2 2 5 0 0 5 0 0 0 0 0 0 4 0 0 0 0 0 0 0 0 0],"tf.Tensor([1.5734808  0.77783686 0.9384215  1.4637111  1.128638   7.        ], shape=(6,), dtype=float32)",0.0,[8 1 0 0 0 0 0 5 1 2 2 5 0 0 0 4 0 0 0 0 0 0 0 0 0],False,"tf.Tensor(
[[ 1.5734808   0.77783686  0.9384215   1.4637111   1.128638    0.2191015
   0.51214314  1.1440163   0.7418404  -0.3005644   0.36500004 -0.1018708
   1.6024824  -0.2310156   1.1549655   1.4664121   1.1913021   0.5973147 ]], shape=(1, 18), dtype=float32)"
1358,[8 1 0 0 0 0 0 5 1 2 2 5 0 0 0 4 0 0 0 0 0 0 0 0 0],"tf.Tensor([1.6163512  1.1956528  0.8292799  0.83045185 1.1690698  7.        ], shape=(6,), dtype=float32)",0.30000000000000004,[8 2 6 1 6 0 0 0 0 2 2 0 0 0 0 4 0 0 0 0 0 0 0 0 0],False,"tf.Tensor(
[[ 1.6163512   1.1956528   0.8292799   0.83045185  1.1690698   0.49391797
   0.32738924  0.8085213   1.214454    0.08483709  0.13140123 -0.09327549
   1.3515441   0.42314216  1.076965    1.0109383   1.069997    0.44210744]], shape=(1, 18), dtype=float32)"
1359,[8 2 6 1 6 0 0 0 0 2 2 0 0 0 0 4 0 0 0 0 0 0 0 0 0],"tf.Tensor([ 1.8012738   0.7131394   0.92186207  1.4582236   1.1112645  10.        ], shape=(6,), dtype=float32)",0.2,[8 3 6 1 6 2 2 0 0 0 0 0 0 0 0 4 0 0 0 0 0 0 0 0 0],False,"tf.Tensor(
[[ 1.8012738   0.7131394   0.92186207  1.4582236   1.1112645   0.39387724
   0.39308932  0.6072909   1.09228    -0.14942658  0.45701236 -0.06545407
   1.3280482  -0.20440924  1.1371502   1.9797742   0.7698689   0.97117656]], shape=(1, 18), dtype=float32)"
1360,[8 3 6 1 6 2 2 0 0 0 0 0 0 0 0 4 0 0 0 0 0 0 0 0 0],"tf.Tensor([ 1.7509906   0.56909573  1.0140326   1.6961712   1.0680267  10.        ], shape=(6,), dtype=float32)",0.0,[9 1 0 0 0 0 0 6 1 1 3 6 0 0 0 4 0 0 0 0 0 0 0 0 0],False,"tf.Tensor(
[[ 1.7509906   0.56909573  1.0140326   1.6961712   1.0680267   0.28783023
   0.55202043  0.7633443   0.9421703  -0.30256772  0.5452972  -0.03567042
   1.4026647  -0.64657557  1.2142558   2.3151455   0.5435474   1.2448866 ]], shape=(1, 18), dtype=float32)"
1361,[9 1 0 0 0 0 0 6 1 1 3 6 0 0 0 4 0 0 0 0 0 0 0 0 0],[0 1 1 0 1 0],0.30000000000000004,[9 2 1 3 3 0 0 5 0 0 2 0 0 0 0 4 0 0 0 0 0 0 0 0 0],False,"tf.Tensor(
[[ 1.7941284   1.3515799   0.95901465  0.89454114  1.4495571   0.589273
   0.39985478  0.84674805  1.457512    0.06706325  0.12422855 -0.19009659
   1.5450054   0.48002046  1.1726569   1.2267917   1.1286957   0.4891089 ]], shape=(1, 18), dtype=float32)"
1362,[9 2 1 3 3 0 0 5 0 0 2 0 0 0 0 4 0 0 0 0 0 0 0 0 0],"tf.Tensor([ 1.7196399   0.65510505  0.57341367  1.3026478   1.0708696  10.        ], shape=(6,), dtype=float32)",0.2,[9 3 1 3 3 5 2 0 0 0 0 0 0 0 0 4 0 0 0 0 0 0 0 0 0],False,"tf.Tensor(
[[1.7196399  0.65510505 0.57341367 1.3026478  1.0708696  0.51221734
  0.06271937 0.73441994 0.9452632  0.04440995 0.17551255 0.19699216
  1.1007979  0.04302742 0.96338326 1.3721391  0.8671361  1.0353968 ]], shape=(1, 18), dtype=float32)"
1363,[9 3 1 3 3 5 2 0 0 0 0 0 0 0 0 4 0 0 0 0 0 0 0 0 0],"tf.Tensor([ 1.6689665   0.69619125  0.8500011   1.2501076   1.0043178  10.        ], shape=(6,), dtype=float32)",0.0,[10 1 0 0 0 0 0 5 1 3 6 3 0 0 0 4 0 0 0 0 0 0 0 0 0],False,"tf.Tensor(
[[ 1.6689665   0.69619125  0.8500011   1.2501076   1.0043178   0.592126
   0.12834574  0.82614434  1.1457645  -0.20751178  0.37136212  0.0180149
   1.127046   -0.30323818  0.820718    1.5946428   0.6538375   0.8964231 ]], shape=(1, 18), dtype=float32)"
1364,[10 1 0 0 0 0 0 5 1 3 6 3 0 0 0 4 0 0 0 0 0 0 0 0 0],"tf.Tensor([2.1425364  1.2434831  0.78266066 1.2264682  1.4339647  7.        ], shape=(6,), dtype=float32)",0.4,[10 2 6 6 5 1 0 0 0 4 0 0 0 0 0 4 0 0 0 0 0 0 0 0 0],False,"tf.Tensor(
[[ 2.1425364   1.2434831   0.78266066  1.2264682   1.4339647   0.9681481
   0.5812638   0.798098    1.4854196  -0.1899175   0.0676711   0.00546845
   1.6464809   0.79384303  1.0928099   1.466006    1.5026687   0.66177434]], shape=(1, 18), dtype=float32)"
1365,[10 2 6 6 5 1 0 0 0 4 0 0 0 0 0 4 0 0 0 0 0 0 0 0 0],"tf.Tensor([ 2.5279288  1.3111585  1.4355282  1.5061121  1.276916  10.       ], shape=(6,), dtype=float32)",0.1,[10 3 6 6 5 1 4 0 0 0 0 0 0 0 0 4 0 0 0 0 0 0 0 0 0],False,"tf.Tensor(
[[ 2.5279288   1.3111585   1.4355282   1.5061121   1.276916    0.69130886
   0.7350299   1.0056405   1.8749087  -0.2195116   0.521478   -0.14471734
   1.5950997   0.3374453   1.1201061   1.9355181   1.4074471   0.6389057 ]], shape=(1, 18), dtype=float32)"
1366,[10 3 6 6 5 1 4 0 0 0 0 0 0 0 0 4 0 0 0 0 0 0 0 0 0],"tf.Tensor([ 2.4627113  1.0642924  1.5420858  1.8408979  1.3726761 10.       ], shape=(6,), dtype=float32)",0.0,[11 1 0 0 0 0 0 6 6 1 5 1 0 0 0 4 0 0 0 0 0 0 0 0 0],False,"tf.Tensor(
[[ 2.4627113   1.0642924   1.5420858   1.8408979   1.3726761   0.74190515
   0.5018492   0.89855623  1.9621428  -0.11910442  0.59807074 -0.40368223
   1.5943614  -0.33766165  1.422429    2.3903522   0.8692148   1.1434156 ]], shape=(1, 18), dtype=float32)"
1367,[11 1 0 0 0 0 0 6 6 1 5 1 0 0 0 4 0 0 0 0 0 0 0 0 0],"tf.Tensor([2.2349477 1.5652088 0.6242856 1.719786  1.6592593 7.       ], shape=(6,), dtype=float32)",0.4,[11 2 4 5 2 2 0 0 0 5 0 0 0 0 0 4 0 0 0 0 0 0 0 0 0],False,"tf.Tensor(
[[ 2.2349477   1.5652088   0.6242856   1.719786    1.6592593   0.68187106
   0.4136281   0.9988745   1.3661187  -0.08082163  0.32212955 -0.07107842
   1.8160856   0.7748915   1.2233354   1.4556962   1.4633429   0.9618802 ]], shape=(1, 18), dtype=float32)"
1368,[11 2 4 5 2 2 0 0 0 5 0 0 0 0 0 4 0 0 0 0 0 0 0 0 0],"tf.Tensor([2.0616248  0.88381803 1.2794393  1.0686053  1.2661147  3.        ], shape=(6,), dtype=float32)",0.1,[11 3 4 5 2 2 5 0 0 0 0 0 0 0 0 4 0 0 0 0 0 0 0 0 0],False,"tf.Tensor(
[[ 2.0616248   0.88381803  1.2794393   1.0686053   1.2661147   0.8464552
   1.2387717   0.71219593  1.9644839  -0.24307603  0.25901997 -0.01933493
   1.4986293   0.49101874  0.8319718   1.3092353   1.6300341   0.22695132]], shape=(1, 18), dtype=float32)"
1369,[11 3 4 5 2 2 5 0 0 0 0 0 0 0 0 4 0 0 0 0 0 0 0 0 0],"tf.Tensor([ 2.222572   1.2006835  1.197498   1.5292588  1.4483435 10.       ], shape=(6,), dtype=float32)",0.0,[12 1 0 0 0 0 0 4 5 5 2 2 0 0 0 4 0 0 0 0 0 0 0 0 0],False,"tf.Tensor(
[[ 2.222572    1.2006835   1.197498    1.5292588   1.4483435   0.73588955
   0.51680315  0.7849163   1.7772528  -0.02619432  0.429092   -0.16119388
   1.5228969   0.42875314  0.89858574  1.8863683   1.0476958   0.8641944 ]], shape=(1, 18), dtype=float32)"
1370,[12 1 0 0 0 0 0 4 5 5 2 2 0 0 0 4 0 0 0 0 0 0 0 0 0],[ 0  1  0  1  1 10],0.30000000000000004,[12 2 2 2 1 0 0 6 0 1 0 0 0 0 0 4 0 0 0 0 0 0 0 0 0],False,"tf.Tensor(
[[ 2.431311    1.3278568   0.8893818   1.6651921   1.7062126   0.9298599
   0.96204877  0.90179133  1.6346517  -0.44534117  0.5130765   0.16072632
   1.9803798   0.9630202   0.9372706   1.5883751   1.8196136   0.72377783]], shape=(1, 18), dtype=float32)"
1371,[12 2 2 2 1 0 0 6 0 1 0 0 0 0 0 4 0 0 0 0 0 0 0 0 0],[0 1 0 0 1 5],0.0,[12 3 2 2 1 0 0 6 0 3 0 0 0 0 0 4 0 0 0 0 0 0 0 0 0],False,"tf.Tensor(
[[ 1.9785528   0.81089556  0.5271952   1.5407084   1.2754191   0.6250814
   0.5249843   0.8670094   0.93591404 -0.1893563   0.19224371  0.25678498
   1.5708377   0.27635536  1.0210167   1.5115874   1.3674525   1.0084327 ]], shape=(1, 18), dtype=float32)"
1372,[12 3 2 2 1 0 0 6 0 3 0 0 0 0 0 4 0 0 0 0 0 0 0 0 0],"tf.Tensor([2.1283462  0.97035444 0.6290039  1.3911147  1.3520503  7.        ], shape=(6,), dtype=float32)",0.0,[13 1 0 0 0 0 0 3 2 6 2 1 0 0 0 4 0 0 0 0 0 0 0 0 0],False,"tf.Tensor(
[[ 2.1283462   0.97035444  0.6290039   1.3911147   1.3520503   0.80803305
   0.65671396  0.81569666  1.3000246  -0.2534909   0.1169899   0.33419752
   1.6625834   0.42161903  0.99630827  1.3806528   1.6374574   0.8649769 ]], shape=(1, 18), dtype=float32)"
1373,[13 1 0 0 0 0 0 3 2 6 2 1 0 0 0 4 0 0 0 0 0 0 0 0 0],"tf.Tensor([ 2.2202327  1.120715   0.8403696  1.3939326  1.5374029 11.       ], shape=(6,), dtype=float32)",0.4,[13 2 3 3 6 1 0 0 0 1 0 0 0 0 0 4 0 0 0 0 0 0 0 0 0],False,"tf.Tensor(
[[ 2.2202327   1.120715    0.8403696   1.3939326   1.5374029   1.0737594
   1.0409758   0.602725    1.6716046  -0.4621889   0.15008673  0.18750814
   1.7980518   0.8990712   0.7931055   1.4908484   1.8535382   0.61493146]], shape=(1, 18), dtype=float32)"
1374,[13 2 3 3 6 1 0 0 0 1 0 0 0 0 0 4 0 0 0 0 0 0 0 0 0],"tf.Tensor([ 2.2562182  0.8561012  1.0947758  1.5342107  1.4534323 10.       ], shape=(6,), dtype=float32)",0.1,[13 3 3 3 6 1 1 0 0 0 0 0 0 0 0 4 0 0 0 0 0 0 0 0 0],False,"tf.Tensor(
[[ 2.2562182   0.8561012   1.0947758   1.5342107   1.4534323   0.7159554
   0.5432386   1.0894647   1.5505817  -0.32345158  0.42129856  0.28105736
   1.5125042  -0.2631778   1.0625539   2.3188689   0.95345455  1.1186363 ]], shape=(1, 18), dtype=float32)"
1375,[13 3 3 3 6 1 1 0 0 0 0 0 0 0 0 4 0 0 0 0 0 0 0 0 0],"tf.Tensor([ 2.323704    0.88464206  1.1748879   1.6266451   1.4849418  10.        ], shape=(6,), dtype=float32)",0.0,[14 1 0 0 0 0 0 3 3 1 6 1 0 0 0 4 0 0 0 0 0 0 0 0 0],True,"tf.Tensor(
[[ 2.323704    0.88464206  1.1748879   1.6266451   1.4849418   0.7219371
   0.3894554   1.1139759   1.620219   -0.2585296   0.48629683  0.19907078
   1.5279646  -0.3680895   1.1288222   2.4138832   0.83379453  1.2296923 ]], shape=(1, 18), dtype=float32)"
1376,[1 1 0 0 0 0 0 6 1 6 2 4 0 0 0 0 0 0 0 0 0 0 0 0 0],"tf.Tensor([1.1825067 1.3094655 1.0404667 0.6519621 1.3808048 7.       ], shape=(6,), dtype=float32)",0.4,[1 2 6 1 6 4 0 0 0 0 4 0 0 0 0 0 0 0 0 0 0 0 0 0 0],False,"tf.Tensor(
[[ 1.1825067   1.3094655   1.0404667   0.6519621   1.3808048   0.35113755
   0.31552315  0.3942446   1.1746931  -0.10328421  0.3706705   0.0645433
   1.372372    0.5464457   0.9417489   0.7925797   1.2292256  -0.02357654]], shape=(1, 18), dtype=float32)"
1377,[1 2 6 1 6 4 0 0 0 0 4 0 0 0 0 0 0 0 0 0 0 0 0 0 0],"tf.Tensor([ 0.9605224  1.0604981  0.9482586  1.1170949  1.5664005 10.       ], shape=(6,), dtype=float32)",0.1,[1 3 6 1 6 4 4 0 0 0 0 0 0 0 0 0 0 0 0 0 0 0 0 0 0],False,"tf.Tensor(
[[ 0.9605224   1.0604981   0.9482586   1.1170949   1.5664005   0.09122324
   1.0405045   0.06569502  1.2915063  -0.33807915  0.50954294  0.1250482
   1.3647088  -0.08276354  1.157914    1.8682194   0.8368285   0.44290364]], shape=(1, 18), dtype=float32)"
1378,[1 3 6 1 6 4 4 0 0 0 0 0 0 0 0 0 0 0 0 0 0 0 0 0 0],"tf.Tensor([ 1.4233105  1.3611861  1.0530791  1.1587017  1.8673599 10.       ], shape=(6,), dtype=float32)",0.0,[2 1 0 0 0 0 0 6 1 6 2 4 0 0 0 0 0 0 0 0 0 0 0 0 0],False,"tf.Tensor(
[[ 1.4233105   1.3611861   1.0530791   1.1587017   1.8673599   0.38647473
   0.9269241   0.1634267   1.6773077  -0.29939437  0.55833465 -0.14770092
   1.7073029   0.2191295   1.2094362   1.7993608   1.0394394   0.5493827 ]], shape=(1, 18), dtype=float32)"
1379,[2 1 0 0 0 0 0 6 1 6 2 4 0 0 0 0 0 0 0 0 0 0 0 0 0],"tf.Tensor([1.4111419  1.3321424  1.0550658  0.72983336 1.4044987  7.        ], shape=(6,), dtype=float32)",0.4,[2 2 3 3 6 4 0 0 0 0 4 0 0 0 0 0 0 0 0 0 0 0 0 0 0],False,"tf.Tensor(
[[ 1.4111419   1.3321424   1.0550658   0.72983336  1.4044987   0.49898875
   0.41468307  0.4716291   1.3106476  -0.13907227  0.38217545  0.05358955
   1.4333922   0.6813909   0.928234    0.8902161   1.356746    0.00585855]], shape=(1, 18), dtype=float32)"
1380,[2 2 3 3 6 4 0 0 0 0 4 0 0 0 0 0 0 0 0 0 0 0 0 0 0],"tf.Tensor([ 1.4349097   0.962461    1.2565925   1.4260088   0.95554787 10.        ], shape=(6,), dtype=float32)",0.1,[2 3 3 3 6 4 4 0 0 0 0 0 0 0 0 0 0 0 0 0 0 0 0 0 0],False,"tf.Tensor(
[[ 1.4349097   0.962461    1.2565925   1.4260088   0.95554787 -0.1797052
   0.37872142  0.8115586   1.0588052  -0.1138756   0.7093879   0.10579157
   1.0841812  -0.5424104   1.2050102   1.7793121   0.69620824  0.5738577 ]], shape=(1, 18), dtype=float32)"
1381,[2 3 3 3 6 4 4 0 0 0 0 0 0 0 0 0 0 0 0 0 0 0 0 0 0],"tf.Tensor([ 1.8113875  1.3352811  1.442511   1.3653818  1.4372803 10.       ], shape=(6,), dtype=float32)",0.0,[3 1 0 0 0 0 0 3 3 6 5 4 0 0 0 0 0 0 0 0 0 0 0 0 0],False,"tf.Tensor(
[[ 1.8113875   1.3352811   1.442511    1.3653818   1.4372803   0.09937577
   0.34354752  0.7935013   1.6145654   0.01728444  0.7592669  -0.2292853
   1.4841458  -0.10705779  1.2646008   1.6641405   0.89113563  0.5527184 ]], shape=(1, 18), dtype=float32)"
1382,[3 1 0 0 0 0 0 3 3 6 5 4 0 0 0 0 0 0 0 0 0 0 0 0 0],"tf.Tensor([1.7971225 1.393179  1.157021  0.945836  1.5300344 7.       ], shape=(6,), dtype=float32)",0.5,[3 2 6 1 1 4 3 0 0 0 0 0 0 0 0 0 0 0 0 0 0 0 0 0 0],False,"tf.Tensor(
[[ 1.7971225   1.393179    1.157021    0.945836    1.5300344   0.4888821
   0.83459616  0.43826187  1.5173247  -0.04991449  0.75287914  0.18154228
   1.6039978   1.3265623   0.75740314  1.2673723   1.5031601  -0.01230577]], shape=(1, 18), dtype=float32)"
1383,[3 2 6 1 1 4 3 0 0 0 0 0 0 0 0 0 0 0 0 0 0 0 0 0 0],[0 1 0 1 1 9],0.0,[3 3 6 1 1 4 3 0 0 0 0 0 0 0 0 0 0 0 0 0 0 0 0 0 0],False,"tf.Tensor(
[[ 1.2009786   0.9627504   0.7753529   0.91768414  1.5342991   0.36714318
   0.49452677  0.19779658  1.1511682  -0.11254969  0.41045016 -0.08314349
   1.4057829   0.3033031   0.8414024   1.2251242   0.8944465   0.47818664]], shape=(1, 18), dtype=float32)"
1384,[3 3 6 1 1 4 3 0 0 0 0 0 0 0 0 0 0 0 0 0 0 0 0 0 0],"tf.Tensor([1.2724608  0.9370775  0.9003602  0.95193285 1.5675524  7.        ], shape=(6,), dtype=float32)",0.0,[4 1 0 0 0 0 0 6 1 1 4 3 0 0 0 0 0 0 0 0 0 0 0 0 0],False,"tf.Tensor(
[[ 1.2724608   0.9370775   0.9003602   0.95193285  1.5675524   0.3500688
   0.50991845  0.24859822  1.224604   -0.10279831  0.4483232  -0.10899414
   1.4487411   0.2291948   0.88843304  1.2790782   0.90566266  0.47561666]], shape=(1, 18), dtype=float32)"
1385,[4 1 0 0 0 0 0 6 1 1 4 3 0 0 0 0 0 0 0 0 0 0 0 0 0],"tf.Tensor([1.413805  1.204159  0.7415045 0.4968998 1.3714423 3.       ], shape=(6,), dtype=float32)",0.30000000000000004,[4 2 1 1 4 0 0 0 0 5 1 0 0 0 0 0 0 0 0 0 0 0 0 0 0],False,"tf.Tensor(
[[ 1.413805    1.204159    0.7415045   0.4968998   1.3714423   0.9356423
   0.8551116   0.32497895  1.565034   -0.4186392   0.073659   -0.1379405
   1.3549458   0.76065326  0.81914145  0.88533413  1.3075219   0.10832659]], shape=(1, 18), dtype=float32)"
1386,[4 2 1 1 4 0 0 0 0 5 1 0 0 0 0 0 0 0 0 0 0 0 0 0 0],"tf.Tensor([ 1.4593319   1.2278825   0.86883426  0.9035994   0.8993085  10.        ], shape=(6,), dtype=float32)",0.1,[4 3 1 1 4 1 0 0 0 1 0 0 0 0 0 0 0 0 0 0 0 0 0 0 0],False,"tf.Tensor(
[[ 1.4593319   1.2278825   0.86883426  0.9035994   0.8993085   0.37828922
   0.61369413  0.3552692   1.0625246  -0.08268879  0.22249708 -0.00237996
   1.1673573   0.94351673  0.57222015  1.3009783   0.9905816   0.32900807]], shape=(1, 18), dtype=float32)"
1387,[4 3 1 1 4 1 0 0 0 1 0 0 0 0 0 0 0 0 0 0 0 0 0 0 0],"tf.Tensor([ 1.3068919   0.54238635  1.035722    0.9307121   0.6909772  10.        ], shape=(6,), dtype=float32)",0.0,[5 1 0 0 0 0 0 1 1 1 2 4 0 0 0 0 0 0 0 0 0 0 0 0 0],False,"tf.Tensor(
[[ 1.3068919   0.54238635  1.035722    0.9307121   0.6909772   0.20714498
   0.39444825  0.608825    0.98890203 -0.16911829  0.66536236 -0.00564372
   0.8233359  -0.20253563  0.706245    1.2838302   0.48926362  0.42608526]], shape=(1, 18), dtype=float32)"
1388,[5 1 0 0 0 0 0 1 1 1 2 4 0 0 0 0 0 0 0 0 0 0 0 0 0],"tf.Tensor([1.3234001  0.81334525 0.7365521  0.6619413  0.9047347  3.        ], shape=(6,), dtype=float32)",0.2,[5 2 4 2 0 0 0 0 4 4 4 0 0 0 0 0 0 0 0 0 0 0 0 0 0],False,"tf.Tensor(
[[ 1.3234001   0.81334525  0.7365521   0.6619413   0.9047347   0.40749598
   0.48053473  0.54645395  1.082132   -0.10467333  0.4188497   0.14912911
   0.91270936  0.4663921   0.5445132   0.77266645  0.99424237  0.14269409]], shape=(1, 18), dtype=float32)"
1389,[5 2 4 2 0 0 0 0 4 4 4 0 0 0 0 0 0 0 0 0 0 0 0 0 0],[1 0 1 0 0 2],0.1,[5 3 4 2 4 0 0 0 5 0 3 0 0 0 0 0 0 0 0 0 0 0 0 0 0],False,"tf.Tensor(
[[ 1.9851382   1.3041124   1.3398831   1.1176801   1.5267161   0.61446065
   1.0630263   0.30726555  1.5850583  -0.2153121   0.5700064   0.0428047
   1.7299876   1.27145     0.76524746  1.7249043   1.5866495   0.11180756]], shape=(1, 18), dtype=float32)"
1390,[5 3 4 2 4 0 0 0 5 0 3 0 0 0 0 0 0 0 0 0 0 0 0 0 0],"tf.Tensor([ 2.102091   0.9058402  1.5430032  1.4448556  1.278938  10.       ], shape=(6,), dtype=float32)",0.0,[6 1 0 0 0 0 0 4 2 3 4 2 0 0 0 0 0 0 0 0 0 0 0 0 0],False,"tf.Tensor(
[[ 2.102091    0.9058402   1.5430032   1.4448556   1.278938    0.50950414
   0.655573    0.77754855  1.5014751  -0.23671845  0.78184545 -0.18303593
   1.6217293   0.12352166  1.0716659   1.7041894   1.317252    0.46536627]], shape=(1, 18), dtype=float32)"
1391,[6 1 0 0 0 0 0 4 2 3 4 2 0 0 0 0 0 0 0 0 0 0 0 0 0],"tf.Tensor([ 1.7427735   1.2014481   0.82179004  0.91744393  1.3446887  11.        ], shape=(6,), dtype=float32)",0.4,[6 2 6 1 1 2 0 0 0 4 0 0 0 0 0 0 0 0 0 0 0 0 0 0 0],False,"tf.Tensor(
[[ 1.7427735   1.2014481   0.82179004  0.91744393  1.3446887   0.8802617
   0.99627626  0.5121306   1.4872738  -0.3218247   0.16889441  0.05855283
   1.3922217   1.1565106   0.7948147   1.0479457   1.6692393   0.11385795]], shape=(1, 18), dtype=float32)"
1392,[6 2 6 1 1 2 0 0 0 4 0 0 0 0 0 0 0 0 0 0 0 0 0 0 0],"tf.Tensor([1.6786143 1.045196  0.976821  0.7697831 1.2521851 3.       ], shape=(6,), dtype=float32)",0.1,[6 3 6 1 1 2 4 0 0 0 0 0 0 0 0 0 0 0 0 0 0 0 0 0 0],False,"tf.Tensor(
[[ 1.6786143   1.045196    0.976821    0.7697831   1.2521851   0.7825459
   0.6677513   0.45147103  1.7530577  -0.15058371  0.25204933 -0.12070446
   1.2395526   0.5963018   0.69750977  0.84561014  1.3314857   0.15680438]], shape=(1, 18), dtype=float32)"
1393,[6 3 6 1 1 2 4 0 0 0 0 0 0 0 0 0 0 0 0 0 0 0 0 0 0],[0 0 1 0 0 6],0.0,[7 1 0 0 0 0 0 6 1 3 1 2 0 0 0 0 0 0 0 0 0 0 0 0 0],False,"tf.Tensor(
[[ 1.5805409   1.1378179   1.0295564   1.1921382   1.7308794   0.5119439
   0.46839362  0.34008974  1.4330251  -0.11325169  0.41069835 -0.27749857
   1.68646     0.30416188  0.93070155  1.4699714   1.0219789   0.63318956]], shape=(1, 18), dtype=float32)"
1394,[7 1 0 0 0 0 0 6 1 3 1 2 0 0 0 0 0 0 0 0 0 0 0 0 0],"tf.Tensor([1.7837676 1.2538633 0.609223  1.0892054 1.3052285 7.       ], shape=(6,), dtype=float32)",0.4,[7 2 3 1 4 6 0 0 0 6 0 0 0 0 0 0 0 0 0 0 0 0 0 0 0],False,"tf.Tensor(
[[ 1.7837676   1.2538633   0.609223    1.0892054   1.3052285   0.8977387
   0.77049476  0.6647968   1.2042046  -0.4063328   0.29655692  0.02865211
   1.5648165   1.0789281   0.86148006  1.1381388   1.5023698   0.36112884]], shape=(1, 18), dtype=float32)"
1395,[7 2 3 1 4 6 0 0 0 6 0 0 0 0 0 0 0 0 0 0 0 0 0 0 0],"tf.Tensor([1.9993658 1.1967916 1.118485  1.2840673 1.327449  3.       ], shape=(6,), dtype=float32)",0.1,[7 3 3 1 4 6 6 0 0 0 0 0 0 0 0 0 0 0 0 0 0 0 0 0 0],False,"tf.Tensor(
[[ 1.9993658   1.1967916   1.118485    1.2840673   1.327449    0.6280198
   0.8940462   0.721769    1.6704359  -0.3401443   0.5302969  -0.01523803
   1.5524628   0.4177995   0.8988618   1.6415936   1.2616326   0.5372079 ]], shape=(1, 18), dtype=float32)"
1396,[7 3 3 1 4 6 6 0 0 0 0 0 0 0 0 0 0 0 0 0 0 0 0 0 0],[1 1 1 0 0 8],0.0,[8 1 0 0 0 0 0 3 1 1 4 6 0 0 0 0 0 0 0 0 0 0 0 0 0],False,"tf.Tensor(
[[ 1.8905013   1.3424048   1.3571868   1.5184225   1.5118877   0.12462322
   0.39123613  0.8367343   1.4156632  -0.07531779  0.8398136  -0.20899126
   1.7537284   0.08913542  1.0831023   1.8475053   0.7874556   0.7733754 ]], shape=(1, 18), dtype=float32)"
1397,[8 1 0 0 0 0 0 3 1 1 4 6 0 0 0 0 0 0 0 0 0 0 0 0 0],"tf.Tensor([2.0170226 1.2662659 1.0481286 0.8602102 1.3073645 3.       ], shape=(6,), dtype=float32)",0.4,[8 2 5 1 5 3 0 0 0 0 6 0 0 0 0 0 0 0 0 0 0 0 0 0 0],False,"tf.Tensor(
[[ 2.0170226   1.2662659   1.0481286   0.8602102   1.3073645   0.76190376
   0.901058    0.82969713  1.71948    -0.3228911   0.44234282  0.19302298
   1.4534115   0.7592939   0.89838797  1.2079568   1.5428506   0.17577961]], shape=(1, 18), dtype=float32)"
1398,[8 2 5 1 5 3 0 0 0 0 6 0 0 0 0 0 0 0 0 0 0 0 0 0 0],"tf.Tensor([ 2.147809   0.9467313  1.1798251  1.7464192  1.2976924 10.       ], shape=(6,), dtype=float32)",0.1,[8 3 5 1 5 3 6 0 0 0 0 0 0 0 0 0 0 0 0 0 0 0 0 0 0],False,"tf.Tensor(
[[ 2.147809    0.9467313   1.1798251   1.7464192   1.2976924   0.21614401
   0.54335606  1.0834122   1.2312691  -0.17951885  0.7466712   0.08243568
   1.5930103  -0.25728866  1.2575521   2.2610533   0.8570401   1.0737314 ]], shape=(1, 18), dtype=float32)"
1399,[8 3 5 1 5 3 6 0 0 0 0 0 0 0 0 0 0 0 0 0 0 0 0 0 0],"tf.Tensor([ 2.1276715  1.5218419  1.4321334  1.7383682  1.8137262 10.       ], shape=(6,), dtype=float32)",0.0,[9 1 0 0 0 0 0 5 1 5 2 3 0 0 0 0 0 0 0 0 0 0 0 0 0],False,"tf.Tensor(
[[ 2.1276715   1.5218419   1.4321334   1.7383682   1.8137262   0.34355307
   0.46982032  0.74888307  1.6400582  -0.12469923  0.79675645 -0.36619905
   2.0433512   0.18418045  1.2612284   2.112258    1.0250263   0.90445274]], shape=(1, 18), dtype=float32)"
1400,[9 1 0 0 0 0 0 5 1 5 2 3 0 0 0 0 0 0 0 0 0 0 0 0 0],"tf.Tensor([ 2.2586849   1.399658    0.92630893  1.246207    1.5879017  11.        ], shape=(6,), dtype=float32)",0.5,[9 2 1 5 6 6 6 0 0 0 0 0 0 0 0 0 0 0 0 0 0 0 0 0 0],False,"tf.Tensor(
[[ 2.2586849   1.399658    0.92630893  1.246207    1.5879017   1.1222714
   1.098474    0.7170209   1.6926733  -0.47833258  0.33497953  0.09075993
   1.882691    1.2833952   0.8979938   1.4294063   1.9202601   0.349177  ]], shape=(1, 18), dtype=float32)"
1401,[9 2 1 5 6 6 6 0 0 0 0 0 0 0 0 0 0 0 0 0 0 0 0 0 0],"tf.Tensor([ 2.796544   1.6538221  1.883744   1.9024572  1.347605  10.       ], shape=(6,), dtype=float32)",0.0,[9 3 1 5 6 6 6 0 0 0 0 0 0 0 0 0 0 0 0 0 0 0 0 0 0],False,"tf.Tensor(
[[ 2.796544    1.6538221   1.883744    1.9024572   1.347605    0.33991855
   0.27104318  1.379311    2.1356559  -0.07396109  1.2065191  -0.25306973
   1.7101976  -0.06333566  1.3830192   2.273599    0.8881612   0.9122176 ]], shape=(1, 18), dtype=float32)"
1402,[9 3 1 5 6 6 6 0 0 0 0 0 0 0 0 0 0 0 0 0 0 0 0 0 0],"tf.Tensor([ 2.7881825  1.6590406  1.9561301  1.8862514  1.4369555 10.       ], shape=(6,), dtype=float32)",0.0,[10 1 0 0 0 0 0 1 5 6 6 6 0 0 0 0 0 0 0 0 0 0 0 0 0],False,"tf.Tensor(
[[ 2.7881825   1.6590406   1.9561301   1.8862514   1.4369555   0.33714592
   0.28911448  1.3518835   2.213861   -0.05850269  1.204709   -0.30174166
   1.7490824  -0.09215668  1.3953797   2.2953482   0.86748624  0.90012944]], shape=(1, 18), dtype=float32)"
1403,[10 1 0 0 0 0 0 1 5 6 6 6 0 0 0 0 0 0 0 0 0 0 0 0 0],[0 1 1 0 0 4],0.2,[10 2 3 6 0 0 0 2 0 0 5 3 0 0 0 0 0 0 0 0 0 0 0 0 0],False,"tf.Tensor(
[[ 2.7683148   1.9392408   1.7446475   1.44974     2.1044395   0.8405598
   1.7508457   0.66447306  2.4540641  -0.2811071   0.67601216  0.3230254
   1.9858913   1.9396844   1.2774907   1.982087    2.6681778  -0.17900893]], shape=(1, 18), dtype=float32)"
1404,[10 2 3 6 0 0 0 2 0 0 5 3 0 0 0 0 0 0 0 0 0 0 0 0 0],[1 1 1 1 0 9],0.2,[10 3 3 6 2 5 0 0 0 0 0 3 0 0 0 0 0 0 0 0 0 0 0 0 0],False,"tf.Tensor(
[[2.854074   1.6282132  1.4640718  1.3169789  1.7375335  0.8119777
  1.0946968  1.1890794  2.3662536  0.0562068  0.5426679  0.31213057
  1.6726133  1.2318854  0.95199007 1.9730378  1.7284088  0.3924891 ]], shape=(1, 18), dtype=float32)"
1405,[10 3 3 6 2 5 0 0 0 0 0 3 0 0 0 0 0 0 0 0 0 0 0 0 0],"tf.Tensor([ 2.4858236  1.4291152  1.612881   1.3795063  2.0017629 10.       ], shape=(6,), dtype=float32)",0.0,[11 1 0 0 0 0 0 5 3 6 1 5 0 0 0 0 0 0 0 0 0 0 0 0 0],False,"tf.Tensor(
[[ 2.4858236e+00  1.4291152e+00  1.6128809e+00  1.3795063e+00
   2.0017629e+00  3.5807133e-01  8.9103562e-01  1.4489504e+00
   2.0339322e+00 -3.2750928e-01  7.3981637e-01  1.8684156e-01
   1.6969513e+00 -5.6397915e-04  9.1386801e-01  2.1867001e+00
   1.2328670e+00  6.1172986e-01]], shape=(1, 18), dtype=float32)"
1406,[11 1 0 0 0 0 0 5 3 6 1 5 0 0 0 0 0 0 0 0 0 0 0 0 0],"tf.Tensor([ 2.6782117  1.4409232  1.1630375  1.510763   2.0282745 11.       ], shape=(6,), dtype=float32)",0.5,[11 2 5 4 3 2 3 0 0 0 0 0 0 0 0 0 0 0 0 0 0 0 0 0 0],False,"tf.Tensor(
[[ 2.6782117   1.4409232   1.1630375   1.510763    2.0282745   1.2245297
   1.3869629   0.8378447   2.0645282  -0.54559547  0.56395507  0.22888024
   2.2054918   1.417339    0.90930325  1.6869243   2.2592454   0.38528877]], shape=(1, 18), dtype=float32)"
1407,[11 2 5 4 3 2 3 0 0 0 0 0 0 0 0 0 0 0 0 0 0 0 0 0 0],"tf.Tensor([ 2.5250268  1.3440604  1.4226664  1.621697   1.9467142 10.       ], shape=(6,), dtype=float32)",0.0,[11 3 5 4 3 2 3 0 0 0 0 0 0 0 0 0 0 0 0 0 0 0 0 0 0],False,"tf.Tensor(
[[ 2.5250268   1.3440604   1.4226664   1.621697    1.9467142   0.8615226
   1.0493685   0.91564214  2.1290593  -0.38039726  0.57336986  0.02181047
   1.921307    0.3792639   0.89959437  2.357384    1.2834102   0.9175743 ]], shape=(1, 18), dtype=float32)"
1408,[11 3 5 4 3 2 3 0 0 0 0 0 0 0 0 0 0 0 0 0 0 0 0 0 0],"tf.Tensor([ 2.5998645  1.3909537  1.5205764  1.6177309  2.0005474 10.       ], shape=(6,), dtype=float32)",0.0,[12 1 0 0 0 0 0 5 4 3 2 3 0 0 0 0 0 0 0 0 0 0 0 0 0],False,"tf.Tensor(
[[ 2.5998645   1.3909537   1.5205764   1.6177309   2.0005474   0.87280834
   1.0512062   0.94745165  2.2647815  -0.34975797  0.6095584  -0.00755762
   1.9401501   0.39249155  0.9326541   2.3618593   1.3025682   0.8778449 ]], shape=(1, 18), dtype=float32)"
1409,[12 1 0 0 0 0 0 5 4 3 2 3 0 0 0 0 0 0 0 0 0 0 0 0 0],[0 1 0 1 0 2],0.2,[12 2 2 4 0 0 0 2 0 5 0 4 0 0 0 0 0 0 0 0 0 0 0 0 0],False,"tf.Tensor(
[[ 2.7344306   1.6415166   1.0461406   1.7194368   2.1798513   1.0945191
   1.1539925   0.95177466  2.0292857  -0.3927284   0.6524392   0.13892762
   2.2070045   1.4862481   0.93132406  1.6792045   2.1382873   0.54870576]], shape=(1, 18), dtype=float32)"
1410,[12 2 2 4 0 0 0 2 0 5 0 4 0 0 0 0 0 0 0 0 0 0 0 0 0],"tf.Tensor([2.7488449 1.4254563 1.6347743 1.1932327 1.8960408 3.       ], shape=(6,), dtype=float32)",0.30000000000000004,[12 3 2 4 2 5 4 0 0 0 0 0 0 0 0 0 0 0 0 0 0 0 0 0 0],False,"tf.Tensor(
[[ 2.7488449   1.4254563   1.6347743   1.1932327   1.8960408   1.0145681
   1.4894096   1.0255829   2.6115837  -0.3225969   0.604104    0.24098216
   1.900067    1.1080939   0.8017299   1.6518394   2.0438817   0.10435893]], shape=(1, 18), dtype=float32)"
1411,[12 3 2 4 2 5 4 0 0 0 0 0 0 0 0 0 0 0 0 0 0 0 0 0 0],"tf.Tensor([ 2.6184158  1.443766   1.5542817  1.5740775  1.9233387 10.       ], shape=(6,), dtype=float32)",0.0,[13 1 0 0 0 0 0 6 2 3 4 6 0 0 0 0 0 0 0 0 0 0 0 0 0],False,"tf.Tensor(
[[ 2.6184158   1.443766    1.5542817   1.5740775   1.9233387   0.8288317
   1.0903599   1.0469543   2.2686636  -0.33386636  0.7093772   0.18103965
   1.963045    0.5115353   0.76868194  2.3251827   1.2685304   0.89363205]], shape=(1, 18), dtype=float32)"
1412,[13 1 0 0 0 0 0 6 2 3 4 6 0 0 0 0 0 0 0 0 0 0 0 0 0],"tf.Tensor([ 3.081396   1.9866407  1.2272125  1.4657847  2.0896468 11.       ], shape=(6,), dtype=float32)",0.5,[13 2 5 5 6 4 1 0 0 0 0 0 0 0 0 0 0 0 0 0 0 0 0 0 0],False,"tf.Tensor(
[[ 3.081396    1.9866407   1.2272125   1.4657847   2.0896468   1.3059559
   1.2839891   1.2851251   2.314359   -0.43433607  0.4839326   0.19018324
   2.3279562   1.7056179   1.1955001   1.7857554   2.3730469   0.3696274 ]], shape=(1, 18), dtype=float32)"
1413,[13 2 5 5 6 4 1 0 0 0 0 0 0 0 0 0 0 0 0 0 0 0 0 0 0],"tf.Tensor([ 3.0296397  1.2448962  1.8505832  1.9533162  2.162419  10.       ], shape=(6,), dtype=float32)",0.0,[13 3 5 5 6 4 1 0 0 0 0 0 0 0 0 0 0 0 0 0 0 0 0 0 0],False,"tf.Tensor(
[[ 3.0296397   1.2448962   1.8505832   1.9533162   2.162419    0.715791
   1.2161773   1.3649111   2.3943522  -0.62576866  0.8986358   0.2805984
   2.029286   -0.32895765  1.2232732   3.102324    1.2153709   1.2315551 ]], shape=(1, 18), dtype=float32)"
1414,[13 3 5 5 6 4 1 0 0 0 0 0 0 0 0 0 0 0 0 0 0 0 0 0 0],"tf.Tensor([ 3.0645542  1.258082   1.9569682  1.9496702  2.222782  10.       ], shape=(6,), dtype=float32)",0.0,[14 1 0 0 0 0 0 5 5 6 4 1 0 0 0 0 0 0 0 0 0 0 0 0 0],True,"tf.Tensor(
[[ 3.0645542   1.258082    1.9569682   1.9496702   2.222782    0.7207602
   1.2467732   1.3644193   2.5256314  -0.58856624  0.9141329   0.23697472
   2.0615623  -0.3551024   1.2703145   3.134984    1.199976    1.2148707 ]], shape=(1, 18), dtype=float32)"
1415,[1 1 0 0 0 0 0 4 4 2 2 2 0 0 0 0 0 0 0 0 0 0 0 0 0],"tf.Tensor([1.0539752 0.927075  0.7425771 0.6985742 0.9691628 7.       ], shape=(6,), dtype=float32)",0.30000000000000004,[1 2 4 4 2 0 0 0 0 3 6 0 0 0 0 0 0 0 0 0 0 0 0 0 0],False,"tf.Tensor(
[[ 1.0539752   0.927075    0.7425771   0.6985742   0.9691628   0.20032294
   0.13107258  0.38965008  0.90469915  0.01403074  0.46411183 -0.13162479
   0.9275511   0.2742803   0.5763498   0.75803053  0.63159573  0.26496235]], shape=(1, 18), dtype=float32)"
1416,[1 2 4 4 2 0 0 0 0 3 6 0 0 0 0 0 0 0 0 0 0 0 0 0 0],"tf.Tensor([1.3227375  1.7757038  0.9419363  0.52852905 1.4021407  3.        ], shape=(6,), dtype=float32)",0.1,[1 3 4 4 2 3 0 0 0 0 2 0 0 0 0 0 0 0 0 0 0 0 0 0 0],False,"tf.Tensor(
[[ 1.3227375   1.7757038   0.9419363   0.52852905  1.4021407  -0.1363144
   0.12389505  0.25436777  1.1570067   0.2297521   0.37138894  0.25054824
   0.8560841   1.0761077   0.710426    1.0575528   1.1468335  -0.14843488]], shape=(1, 18), dtype=float32)"
1417,[1 3 4 4 2 3 0 0 0 0 2 0 0 0 0 0 0 0 0 0 0 0 0 0 0],"tf.Tensor([ 1.1150289  0.6885999  0.9000164  0.84068    1.177469  10.       ], shape=(6,), dtype=float32)",0.0,[2 1 0 0 0 0 0 4 4 2 2 2 0 0 0 0 0 0 0 0 0 0 0 0 0],False,"tf.Tensor(
[[ 1.1150289   0.6885999   0.9000164   0.84068     1.177469    0.15956599
   0.5318857   0.3913565   1.0641209  -0.05223035  0.4518352  -0.07504331
   1.0842595  -0.04381496  0.82508075  1.2609888   0.6104973   0.4145424 ]], shape=(1, 18), dtype=float32)"
1418,[2 1 0 0 0 0 0 4 4 2 2 2 0 0 0 0 0 0 0 0 0 0 0 0 0],"tf.Tensor([1.1305735  0.9930042  0.73282844 0.7141874  1.0296527  7.        ], shape=(6,), dtype=float32)",0.30000000000000004,[2 2 5 5 4 0 0 0 0 1 1 0 0 0 0 0 0 0 0 0 0 0 0 0 0],False,"tf.Tensor(
[[ 1.1305735   0.9930042   0.73282844  0.7141874   1.0296527   0.26773295
   0.19741991  0.4085754   0.9754289  -0.00796423  0.4309779  -0.11309849
   0.99544644  0.3893003   0.5551642   0.7843015   0.6983118   0.27019036]], shape=(1, 18), dtype=float32)"
1419,[2 2 5 5 4 0 0 0 0 1 1 0 0 0 0 0 0 0 0 0 0 0 0 0 0],"tf.Tensor([ 1.4528612   0.95079374  1.1638973   0.99315214  1.3436866  10.        ], shape=(6,), dtype=float32)",0.2,[2 3 5 5 4 1 1 0 0 0 0 0 0 0 0 0 0 0 0 0 0 0 0 0 0],False,"tf.Tensor(
[[ 1.4528612   0.95079374  1.1638973   0.99315214  1.3436866   0.17690921
   0.6486071   0.4560502   1.3758643   0.02037662  0.48831198 -0.19049464
   1.2740022   0.090127    1.0316222   1.6978575   0.66012156  0.4756312 ]], shape=(1, 18), dtype=float32)"
1420,[2 3 5 5 4 1 1 0 0 0 0 0 0 0 0 0 0 0 0 0 0 0 0 0 0],"tf.Tensor([ 1.5450307  0.928395   1.324298   1.1336782  1.398931  10.       ], shape=(6,), dtype=float32)",0.0,[3 1 0 0 0 0 0 5 5 6 4 4 0 0 0 0 0 0 0 0 0 0 0 0 0],False,"tf.Tensor(
[[ 1.5450307   0.928395    1.324298    1.1336782   1.398931    0.17925102
   0.6591224   0.6003653   1.5414325  -0.0034466   0.5666775  -0.30744755
   1.3509169  -0.20402396  1.1600386   1.7026246   0.6896992   0.53780866]], shape=(1, 18), dtype=float32)"
1421,[3 1 0 0 0 0 0 5 5 6 4 4 0 0 0 0 0 0 0 0 0 0 0 0 0],"tf.Tensor([1.9281206 1.4557316 1.2210894 1.1109513 1.6505347 7.       ], shape=(6,), dtype=float32)",0.5,[3 2 1 5 5 5 2 0 0 0 0 0 0 0 0 0 0 0 0 0 0 0 0 0 0],False,"tf.Tensor(
[[ 1.9281206   1.4557316   1.2210894   1.1109513   1.6505347   0.527956
   0.6415426   0.59991056  1.5985707  -0.0454741   0.80483764 -0.00978168
   1.6689676   0.97932327  0.9251732   1.3444661   1.4784489   0.1620517 ]], shape=(1, 18), dtype=float32)"
1422,[3 2 1 5 5 5 2 0 0 0 0 0 0 0 0 0 0 0 0 0 0 0 0 0 0],"tf.Tensor([ 1.9327443  1.061496   1.448894   1.3201317  1.0972339 10.       ], shape=(6,), dtype=float32)",0.0,[3 3 1 5 5 5 2 0 0 0 0 0 0 0 0 0 0 0 0 0 0 0 0 0 0],False,"tf.Tensor(
[[ 1.9327443   1.061496    1.448894    1.3201317   1.0972339   0.05014986
   0.39499915  1.138094    1.4772043  -0.03520109  0.75078267 -0.18247794
   1.1319351  -0.4379148   1.1290753   1.8008695   0.66997594  0.6320509 ]], shape=(1, 18), dtype=float32)"
1423,[3 3 1 5 5 5 2 0 0 0 0 0 0 0 0 0 0 0 0 0 0 0 0 0 0],"tf.Tensor([ 1.9563253  1.063856   1.5446514  1.3408309  1.1189387 10.       ], shape=(6,), dtype=float32)",0.0,[4 1 0 0 0 0 0 1 5 5 5 2 0 0 0 0 0 0 0 0 0 0 0 0 0],False,"tf.Tensor(
[[ 1.9563253   1.063856    1.5446514   1.3408309   1.1189387   0.02284162
   0.3730922   1.1392746   1.50678    -0.0138059   0.81814873 -0.24700193
   1.1979543  -0.4512446   1.1620891   1.8121566   0.64598     0.62530035]], shape=(1, 18), dtype=float32)"
1424,[4 1 0 0 0 0 0 1 5 5 5 2 0 0 0 0 0 0 0 0 0 0 0 0 0],"tf.Tensor([ 1.7073263  1.2597467  1.3467996  1.0935401  1.2661321 10.       ], shape=(6,), dtype=float32)",0.5,[4 2 5 3 1 5 4 0 0 0 0 0 0 0 0 0 0 0 0 0 0 0 0 0 0],False,"tf.Tensor(
[[ 1.7073263   1.2597467   1.3467996   1.0935401   1.2661321   0.2678078
   0.8676217   0.30153587  1.2184094  -0.12669918  0.61785495  0.06149679
   1.4231042   1.1625656   0.84824693  1.577311    1.4498837   0.00524915]], shape=(1, 18), dtype=float32)"
1425,[4 2 5 3 1 5 4 0 0 0 0 0 0 0 0 0 0 0 0 0 0 0 0 0 0],"tf.Tensor([1.5114777 1.1295003 1.0328418 0.9853747 1.6409028 7.       ], shape=(6,), dtype=float32)",0.0,[4 3 5 3 1 5 4 0 0 0 0 0 0 0 0 0 0 0 0 0 0 0 0 0 0],False,"tf.Tensor(
[[ 1.5114777   1.1295003   1.0328418   0.9853747   1.6409028   0.36091438
   0.4092463   0.4664121   1.4333409  -0.02451004  0.47364658 -0.12278396
   1.4998922   0.32383543  0.8346608   1.227451    0.95147145  0.46700805]], shape=(1, 18), dtype=float32)"
1426,[4 3 5 3 1 5 4 0 0 0 0 0 0 0 0 0 0 0 0 0 0 0 0 0 0],"tf.Tensor([1.5564368 1.0961627 1.1368558 1.0197828 1.6768807 7.       ], shape=(6,), dtype=float32)",0.0,[5 1 0 0 0 0 0 5 3 1 5 4 0 0 0 0 0 0 0 0 0 0 0 0 0],False,"tf.Tensor(
[[ 1.5564368   1.0961627   1.1368558   1.0197828   1.6768807   0.3638894
   0.4824331   0.48137882  1.5078562  -0.06066537  0.4932883  -0.15039767
   1.545047    0.23308295  0.8765931   1.3231201   0.9546245   0.48010647]], shape=(1, 18), dtype=float32)"
1427,[5 1 0 0 0 0 0 5 3 1 5 4 0 0 0 0 0 0 0 0 0 0 0 0 0],[0 0 1 1 1 6],0.30000000000000004,[5 2 5 1 5 0 0 4 6 0 0 0 0 0 0 0 0 0 0 0 0 0 0 0 0],False,"tf.Tensor(
[[ 1.6000977   1.3102466   0.98236555  0.5912926   1.5072244   0.9384465
   1.0105306   0.38283736  1.8010912  -0.45162132  0.1862835  -0.12536629
   1.4790156   0.81905806  0.8800599   1.0267711   1.456598    0.04969863]], shape=(1, 18), dtype=float32)"
1428,[5 2 5 1 5 0 0 4 6 0 0 0 0 0 0 0 0 0 0 0 0 0 0 0 0],"tf.Tensor([2.0633283 1.1344694 0.9350219 1.6542205 1.7907877 7.       ], shape=(6,), dtype=float32)",0.2,[5 3 5 1 5 4 6 0 0 0 0 0 0 0 0 0 0 0 0 0 0 0 0 0 0],False,"tf.Tensor(
[[ 2.0633283   1.1344694   0.9350219   1.6542205   1.7907877   0.81080544
   0.8420969   0.6081526   1.5224357  -0.32806528  0.53297395 -0.28055847
   1.826189    0.6298673   1.1700045   1.6771677   1.4927737   0.7176186 ]], shape=(1, 18), dtype=float32)"
1429,[5 3 5 1 5 4 6 0 0 0 0 0 0 0 0 0 0 0 0 0 0 0 0 0 0],"tf.Tensor([1.7989159 1.4701695 1.2519408 1.4381906 1.7526641 7.       ], shape=(6,), dtype=float32)",0.0,[6 1 0 0 0 0 0 6 6 5 1 5 0 0 0 0 0 0 0 0 0 0 0 0 0],False,"tf.Tensor(
[[ 1.7989159   1.4701695   1.2519408   1.4381906   1.7526641   0.25769103
   0.38567752  0.55242056  1.5664121  -0.02900786  0.7472777  -0.3079281
   1.8649032   0.24497199  1.24754     1.7294791   0.9575708   0.7193248 ]], shape=(1, 18), dtype=float32)"
1430,[6 1 0 0 0 0 0 6 6 5 1 5 0 0 0 0 0 0 0 0 0 0 0 0 0],"tf.Tensor([2.0783765 1.6458192 1.1502516 1.1560353 1.9518981 7.       ], shape=(6,), dtype=float32)",0.5,[6 2 3 3 6 3 1 0 0 0 0 0 0 0 0 0 0 0 0 0 0 0 0 0 0],False,"tf.Tensor(
[[ 2.0783765   1.6458192   1.1502516   1.1560353   1.9518981   0.5270832
   0.6285674   0.7574439   1.7105566  -0.11531208  0.7276251   0.1406773
   1.8251523   0.9173501   0.9258659   1.475614    1.4922208   0.37006167]], shape=(1, 18), dtype=float32)"
1431,[6 2 3 3 6 3 1 0 0 0 0 0 0 0 0 0 0 0 0 0 0 0 0 0 0],"tf.Tensor([ 1.952631    0.95302683  1.4428806   1.4745862   1.2475121  10.        ], shape=(6,), dtype=float32)",0.0,[6 3 3 3 6 3 1 0 0 0 0 0 0 0 0 0 0 0 0 0 0 0 0 0 0],False,"tf.Tensor(
[[ 1.9526310e+00  9.5302683e-01  1.4428806e+00  1.4745862e+00
   1.2475121e+00 -3.7772618e-03  6.2960762e-01  1.1444200e+00
   1.3413832e+00 -2.0480432e-01  8.4114760e-01 -1.9870475e-03
   1.3708611e+00 -4.9250889e-01  1.1230110e+00  2.1403384e+00
   6.4717603e-01  8.1476945e-01]], shape=(1, 18), dtype=float32)"
1432,[6 3 3 3 6 3 1 0 0 0 0 0 0 0 0 0 0 0 0 0 0 0 0 0 0],"tf.Tensor([ 1.9506967  0.9340423  1.5166638  1.4597803  1.3056167 10.       ], shape=(6,), dtype=float32)",0.0,[7 1 0 0 0 0 0 3 3 6 3 1 0 0 0 0 0 0 0 0 0 0 0 0 0],False,"tf.Tensor(
[[ 1.9506967   0.9340423   1.5166638   1.4597803   1.3056167   0.01302219
   0.6953017   1.1085384   1.436001   -0.22126938  0.86220133 -0.01529989
   1.3991086  -0.5135942   1.1270101   2.190514    0.6189132   0.8015754 ]], shape=(1, 18), dtype=float32)"
1433,[7 1 0 0 0 0 0 3 3 6 3 1 0 0 0 0 0 0 0 0 0 0 0 0 0],[1 1 0 0 0 3],0.2,[7 2 5 4 0 0 0 0 0 2 1 4 0 0 0 0 0 0 0 0 0 0 0 0 0],False,"tf.Tensor(
[[ 1.9204829   1.1771618   0.887797    1.3261632   1.3975662   0.9076773
   1.120083    0.41162407  1.4545285  -0.4294309   0.2334992   0.12642998
   1.5759583   1.151634    0.76658803  1.3969067   1.8618482   0.32793236]], shape=(1, 18), dtype=float32)"
1434,[7 2 5 4 0 0 0 0 0 2 1 4 0 0 0 0 0 0 0 0 0 0 0 0 0],"tf.Tensor([1.9004648  1.2962124  1.2516497  0.86258817 1.3788707  3.        ], shape=(6,), dtype=float32)",0.2,[7 3 5 4 2 4 0 0 0 0 2 0 0 0 0 0 0 0 0 0 0 0 0 0 0],False,"tf.Tensor(
[[1.9004648  1.2962124  1.2516497  0.86258817 1.3788707  0.42176569
  0.8417493  0.69665945 1.7049986  0.00720765 0.6493285  0.16673064
  1.39379    1.0126522  0.68938947 1.3175608  1.2519118  0.05118147]], shape=(1, 18), dtype=float32)"
1435,[7 3 5 4 2 4 0 0 0 0 2 0 0 0 0 0 0 0 0 0 0 0 0 0 0],"tf.Tensor([ 1.9069726   0.90316486  1.3447905   1.2206917   1.6398877  10.        ], shape=(6,), dtype=float32)",0.0,[8 1 0 0 0 0 0 5 4 5 2 4 0 0 0 0 0 0 0 0 0 0 0 0 0],False,"tf.Tensor(
[[ 1.9069726   0.90316486  1.3447905   1.2206917   1.6398877   0.3827893
   0.85442764  0.8654494   1.6632453  -0.15082958  0.38747284 -0.00665009
   1.564303   -0.14835516  0.99591345  1.7823981   1.0210838   0.683313  ]], shape=(1, 18), dtype=float32)"
1436,[8 1 0 0 0 0 0 5 4 5 2 4 0 0 0 0 0 0 0 0 0 0 0 0 0],"tf.Tensor([ 2.2206788   1.4324946   0.99939984  1.2580613   1.8475502  11.        ], shape=(6,), dtype=float32)",0.5,[8 2 6 1 4 5 5 0 0 0 0 0 0 0 0 0 0 0 0 0 0 0 0 0 0],False,"tf.Tensor(
[[ 2.2206788   1.4324946   0.99939984  1.2580613   1.8475502   0.99759233
   1.1056322   0.6505354   1.7346479  -0.44620606  0.4762494   0.19907753
   1.9415604   1.3043      0.8276884   1.4294199   1.9581941   0.31372505]], shape=(1, 18), dtype=float32)"
1437,[8 2 6 1 4 5 5 0 0 0 0 0 0 0 0 0 0 0 0 0 0 0 0 0 0],"tf.Tensor([2.0879102 1.4526714 1.251135  1.6268743 1.9962132 7.       ], shape=(6,), dtype=float32)",0.0,[8 3 6 1 4 5 5 0 0 0 0 0 0 0 0 0 0 0 0 0 0 0 0 0 0],False,"tf.Tensor(
[[ 2.0879102   1.4526714   1.251135    1.6268743   1.9962132   0.3919173
   0.53869915  0.7288246   1.5907959  -0.20280197  0.6860579  -0.11992553
   2.0556226   0.20647183  1.1768239   2.0447102   1.1357479   0.9385846 ]], shape=(1, 18), dtype=float32)"
1438,[8 3 6 1 4 5 5 0 0 0 0 0 0 0 0 0 0 0 0 0 0 0 0 0 0],"tf.Tensor([2.1157613 1.451967  1.359591  1.6509837 2.0567625 7.       ], shape=(6,), dtype=float32)",0.0,[9 1 0 0 0 0 0 6 1 4 5 5 0 0 0 0 0 0 0 0 0 0 0 0 0],False,"tf.Tensor(
[[ 2.1157613   1.451967    1.359591    1.6509837   2.0567625   0.39417112
   0.5847386   0.7185633   1.6749858  -0.21107192  0.70922554 -0.17809694
   2.114584    0.16150725  1.2101698   2.1114693   1.1327085   0.93347085]], shape=(1, 18), dtype=float32)"
1439,[9 1 0 0 0 0 0 6 1 4 5 5 0 0 0 0 0 0 0 0 0 0 0 0 0],[0 1 0 0 0 4],0.1,[9 2 2 0 0 0 0 2 0 5 4 3 0 0 0 0 0 0 0 0 0 0 0 0 0],False,"tf.Tensor(
[[ 2.5173857   1.7072474   1.1895047   0.9611621   1.8866998   1.3514394
   1.3872994   0.7655703   2.3268955  -0.4702972   0.17742479  0.10931689
   2.0274088   1.522612    1.1050782   1.4149834   2.2870324   0.06866838]], shape=(1, 18), dtype=float32)"
1440,[9 2 2 0 0 0 0 2 0 5 4 3 0 0 0 0 0 0 0 0 0 0 0 0 0],"tf.Tensor([ 2.3652272  1.4732566  1.13844    1.2362978  1.5891827 11.       ], shape=(6,), dtype=float32)",0.4,[9 3 2 2 5 4 3 0 0 0 0 0 0 0 0 0 0 0 0 0 0 0 0 0 0],False,"tf.Tensor(
[[ 2.3652272   1.4732566   1.13844     1.2362978   1.5891827   1.1391542
   1.2587136   0.6494184   2.05442    -0.32779685  0.2182588   0.04232698
   1.7147561   1.3852748   0.985556    1.4176984   2.156917    0.14910942]], shape=(1, 18), dtype=float32)"
1441,[9 3 2 2 5 4 3 0 0 0 0 0 0 0 0 0 0 0 0 0 0 0 0 0 0],"tf.Tensor([ 2.1810994  1.0621815  1.4534405  1.4943098  1.3339716 10.       ], shape=(6,), dtype=float32)",0.0,[10 1 0 0 0 0 0 6 2 4 3 5 0 0 0 0 0 0 0 0 0 0 0 0 0],False,"tf.Tensor(
[[ 2.1810994   1.0621815   1.4534405   1.4943098   1.3339716   0.4227857
   0.6634894   1.0016801   1.7062718  -0.30853537  0.8672071   0.07769506
   1.4779825  -0.10950208  0.93775284  2.1209223   0.76192987  0.8512002 ]], shape=(1, 18), dtype=float32)"
1442,[10 1 0 0 0 0 0 6 2 4 3 5 0 0 0 0 0 0 0 0 0 0 0 0 0],"tf.Tensor([ 2.5020773  1.6230279  1.0699354  1.1862752  1.8268836 11.       ], shape=(6,), dtype=float32)",0.5,[10 2 5 6 3 4 6 0 0 0 0 0 0 0 0 0 0 0 0 0 0 0 0 0 0],False,"tf.Tensor(
[[ 2.5020773   1.6230279   1.0699354   1.1862752   1.8268836   1.2396636
   1.2611887   0.93195343  1.9738369  -0.48041418  0.3686116   0.05465526
   2.0652363   1.525665    1.0581369   1.497137    2.072168    0.23279116]], shape=(1, 18), dtype=float32)"
1443,[10 2 5 6 3 4 6 0 0 0 0 0 0 0 0 0 0 0 0 0 0 0 0 0 0],"tf.Tensor([2.8044431 1.8702848 1.7210914 1.8455683 2.1828218 3.       ], shape=(6,), dtype=float32)",0.0,[10 3 5 6 3 4 6 0 0 0 0 0 0 0 0 0 0 0 0 0 0 0 0 0 0],False,"tf.Tensor(
[[ 2.8044431   1.8702848   1.7210914   1.8455683   2.1828218   0.72403574
   0.73497087  1.0324068   2.3180513  -0.18412666  0.76275074 -0.33624035
   2.281589    0.5543792   1.2340363   2.2558177   1.5616105   0.8131329 ]], shape=(1, 18), dtype=float32)"
1444,[10 3 5 6 3 4 6 0 0 0 0 0 0 0 0 0 0 0 0 0 0 0 0 0 0],"tf.Tensor([2.8600557 1.8692327 1.8334556 1.8569742 2.2537878 3.       ], shape=(6,), dtype=float32)",8.0,[11 1 0 0 0 0 0 5 6 3 4 6 0 0 0 4 0 0 0 0 0 0 0 0 0],False,"tf.Tensor(
[[ 2.8600557   1.8692327   1.8334556   1.8569742   2.2537878   0.76220185
   0.7754044   1.0227274   2.449084   -0.19659752  0.77978015 -0.38535917
   2.3212075   0.50472367  1.2706237   2.3158526   1.573109    0.8065292 ]], shape=(1, 18), dtype=float32)"
1445,[11 1 0 0 0 0 0 5 6 3 4 6 0 0 0 4 0 0 0 0 0 0 0 0 0],"tf.Tensor([2.5121565 1.7360567 1.3083105 1.3338038 1.8867916 7.       ], shape=(6,), dtype=float32)",0.5,[11 2 2 1 4 2 4 0 0 0 0 0 0 0 0 4 0 0 0 0 0 0 0 0 0],False,"tf.Tensor(
[[ 2.5121565   1.7360567   1.3083105   1.3338038   1.8867916   0.85588115
   0.6968626   1.0861497   1.9638641  -0.43375418  0.556928   -0.08478735
   2.0242338   0.66677123  1.2375181   1.6084871   1.6867998   0.5579529 ]], shape=(1, 18), dtype=float32)"
1446,[11 2 2 1 4 2 4 0 0 0 0 0 0 0 0 4 0 0 0 0 0 0 0 0 0],[1 0 0 0 0 6],0.0,[11 3 2 1 4 2 4 0 0 0 0 0 0 0 0 4 0 0 0 0 0 0 0 0 0],False,"tf.Tensor(
[[ 1.9829794   0.8066272   0.88209623  1.5682168   1.0882463   0.7206974
   0.30162013  0.72950065  1.337469   -0.14368849  0.39294174  0.08387955
   1.2243932  -0.0346723   0.90282565  1.9751151   0.68586206  1.2402087 ]], shape=(1, 18), dtype=float32)"
1447,[11 3 2 1 4 2 4 0 0 0 0 0 0 0 0 4 0 0 0 0 0 0 0 0 0],"tf.Tensor([ 2.061358   0.8586339  0.9738683  1.579868   1.1273993 10.       ], shape=(6,), dtype=float32)",0.0,[12 1 0 0 0 0 0 2 1 4 2 4 0 0 0 4 0 0 0 0 0 0 0 0 0],False,"tf.Tensor(
[[ 2.061358    0.8586339   0.9738683   1.579868    1.1273993   0.70969063
   0.3014928   0.7833295   1.4331895  -0.10848407  0.45637134  0.05824394
   1.2747878  -0.02652211  0.92755073  1.9909865   0.6974559   1.2066    ]], shape=(1, 18), dtype=float32)"
1448,[12 1 0 0 0 0 0 2 1 4 2 4 0 0 0 4 0 0 0 0 0 0 0 0 0],"tf.Tensor([2.1676884 1.1233054 0.8816103 1.0979183 1.4161313 3.       ], shape=(6,), dtype=float32)",0.4,[12 2 1 1 4 4 0 0 0 1 0 0 0 0 0 4 0 0 0 0 0 0 0 0 0],False,"tf.Tensor(
[[ 2.1676884   1.1233054   0.8816103   1.0979183   1.4161313   0.8950284
   0.7963699   0.8746678   1.6384515  -0.29861358  0.21422246  0.2293825
   1.5415974   0.7364156   0.71129984  1.2801872   1.5806946   0.48426652]], shape=(1, 18), dtype=float32)"
1449,[12 2 1 1 4 4 0 0 0 1 0 0 0 0 0 4 0 0 0 0 0 0 0 0 0],"tf.Tensor([ 1.8363783   0.58487284  0.8197139   1.2726139   1.2461324  10.        ], shape=(6,), dtype=float32)",0.0,[12 3 1 1 4 4 0 0 0 4 0 0 0 0 0 4 0 0 0 0 0 0 0 0 0],False,"tf.Tensor(
[[ 1.8363783   0.58487284  0.8197139   1.2726139   1.2461324   0.7450161
   0.47177857  0.83481586  1.2881935  -0.4038007   0.3043929   0.34114176
   1.2585554  -0.33404714  0.8297828   1.8044299   0.8444376   1.0165702 ]], shape=(1, 18), dtype=float32)"
1450,[12 3 1 1 4 4 0 0 0 4 0 0 0 0 0 4 0 0 0 0 0 0 0 0 0],"tf.Tensor([ 2.1395657  0.777366   1.1381731  1.3569727  1.2881682 10.       ], shape=(6,), dtype=float32)",0.0,[13 1 0 0 0 0 0 1 1 3 4 4 0 0 0 4 0 0 0 0 0 0 0 0 0],False,"tf.Tensor(
[[ 2.1395657   0.777366    1.1381731   1.3569727   1.2881682   0.94226533
   0.7452095   0.67010665  1.7712902  -0.47704062  0.43182728  0.1072624
   1.4215659  -0.03349749  0.8823069   1.8116218   1.0872494   0.86955404]], shape=(1, 18), dtype=float32)"
1451,[13 1 0 0 0 0 0 1 1 3 4 4 0 0 0 4 0 0 0 0 0 0 0 0 0],"tf.Tensor([2.315146   1.248596   0.89497834 1.1078174  1.5498942  3.        ], shape=(6,), dtype=float32)",0.4,[13 2 6 4 5 5 0 0 0 6 0 0 0 0 0 4 0 0 0 0 0 0 0 0 0],False,"tf.Tensor(
[[ 2.315146    1.248596    0.89497834  1.1078174   1.5498942   0.99180424
   0.7957579   0.80654204  1.9432306  -0.22299762  0.13970625  0.36870533
   1.3525541   0.8816998   0.81592834  1.5192496   1.4973297   0.57738703]], shape=(1, 18), dtype=float32)"
1452,[13 2 6 4 5 5 0 0 0 6 0 0 0 0 0 4 0 0 0 0 0 0 0 0 0],"tf.Tensor([2.9926238 1.3846169 1.4807405 1.707312  1.6363549 3.       ], shape=(6,), dtype=float32)",0.1,[13 3 6 4 5 5 6 0 0 0 0 0 0 0 0 4 0 0 0 0 0 0 0 0 0],False,"tf.Tensor(
[[ 2.9926238   1.3846169   1.4807405   1.707312    1.6363549   1.1871502
   1.240738    1.0716407   2.3771663  -0.5751459   0.4714235   0.02263804
   2.0017285   0.54436827  1.148077    2.050758    2.0709853   0.6755146 ]], shape=(1, 18), dtype=float32)"
1453,[13 3 6 4 5 5 6 0 0 0 0 0 0 0 0 4 0 0 0 0 0 0 0 0 0],[0 0 1 0 1 9],0.0,[14 1 0 0 0 0 0 6 4 2 5 5 0 0 0 4 0 0 0 0 0 0 0 0 0],True,"tf.Tensor(
[[ 2.8708072   1.2768689   1.5617218   2.1844754   1.7932771   0.89651996
   0.63363755  1.0100029   2.0565736  -0.42167422  0.75730294 -0.17195939
   2.080835   -0.14992017  1.377515    2.8130178   1.141242    1.4160899 ]], shape=(1, 18), dtype=float32)"
1454,[1 1 0 0 0 0 0 6 1 5 1 3 0 0 0 0 0 0 0 0 0 0 0 0 0],[0 0 1 1 1 6],0.30000000000000004,[1 2 5 1 3 0 0 2 5 0 0 0 0 0 0 0 0 0 0 0 0 0 0 0 0],False,"tf.Tensor(
[[ 1.0906522   1.1906848   0.9536202   0.58374596  1.1510483   0.31489676
   0.25030658  0.3926238   1.1260018   0.01731682  0.25672418 -0.01211664
   1.1541274   0.37070265  1.0104119   0.6401079   1.1439317  -0.01015782]], shape=(1, 18), dtype=float32)"
1455,[1 2 5 1 3 0 0 2 5 0 0 0 0 0 0 0 0 0 0 0 0 0 0 0 0],"tf.Tensor([ 1.5490571   1.0644903   0.98928887  1.1117016   1.5578067  10.        ], shape=(6,), dtype=float32)",0.2,[1 3 5 1 3 2 5 0 0 0 0 0 0 0 0 0 0 0 0 0 0 0 0 0 0],False,"tf.Tensor(
[[ 1.5490571   1.0644903   0.98928887  1.1117016   1.5578067   0.46146488
   0.6221099   0.41024593  1.4829032  -0.03944228  0.42807838 -0.26738447
   1.4217744   0.27873877  1.0408629   1.4938811   0.98090094  0.5088817 ]], shape=(1, 18), dtype=float32)"
1456,[1 3 5 1 3 2 5 0 0 0 0 0 0 0 0 0 0 0 0 0 0 0 0 0 0],"tf.Tensor([1.0867412 1.172113  0.6778975 0.9364917 1.4625925 7.       ], shape=(6,), dtype=float32)",0.0,[2 1 0 0 0 0 0 6 1 5 1 3 0 0 0 0 0 0 0 0 0 0 0 0 0],False,"tf.Tensor(
[[ 1.0867412   1.172113    0.6778975   0.9364917   1.4625925   0.45162576
   0.57465315  0.01718668  1.3089898  -0.15221217  0.40134442 -0.23308194
   1.4279237   0.3667295   0.8754013   1.231067    1.0268515   0.45333546]], shape=(1, 18), dtype=float32)"
1457,[2 1 0 0 0 0 0 6 1 5 1 3 0 0 0 0 0 0 0 0 0 0 0 0 0],[0 0 1 0 1 4],0.2,[2 2 6 5 0 0 0 1 1 0 6 0 0 0 0 0 0 0 0 0 0 0 0 0 0],False,"tf.Tensor(
[[ 1.2576010e+00  1.2303057e+00  9.3747276e-01  6.4001656e-01
   1.1970260e+00  4.3498376e-01  3.3796924e-01  4.5857370e-01
   1.2156410e+00 -2.7517796e-02  2.2892101e-01  5.1435456e-04
   1.2412800e+00  4.8034877e-01  1.0071814e+00  7.2705162e-01
   1.2403039e+00  4.2995382e-02]], shape=(1, 18), dtype=float32)"
1458,[2 2 6 5 0 0 0 1 1 0 6 0 0 0 0 0 0 0 0 0 0 0 0 0 0],"tf.Tensor([ 1.4647894   1.6301558   0.8685392   0.72527754  1.4059952  10.        ], shape=(6,), dtype=float32)",0.2,[2 3 6 5 1 1 0 0 0 0 2 0 0 0 0 0 0 0 0 0 0 0 0 0 0],False,"tf.Tensor(
[[ 1.4647894   1.6301558   0.8685392   0.72527754  1.4059952  -0.11199719
   0.02760388  0.33641878  0.94379884  0.30168182  0.5644562   0.26097992
   1.2560934   1.1439301   0.7163654   1.3095372   0.88636595  0.19179624]], shape=(1, 18), dtype=float32)"
1459,[2 3 6 5 1 1 0 0 0 0 2 0 0 0 0 0 0 0 0 0 0 0 0 0 0],"tf.Tensor([ 1.3337796  1.0057456  0.961383   0.8467581  1.2623843 10.       ], shape=(6,), dtype=float32)",0.0,[3 1 0 0 0 0 0 1 6 6 4 5 0 0 0 0 0 0 0 0 0 0 0 0 0],False,"tf.Tensor(
[[ 1.3337796   1.0057456   0.961383    0.8467581   1.2623843   0.21752596
   0.5583066   0.31971085  1.2752266   0.02618488  0.45322797 -0.14377877
   1.1992642   0.34777915  0.87026536  1.3683146   0.7966699   0.31594026]], shape=(1, 18), dtype=float32)"
1460,[3 1 0 0 0 0 0 1 6 6 4 5 0 0 0 0 0 0 0 0 0 0 0 0 0],"tf.Tensor([ 1.7165998  1.2307491  1.5063384  1.0481341  1.4552225 10.       ], shape=(6,), dtype=float32)",0.5,[3 2 6 4 3 4 5 0 0 0 0 0 0 0 0 0 0 0 0 0 0 0 0 0 0],False,"tf.Tensor(
[[ 1.7165998   1.2307491   1.5063384   1.0481341   1.4552225   0.09510837
   0.8089877   0.43294165  1.2667458  -0.06207702  1.0272404   0.11157109
   1.6336497   0.9373434   0.8071552   1.7470862   1.1380211   0.05356253]], shape=(1, 18), dtype=float32)"
1461,[3 2 6 4 3 4 5 0 0 0 0 0 0 0 0 0 0 0 0 0 0 0 0 0 0],"tf.Tensor([1.6995828 1.4482858 1.124152  1.2107335 1.7986692 7.       ], shape=(6,), dtype=float32)",0.0,[3 3 6 4 3 4 5 0 0 0 0 0 0 0 0 0 0 0 0 0 0 0 0 0 0],False,"tf.Tensor(
[[ 1.6995828   1.4482858   1.124152    1.2107335   1.7986692   0.3740552
   0.39757553  0.46302438  1.649806    0.04447678  0.56978226 -0.31235397
   1.6932925   0.3845091   1.129657    1.499235    1.0085379   0.57605577]], shape=(1, 18), dtype=float32)"
1462,[3 3 6 4 3 4 5 0 0 0 0 0 0 0 0 0 0 0 0 0 0 0 0 0 0],"tf.Tensor([1.7667711 1.4688601 1.2219386 1.2424694 1.8357358 7.       ], shape=(6,), dtype=float32)",0.0,[4 1 0 0 0 0 0 6 4 3 4 5 0 0 0 0 0 0 0 0 0 0 0 0 0],False,"tf.Tensor(
[[ 1.7667711   1.4688601   1.2219386   1.2424694   1.8357358   0.37438232
   0.41360772  0.49623153  1.7349298   0.04124031  0.60055006 -0.3449243
   1.7401175   0.3449111   1.1695856   1.5437427   1.0276607   0.57563734]], shape=(1, 18), dtype=float32)"
1463,[4 1 0 0 0 0 0 6 4 3 4 5 0 0 0 0 0 0 0 0 0 0 0 0 0],"tf.Tensor([1.6429417 1.4186121 1.0053828 0.643995  1.6797518 3.       ], shape=(6,), dtype=float32)",0.4,[4 2 5 1 6 2 0 0 0 0 2 0 0 0 0 0 0 0 0 0 0 0 0 0 0],False,"tf.Tensor(
[[ 1.6429417   1.4186121   1.0053828   0.643995    1.6797518   0.82306683
   0.9308328   0.39206275  1.7821512  -0.35692352  0.34491897 -0.03188489
   1.5908144   0.8668515   0.8872737   1.1352549   1.4526081   0.08623789]], shape=(1, 18), dtype=float32)"
1464,[4 2 5 1 6 2 0 0 0 0 2 0 0 0 0 0 0 0 0 0 0 0 0 0 0],[0 1 0 0 0 7],0.0,[4 3 5 1 6 2 0 0 0 0 4 0 0 0 0 0 0 0 0 0 0 0 0 0 0],False,"tf.Tensor(
[[ 1.4770424   0.8334931   1.1358982   1.4499415   1.003407   -0.16840178
   0.42422467  0.8475861   0.87871057 -0.16888833  0.7545218   0.22047547
   1.2194742  -0.4720984   1.1406783   1.8354769   0.679424    0.70908475]], shape=(1, 18), dtype=float32)"
1465,[4 3 5 1 6 2 0 0 0 0 4 0 0 0 0 0 0 0 0 0 0 0 0 0 0],"tf.Tensor([ 1.5411116   0.95441914  1.1242894   1.5229403   0.99171865 10.        ], shape=(6,), dtype=float32)",0.0,[5 1 0 0 0 0 0 5 1 6 3 2 0 0 0 0 0 0 0 0 0 0 0 0 0],False,"tf.Tensor(
[[ 1.5411116   0.95441914  1.1242894   1.5229403   0.99171865 -0.16781837
   0.31039795  0.8622067   0.8929189  -0.11308902  0.78920716  0.14743347
   1.27655    -0.40724182  1.2143133   1.8210646   0.6904191   0.751684  ]], shape=(1, 18), dtype=float32)"
1466,[5 1 0 0 0 0 0 5 1 6 3 2 0 0 0 0 0 0 0 0 0 0 0 0 0],"tf.Tensor([ 1.912325    1.2990315   0.87025774  1.0927624   1.2993482  11.        ], shape=(6,), dtype=float32)",0.4,[5 2 2 2 5 6 0 0 0 1 0 0 0 0 0 0 0 0 0 0 0 0 0 0 0],False,"tf.Tensor(
[[ 1.912325    1.2990315   0.87025774  1.0927624   1.2993482   0.9196964
   0.7961286   0.5483262   1.4442539  -0.32987362  0.24745889  0.05938521
   1.5488855   1.039555    0.92304593  1.2013277   1.7559185   0.24436219]], shape=(1, 18), dtype=float32)"
1467,[5 2 2 2 5 6 0 0 0 1 0 0 0 0 0 0 0 0 0 0 0 0 0 0 0],"tf.Tensor([ 1.7586473  1.0164777  1.1876011  1.2639426  1.1884357 10.       ], shape=(6,), dtype=float32)",0.1,[5 3 2 2 5 6 1 0 0 0 0 0 0 0 0 0 0 0 0 0 0 0 0 0 0],False,"tf.Tensor(
[[ 1.7586473   1.0164777   1.1876011   1.2639426   1.1884357   0.00431559
   0.5036006   1.0913111   1.1620624  -0.1985907   0.78128356  0.10437469
   1.2193257  -0.25874564  0.91729367  1.8136886   0.67978334  0.65754765]], shape=(1, 18), dtype=float32)"
1468,[5 3 2 2 5 6 1 0 0 0 0 0 0 0 0 0 0 0 0 0 0 0 0 0 0],"tf.Tensor([ 1.7751222  0.9272579  1.3462995  1.322596   1.1816729 10.       ], shape=(6,), dtype=float32)",0.0,[6 1 0 0 0 0 0 2 2 3 5 6 0 0 0 0 0 0 0 0 0 0 0 0 0],False,"tf.Tensor(
[[ 1.7751222   0.9272579   1.3462995   1.322596    1.1816729  -0.05862639
   0.5188984   1.0846306   1.1878953  -0.16567227  0.8473787   0.05498984
   1.2922702  -0.3593874   0.9695105   1.8744255   0.6107588   0.68640566]], shape=(1, 18), dtype=float32)"
1469,[6 1 0 0 0 0 0 2 2 3 5 6 0 0 0 0 0 0 0 0 0 0 0 0 0],[1 0 0 0 1 9],0.2,[6 2 1 2 0 0 0 0 6 3 5 0 0 0 0 0 0 0 0 0 0 0 0 0 0],False,"tf.Tensor(
[[ 1.7089105   1.2547268   1.0747683   0.77064645  1.5085248   0.7026594
   1.2804428   0.42689916  1.8061755  -0.2633377   0.44230446  0.20440169
   1.3695625   1.1405247   0.84388596  1.1667851   1.6959062  -0.13021599]], shape=(1, 18), dtype=float32)"
1470,[6 2 1 2 0 0 0 0 6 3 5 0 0 0 0 0 0 0 0 0 0 0 0 0 0],"tf.Tensor([2.0916736 1.1931055 1.4629413 1.2848644 1.4309473 7.       ], shape=(6,), dtype=float32)",0.30000000000000004,[6 3 1 2 6 3 5 0 0 0 0 0 0 0 0 0 0 0 0 0 0 0 0 0 0],False,"tf.Tensor(
[[ 2.0916736   1.1931055   1.4629413   1.2848644   1.4309473   0.6423029
   0.9742152   0.5777859   1.5823696  -0.25090212  0.6577463   0.00376769
   1.6508075   0.99541575  0.8232892   1.6041104   1.6493678   0.15264179]], shape=(1, 18), dtype=float32)"
1471,[6 3 1 2 6 3 5 0 0 0 0 0 0 0 0 0 0 0 0 0 0 0 0 0 0],"tf.Tensor([ 1.9807066  1.2644317  1.5155468  1.543348   1.0339444 10.       ], shape=(6,), dtype=float32)",0.0,[7 1 0 0 0 0 0 1 5 6 3 2 0 0 0 0 0 0 0 0 0 0 0 0 0],False,"tf.Tensor(
[[ 1.9807066   1.2644317   1.5155468   1.543348    1.0339444   0.12550703
   0.05380717  0.9490863   1.529176    0.03065406  0.97968924 -0.40252024
   1.369336   -0.24041943  1.208052    1.7987895   0.48112527  0.7906499 ]], shape=(1, 18), dtype=float32)"
1472,[7 1 0 0 0 0 0 1 5 6 3 2 0 0 0 0 0 0 0 0 0 0 0 0 0],"tf.Tensor([ 2.0415132  1.2672058  1.2968835  1.3875188  1.5234379 11.       ], shape=(6,), dtype=float32)",0.5,[7 2 2 3 4 5 6 0 0 0 0 0 0 0 0 0 0 0 0 0 0 0 0 0 0],False,"tf.Tensor(
[[ 2.0415132   1.2672058   1.2968835   1.3875188   1.5234379   0.74951446
   1.1268357   0.42978993  1.5155735  -0.40271097  0.53388053  0.06545345
   1.7425165   1.1608031   0.8439933   1.6505474   1.8409464   0.22125785]], shape=(1, 18), dtype=float32)"
1473,[7 2 2 3 4 5 6 0 0 0 0 0 0 0 0 0 0 0 0 0 0 0 0 0 0],"tf.Tensor([ 2.1215649  1.4283301  1.4564353  1.5127397  1.3742244 10.       ], shape=(6,), dtype=float32)",0.0,[7 3 2 3 4 5 6 0 0 0 0 0 0 0 0 0 0 0 0 0 0 0 0 0 0],False,"tf.Tensor(
[[ 2.1215649   1.4283301   1.4564353   1.5127397   1.3742244   0.2682639
   0.39020258  0.9539303   1.6527205  -0.02503295  0.8723287  -0.24555063
   1.6464977   0.23820622  1.0892622   1.7730948   0.91788876  0.65343344]], shape=(1, 18), dtype=float32)"
1474,[7 3 2 3 4 5 6 0 0 0 0 0 0 0 0 0 0 0 0 0 0 0 0 0 0],"tf.Tensor([ 2.134367   1.4116936  1.5548123  1.5179737  1.4432739 10.       ], shape=(6,), dtype=float32)",60.0,[8 1 0 0 0 0 0 2 3 4 5 6 0 0 0 0 0 0 0 0 0 0 30 0 0],False,"tf.Tensor(
[[ 2.134367    1.4116936   1.5548123   1.5179737   1.4432739   0.25210753
   0.39417356  0.95111954  1.7210538  -0.01236776  0.89241576 -0.29229352
   1.6781231   0.1607937   1.1238964   1.820049    0.8903765   0.65434635]], shape=(1, 18), dtype=float32)"
1475,[8 1 0 0 0 0 0 2 3 4 5 6 0 0 0 0 0 0 0 0 0 0 30 0 0],"tf.Tensor([ 2.1181815  0.8943569  1.3278522  1.336236   0.7135779 11.       ], shape=(6,), dtype=float32)",0.30000000000000004,[8 2 4 4 1 0 0 0 1 0 0 6 0 0 0 0 0 0 0 0 0 0 30 0 0],False,"tf.Tensor(
[[ 2.1181815   0.8943569   1.3278522   1.336236    0.7135779   0.3970282
   0.880556    1.0321071   1.7164123   0.21210077  0.46833694 -0.5996813
   0.8526144  -0.5144673   1.9776002   1.2578827   2.358438   -0.2550161 ]], shape=(1, 18), dtype=float32)"
1476,[8 2 4 4 1 0 0 0 1 0 0 6 0 0 0 0 0 0 0 0 0 0 30 0 0],"tf.Tensor([ 1.9488918  1.0529085  1.3237814  1.3138691  0.5210516 11.       ], shape=(6,), dtype=float32)",0.1,[8 3 4 4 1 1 0 0 0 0 0 2 0 0 0 0 0 0 0 0 0 0 30 0 0],False,"tf.Tensor(
[[ 1.9488918   1.0529085   1.3237814   1.3138691   0.5210516   0.30712655
   0.90043116  1.1739802   1.6712844   0.11060984  0.4564369  -0.5762356
   0.68321866 -0.5869253   1.8368303   1.4945399   1.9612944  -0.20975222]], shape=(1, 18), dtype=float32)"
1477,[8 3 4 4 1 1 0 0 0 0 0 2 0 0 0 0 0 0 0 0 0 0 30 0 0],"tf.Tensor([ 2.0000615   1.4001589   1.2476462   1.24817     0.88166904 11.        ], shape=(6,), dtype=float32)",0.0,[9 1 0 0 0 0 0 4 3 4 1 5 0 0 0 0 0 0 0 0 0 0 30 0 0],False,"tf.Tensor(
[[ 2.0000615   1.4001589   1.2476462   1.24817     0.88166904  0.4035991
   0.7673296   1.3351201   1.7458272  -0.06894924  0.36821195 -0.6135508
   0.9180718  -0.520124    1.8479089   1.4639064   2.1799397  -0.2790593 ]], shape=(1, 18), dtype=float32)"
1478,[9 1 0 0 0 0 0 4 3 4 1 5 0 0 0 0 0 0 0 0 0 0 30 0 0],"tf.Tensor([ 2.1013527  1.1358092  1.2117358  1.3657081  0.86946   11.       ], shape=(6,), dtype=float32)",0.4,[9 2 4 6 5 1 0 0 0 0 0 6 0 0 0 0 0 0 0 0 0 0 30 0 0],False,"tf.Tensor(
[[ 2.1013527   1.1358092   1.2117358   1.3657081   0.86946     0.37701914
   0.6777761   1.2774696   1.5190368  -0.05711213  0.4619967  -0.6920867
   1.0756631  -0.5366671   1.9151114   1.2173158   2.5398362  -0.3852347 ]], shape=(1, 18), dtype=float32)"
1479,[9 2 4 6 5 1 0 0 0 0 0 6 0 0 0 0 0 0 0 0 0 0 30 0 0],"tf.Tensor([1.9813058 1.5033647 1.4809922 1.3342348 0.5676677 9.       ], shape=(6,), dtype=float32)",0.0,[9 3 4 6 5 1 0 0 0 0 0 6 0 0 0 0 0 0 0 0 0 0 30 0 0],False,"tf.Tensor(
[[ 1.9813058   1.5033647   1.4809922   1.3342348   0.5676677   0.21843806
   0.88540673  1.2309775   1.9493489   0.3663754   0.3011034  -0.6292616
   0.6920686  -0.45538318  1.9883878   1.517275    1.8031908  -0.13362645]], shape=(1, 18), dtype=float32)"
1480,[9 3 4 6 5 1 0 0 0 0 0 6 0 0 0 0 0 0 0 0 0 0 30 0 0],[ 1  0  0  0  0 11],0.0,[10 1 0 0 0 0 0 4 6 5 1 6 0 0 0 0 0 0 0 0 0 0 30 0 0],False,"tf.Tensor(
[[ 2.0273829   1.5310458   1.4568597   1.3424484   0.61130965  0.25565118
   0.8573531   1.2692529   1.9529073   0.33226824  0.29448515 -0.64476407
   0.7318051  -0.46138412  2.0077627   1.5000068   1.8983414  -0.14620888]], shape=(1, 18), dtype=float32)"
1481,[10 1 0 0 0 0 0 4 6 5 1 6 0 0 0 0 0 0 0 0 0 0 30 0 0],"tf.Tensor([ 2.389905    1.2613133   1.34368     1.5380975   0.77232826 11.        ], shape=(6,), dtype=float32)",0.4,[10 2 1 1 2 5 0 0 0 0 0 2 0 0 0 0 0 0 0 0 0 0 30 0 0],False,"tf.Tensor(
[[ 2.389905    1.2613133   1.34368     1.5380975   0.77232826  0.37494868
   0.6606728   1.4125359   1.6525469   0.06880828  0.598489   -0.6507874
   1.0934339  -0.48899746  2.165683    1.3774105   2.6024928  -0.27912995]], shape=(1, 18), dtype=float32)"
1482,[10 2 1 1 2 5 0 0 0 0 0 2 0 0 0 0 0 0 0 0 0 0 30 0 0],[0 0 1 1 0 2],0.0,[10 3 1 1 2 5 0 0 0 0 0 6 0 0 0 0 0 0 0 0 0 0 30 0 0],False,"tf.Tensor(
[[ 1.795514    1.5644453   0.94169176  1.1393136   1.346919    0.51020294
   0.41595292  1.2804245   1.4605889  -0.30433303  0.30302098 -0.66664207
   1.2836108  -0.30305463  1.6502908   1.218479    2.4261868  -0.4048388 ]], shape=(1, 18), dtype=float32)"
1483,[10 3 1 1 2 5 0 0 0 0 0 6 0 0 0 0 0 0 0 0 0 0 30 0 0],"tf.Tensor([ 1.7137448  1.3904074  0.8673886  1.1377194  1.2653941 11.       ], shape=(6,), dtype=float32)",0.0,[11 1 0 0 0 0 0 1 1 2 5 4 0 0 0 0 0 0 0 0 0 0 30 0 0],False,"tf.Tensor(
[[ 1.7137448   1.3904074   0.8673886   1.1377194   1.2653941   0.49016318
   0.34647888  1.2344894   1.2611692  -0.34747463  0.34518296 -0.62623215
   1.2653831  -0.31267413  1.5454249   1.1075975   2.4683642  -0.45121256]], shape=(1, 18), dtype=float32)"
1484,[11 1 0 0 0 0 0 1 1 2 5 4 0 0 0 0 0 0 0 0 0 0 30 0 0],"tf.Tensor([ 2.0427873  1.129894   0.8618393  1.2362204  1.1569635 11.       ], shape=(6,), dtype=float32)",0.4,[11 2 5 1 5 3 0 0 0 5 0 0 0 0 0 0 0 0 0 0 0 0 30 0 0],False,"tf.Tensor(
[[ 2.0427873   1.129894    0.8618393   1.2362204   1.1569635   0.66029733
   0.8636776   0.8420676   1.7212775  -0.03932527  0.24993367 -0.73602396
   0.9012656  -0.24280627  1.6397697   1.1753141   2.565172   -0.3053782 ]], shape=(1, 18), dtype=float32)"
1485,[11 2 5 1 5 3 0 0 0 5 0 0 0 0 0 0 0 0 0 0 0 0 30 0 0],"tf.Tensor([ 2.0624676  2.0127006  1.0142908  1.2145709  1.3330911 11.       ], shape=(6,), dtype=float32)",0.1,[11 3 5 1 5 3 5 0 0 0 0 0 0 0 0 0 0 0 0 0 0 0 30 0 0],False,"tf.Tensor(
[[ 2.0624676   2.0127006   1.0142908   1.2145709   1.3330911   0.54674244
   0.50755334  1.3586617   1.9056559  -0.00569584  0.19258232 -0.7264618
   1.119494   -0.13954853  1.8578837   1.396347    2.2929287  -0.22266473]], shape=(1, 18), dtype=float32)"
1486,[11 3 5 1 5 3 5 0 0 0 0 0 0 0 0 0 0 0 0 0 0 0 30 0 0],"tf.Tensor([ 1.9754642  1.9172841  0.9281261  1.12735    1.5331606 11.       ], shape=(6,), dtype=float32)",0.0,[12 1 0 0 0 0 0 5 1 1 5 3 0 0 0 0 0 0 0 0 0 0 30 0 0],False,"tf.Tensor(
[[ 1.9754642   1.9172841   0.9281261   1.12735     1.5331606   0.65249234
   0.78560716  1.0404961   2.17083    -0.01087921  0.07408725 -0.83946514
   1.003395   -0.11650376  1.830271    1.4922683   2.1865857  -0.09399414]], shape=(1, 18), dtype=float32)"
1487,[12 1 0 0 0 0 0 5 1 1 5 3 0 0 0 0 0 0 0 0 0 0 30 0 0],"tf.Tensor([ 2.4065332   1.3678482   0.98201174  1.408669    1.5009463  11.        ], shape=(6,), dtype=float32)",0.5,[12 2 1 1 4 2 6 0 0 0 0 0 0 0 0 0 0 0 0 0 0 0 30 0 0],False,"tf.Tensor(
[[ 2.4065332   1.3678482   0.98201174  1.408669    1.5009463   0.8050377
   1.0867437   0.8175031   2.0689847  -0.27170098  0.32097244 -0.7669864
   1.2099991  -0.24447207  1.8860097   1.2868391   3.08235    -0.35099965]], shape=(1, 18), dtype=float32)"
1488,[12 2 1 1 4 2 6 0 0 0 0 0 0 0 0 0 0 0 0 0 0 0 30 0 0],"tf.Tensor([1.8637588 1.7188581 1.1042378 1.0589043 1.1140789 3.       ], shape=(6,), dtype=float32)",0.0,[12 3 1 1 4 2 6 0 0 0 0 0 0 0 0 0 0 0 0 0 0 0 30 0 0],False,"tf.Tensor(
[[ 1.8637588   1.7188581   1.1042378   1.0589043   1.1140789   0.41258025
   0.8570681   1.068279    2.1995878   0.29950362  0.08145364 -0.90378773
   0.8298354  -0.3648607   1.8847088   1.3881806   1.7799067  -0.07922021]], shape=(1, 18), dtype=float32)"
1489,[12 3 1 1 4 2 6 0 0 0 0 0 0 0 0 0 0 0 0 0 0 0 30 0 0],"tf.Tensor([1.9343464 1.7788662 1.0960985 1.1037134 1.181147  3.       ], shape=(6,), dtype=float32)",8.0,[13 1 0 0 0 0 0 1 1 4 2 6 0 0 0 4 0 0 0 0 0 0 30 0 0],False,"tf.Tensor(
[[ 1.9343464   1.7788662   1.0960985   1.1037134   1.181147    0.47649285
   0.8345456   1.0786726   2.2111354   0.2652087   0.07767324 -0.90844494
   0.90644574 -0.31500334  1.9092023   1.3878541   1.918414   -0.08454674]], shape=(1, 18), dtype=float32)"
1490,[13 1 0 0 0 0 0 1 1 4 2 6 0 0 0 4 0 0 0 0 0 0 30 0 0],"tf.Tensor([ 1.9579298  1.4255892  0.9347359  1.1945843  1.2861568 11.       ], shape=(6,), dtype=float32)",0.5,[13 2 1 3 3 3 5 0 0 0 0 0 0 0 0 4 0 0 0 0 0 0 30 0 0],False,"tf.Tensor(
[[ 1.9579298   1.4255892   0.9347359   1.1945843   1.2861568   0.44897163
   0.7579458   0.98842233  1.640595   -0.02363008  0.13984035 -0.8330158
   1.1631151  -0.27051467  1.8702399   0.9327262   2.6882102  -0.4826122 ]], shape=(1, 18), dtype=float32)"
1491,[13 2 1 3 3 3 5 0 0 0 0 0 0 0 0 4 0 0 0 0 0 0 30 0 0],"tf.Tensor([1.9589224 2.089218  1.3791682 1.0263464 1.3152598 3.       ], shape=(6,), dtype=float32)",0.0,[13 3 1 3 3 3 5 0 0 0 0 0 0 0 0 4 0 0 0 0 0 0 30 0 0],False,"tf.Tensor(
[[ 1.9589224   2.089218    1.3791682   1.0263464   1.3152598   0.4424263
   0.7429309   1.2668152   2.4229414   0.54283774 -0.1753055  -1.0777857
   1.1633024  -0.25313067  2.1971643   1.1349146   2.0977514  -0.2039641 ]], shape=(1, 18), dtype=float32)"
1492,[13 3 1 3 3 3 5 0 0 0 0 0 0 0 0 4 0 0 0 0 0 0 30 0 0],[0 1 1 1 1 5],0.0,[14 1 0 0 0 0 0 1 3 3 3 5 0 0 0 4 0 0 0 0 0 0 30 0 0],True,"tf.Tensor(
[[ 2.0249293   2.1174223   1.383511    1.0837532   1.3447355   0.4757129
   0.7552812   1.2756217   2.4323366   0.52348346 -0.14556326 -1.0778098
   1.2139732  -0.25382835  2.2321515   1.1647406   2.19932    -0.20948727]], shape=(1, 18), dtype=float32)"
1493,[1 1 0 0 0 0 0 6 5 5 3 2 0 0 0 0 0 0 0 0 0 0 0 0 0],"tf.Tensor([1.5754675 1.2681909 1.023998  1.0729889 1.3966942 7.       ], shape=(6,), dtype=float32)",0.5,[1 2 6 5 5 3 2 0 0 0 0 0 0 0 0 0 0 0 0 0 0 0 0 0 0],False,"tf.Tensor(
[[ 1.5754675   1.2681909   1.023998    1.0729889   1.3966942   0.30416477
   0.14183669  0.5510962   1.1747476   0.04871919  0.6797544  -0.17798823
   1.3953313   0.46848404  0.9042478   1.1695033   1.0157857   0.381986  ]], shape=(1, 18), dtype=float32)"
1494,[1 2 6 5 5 3 2 0 0 0 0 0 0 0 0 0 0 0 0 0 0 0 0 0 0],"tf.Tensor([ 1.6621685  1.0602212  1.2993472  1.27592    1.6343782 10.       ], shape=(6,), dtype=float32)",0.0,[1 3 6 5 5 3 2 0 0 0 0 0 0 0 0 0 0 0 0 0 0 0 0 0 0],False,"tf.Tensor(
[[ 1.6621685   1.0602212   1.2993472   1.27592     1.6343782   0.22494994
   0.7633606   0.58667386  1.6426911  -0.09404542  0.56090176 -0.13845499
   1.4842472  -0.19129819  1.302313    1.9124441   0.92338365  0.59963137]], shape=(1, 18), dtype=float32)"
1495,[1 3 6 5 5 3 2 0 0 0 0 0 0 0 0 0 0 0 0 0 0 0 0 0 0],"tf.Tensor([ 1.7411336  1.0819362  1.3838716  1.2895983  1.6964421 10.       ], shape=(6,), dtype=float32)",0.0,[2 1 0 0 0 0 0 6 5 5 3 2 0 0 0 0 0 0 0 0 0 0 0 0 0],False,"tf.Tensor(
[[ 1.7411336   1.0819362   1.3838716   1.2895983   1.6964421   0.24715164
   0.78634846  0.6060868   1.733673   -0.08687991  0.6075927  -0.21795133
   1.5696192  -0.18182828  1.3334844   1.9553547   0.9141852   0.6181746 ]], shape=(1, 18), dtype=float32)"
1496,[2 1 0 0 0 0 0 6 5 5 3 2 0 0 0 0 0 0 0 0 0 0 0 0 0],"tf.Tensor([1.7251444 1.3447002 1.044735  1.0983621 1.433924  7.       ], shape=(6,), dtype=float32)",0.5,[2 2 4 5 2 6 5 0 0 0 0 0 0 0 0 0 0 0 0 0 0 0 0 0 0],False,"tf.Tensor(
[[ 1.7251444e+00  1.3447002e+00  1.0447350e+00  1.0983621e+00
   1.4339240e+00  4.4891453e-01  2.4906477e-01  5.9266114e-01
   1.3139920e+00 -3.6571175e-04  6.2890077e-01 -1.7150348e-01
   1.4799891e+00  6.2896585e-01  8.7581289e-01  1.1917274e+00
   1.1593853e+00  3.6449987e-01]], shape=(1, 18), dtype=float32)"
1497,[2 2 4 5 2 6 5 0 0 0 0 0 0 0 0 0 0 0 0 0 0 0 0 0 0],[1 0 1 0 1 4],0.0,[2 3 4 5 2 6 5 0 0 0 0 0 0 0 0 0 0 0 0 0 0 0 0 0 0],False,"tf.Tensor(
[[ 1.6431271   1.2333741   1.2808965   1.1796355   1.5384276   0.23216696
   0.41601482  0.5909827   1.5406157  -0.0135554   0.6587243  -0.30020788
   1.5239215   0.09347847  1.0577408   1.5214888   0.8240716   0.535071  ]], shape=(1, 18), dtype=float32)"
1498,[2 3 4 5 2 6 5 0 0 0 0 0 0 0 0 0 0 0 0 0 0 0 0 0 0],"tf.Tensor([1.6841156 1.2501279 1.3602203 1.1702797 1.6139638 3.       ], shape=(6,), dtype=float32)",8.0,[3 1 0 0 0 0 0 4 5 2 6 5 0 0 0 4 0 0 0 0 0 0 0 0 0],False,"tf.Tensor(
[[ 1.6841156   1.2501279   1.3602203   1.1702797   1.6139638   0.26614636
   0.4295194   0.5743048   1.6432594  -0.00812939  0.65975165 -0.33865738
   1.5759785   0.09743328  1.0840757   1.5066748   0.8782387   0.503083  ]], shape=(1, 18), dtype=float32)"
1499,[3 1 0 0 0 0 0 4 5 2 6 5 0 0 0 4 0 0 0 0 0 0 0 0 0],"tf.Tensor([1.2445552 1.2022539 1.0268809 0.7103358 1.1138407 3.       ], shape=(6,), dtype=float32)",0.4,[3 2 6 4 3 3 0 0 0 0 4 0 0 0 0 4 0 0 0 0 0 0 0 0 0],False,"tf.Tensor(
[[ 1.2445552   1.2022539   1.0268809   0.7103358   1.1138407   0.441457
   0.44813576  0.3539955   1.4300618  -0.16869867  0.4090429  -0.46012092
   1.1494528   0.16430521  0.9799042   1.1230588   0.7182317   0.25224185]], shape=(1, 18), dtype=float32)"
1500,[3 2 6 4 3 3 0 0 0 0 4 0 0 0 0 4 0 0 0 0 0 0 0 0 0],"tf.Tensor([ 1.3036361   0.67694354  0.636397    1.1991899   1.0015478  10.        ], shape=(6,), dtype=float32)",0.1,[3 3 6 4 3 3 4 0 0 0 0 0 0 0 0 4 0 0 0 0 0 0 0 0 0],False,"tf.Tensor(
[[ 1.3036361   0.67694354  0.636397    1.1991899   1.0015478   0.1922713
   0.3063805   0.5502215   0.83374006  0.07448667  0.2926178  -0.19615065
   1.0732217  -0.19043507  1.0006102   1.445161    0.6542902   0.75289196]], shape=(1, 18), dtype=float32)"
1501,[3 3 6 4 3 3 4 0 0 0 0 0 0 0 0 4 0 0 0 0 0 0 0 0 0],"tf.Tensor([ 1.6209706   0.99138594  0.94761854  1.3215338   1.148181   10.        ], shape=(6,), dtype=float32)",0.0,[4 1 0 0 0 0 0 6 4 3 4 3 0 0 0 4 0 0 0 0 0 0 0 0 0],False,"tf.Tensor(
[[ 1.6209706   0.99138594  0.94761854  1.3215338   1.148181    0.33501083
   0.16730574  0.6117151   1.1548579   0.05783216  0.379537   -0.34985793
   1.3421227  -0.09842163  1.1652956   1.4356358   0.8315878   0.7773113 ]], shape=(1, 18), dtype=float32)"
1502,[4 1 0 0 0 0 0 6 4 3 4 3 0 0 0 4 0 0 0 0 0 0 0 0 0],[0 1 0 1 1 0],0.30000000000000004,[4 2 3 3 2 0 0 5 0 6 0 0 0 0 0 4 0 0 0 0 0 0 0 0 0],False,"tf.Tensor(
[[ 1.3240175   1.2770182   0.8001646   0.72597826  1.1971494   0.5667071
   0.35705802  0.47434068  1.2465328  -0.1422649   0.17659648 -0.34398308
   1.2947829   0.37453598  0.9830246   1.0107336   0.9616672   0.3182584 ]], shape=(1, 18), dtype=float32)"
1503,[4 2 3 3 2 0 0 5 0 6 0 0 0 0 0 4 0 0 0 0 0 0 0 0 0],[ 1  1  0  1  0 11],0.1,[4 3 3 3 2 5 0 0 0 4 0 0 0 0 0 4 0 0 0 0 0 0 0 0 0],False,"tf.Tensor(
[[ 1.1929324   0.9187313   0.41967475  0.7955065   0.86730367  0.58387494
   0.38314256  0.3887394   1.067223   -0.01901777  0.05058545  0.0288166
   1.0203471   0.24109195  1.0131004   0.5253528   1.260805    0.35551354]], shape=(1, 18), dtype=float32)"
1504,[4 3 3 3 2 5 0 0 0 4 0 0 0 0 0 4 0 0 0 0 0 0 0 0 0],"tf.Tensor([1.3520813  0.88506085 0.72851896 0.807144   0.75951505 3.        ], shape=(6,), dtype=float32)",-8.0,[5 1 0 0 0 0 0 1 3 2 3 2 0 0 0 0 0 0 0 0 0 0 0 0 0],False,"tf.Tensor(
[[ 1.3520813   0.88506085  0.72851896  0.807144    0.75951505  0.36957
   0.13370188  0.6239772   1.0714589  -0.08973855  0.30864123 -0.13416147
   0.8186128   0.02959438  0.63159484  0.7826124   0.7725275   0.3998074 ]], shape=(1, 18), dtype=float32)"
1505,[5 1 0 0 0 0 0 1 3 2 3 2 0 0 0 0 0 0 0 0 0 0 0 0 0],"tf.Tensor([ 1.445499    0.99031097  0.8513042   0.8052875   1.1590191  11.        ], shape=(6,), dtype=float32)",0.30000000000000004,[5 2 1 5 3 0 0 0 0 6 5 0 0 0 0 0 0 0 0 0 0 0 0 0 0],False,"tf.Tensor(
[[ 1.445499    0.99031097  0.8513042   0.8052875   1.1590191   0.5428883
   0.71653175  0.41898602  1.2645499  -0.13320667  0.3372974   0.11278376
   1.0840043   0.86672544  0.596553    0.85219246  1.3608108   0.04147014]], shape=(1, 18), dtype=float32)"
1506,[5 2 1 5 3 0 0 0 0 6 5 0 0 0 0 0 0 0 0 0 0 0 0 0 0],"tf.Tensor([ 2.0571046  1.6890936  1.3162308  1.1078591  1.4900218 10.       ], shape=(6,), dtype=float32)",0.2,[5 3 1 5 3 6 5 0 0 0 0 0 0 0 0 0 0 0 0 0 0 0 0 0 0],False,"tf.Tensor(
[[ 2.0571046   1.6890936   1.3162308   1.1078591   1.4900218   0.46079475
   1.1101513   0.38841814  1.6453847  -0.09886196  0.35380808  0.06842811
   1.5584521   1.4562576   0.8660626   1.9475645   1.5730442   0.16617242]], shape=(1, 18), dtype=float32)"
1507,[5 3 1 5 3 6 5 0 0 0 0 0 0 0 0 0 0 0 0 0 0 0 0 0 0],"tf.Tensor([2.0247836 1.3300201 1.6302552 1.3884313 1.1998924 3.       ], shape=(6,), dtype=float32)",0.0,[6 1 0 0 0 0 0 1 5 4 2 3 0 0 0 0 0 0 0 0 0 0 0 0 0],False,"tf.Tensor(
[[ 2.0247836   1.3300201   1.6302552   1.3884313   1.1998924   0.06154706
   0.18512502  1.0809212   1.6650292   0.1217562   0.91090405 -0.38908762
   1.3783503  -0.12027641  1.1298156   1.6586516   0.64309925  0.5775531 ]], shape=(1, 18), dtype=float32)"
1508,[6 1 0 0 0 0 0 1 5 4 2 3 0 0 0 0 0 0 0 0 0 0 0 0 0],"tf.Tensor([ 1.7437588  1.1445321  1.0997125  1.0788966  1.5042135 11.       ], shape=(6,), dtype=float32)",0.5,[6 2 4 4 1 3 2 0 0 0 0 0 0 0 0 0 0 0 0 0 0 0 0 0 0],False,"tf.Tensor(
[[ 1.7437588   1.1445321   1.0997125   1.0788966   1.5042135   0.6269478
   0.89929056  0.44419447  1.4145933  -0.25648683  0.5655831   0.1223868
   1.5203953   0.9952154   0.68334436  1.2553244   1.5801533   0.13022429]], shape=(1, 18), dtype=float32)"
1509,[6 2 4 4 1 3 2 0 0 0 0 0 0 0 0 0 0 0 0 0 0 0 0 0 0],"tf.Tensor([1.6312013 1.031531  1.0852835 1.0206572 1.5179284 3.       ], shape=(6,), dtype=float32)",0.0,[6 3 4 4 1 3 2 0 0 0 0 0 0 0 0 0 0 0 0 0 0 0 0 0 0],False,"tf.Tensor(
[[ 1.6312013   1.031531    1.0852835   1.0206572   1.5179284   0.451439
   0.57049435  0.61692226  1.4747745  -0.13709636  0.38582098 -0.11423708
   1.3891032   0.20815822  0.70033705  1.3791648   0.9281725   0.5118389 ]], shape=(1, 18), dtype=float32)"
1510,[6 3 4 4 1 3 2 0 0 0 0 0 0 0 0 0 0 0 0 0 0 0 0 0 0],"tf.Tensor([1.6512609 1.0194405 1.228675  1.0218893 1.5433927 3.       ], shape=(6,), dtype=float32)",16.0,[7 1 0 0 0 0 0 4 4 1 3 2 0 0 0 8 0 0 0 0 0 0 0 0 0],False,"tf.Tensor(
[[ 1.6512609   1.0194405   1.228675    1.0218893   1.5433927   0.42133746
   0.64602554  0.63459945  1.5815809  -0.10239454  0.39359275 -0.16616188
   1.430529    0.13238822  0.7741687   1.4153144   0.92810416  0.48152858]], shape=(1, 18), dtype=float32)"
1511,[7 1 0 0 0 0 0 4 4 1 3 2 0 0 0 8 0 0 0 0 0 0 0 0 0],[1 0 0 0 0 7],0.1,[7 2 2 0 0 0 0 0 2 5 6 2 0 0 0 8 0 0 0 0 0 0 0 0 0],False,"tf.Tensor(
[[ 1.2764531   1.2627481   0.35822225  1.31648     0.908673    0.01552095
  -0.43773603  0.8494481   0.5440143   0.1149155   0.07180356 -0.7698388
   1.1232069   0.07830454  0.91417474  0.9036701   0.8468706   0.6081619 ]], shape=(1, 18), dtype=float32)"
1512,[7 2 2 0 0 0 0 0 2 5 6 2 0 0 0 8 0 0 0 0 0 0 0 0 0],"tf.Tensor([1.4023169  1.0544555  0.51244485 1.0933089  0.8097993  7.        ], shape=(6,), dtype=float32)",0.2,[7 3 2 2 6 0 0 0 0 4 0 1 0 0 0 8 0 0 0 0 0 0 0 0 0],False,"tf.Tensor(
[[ 1.4023169   1.0544555   0.51244485  1.0933089   0.8097993   0.31713495
  -0.07231402  0.48445207  0.71919316 -0.09839556  0.2323397  -0.12480904
   1.1324923   0.26313072  0.64334637  1.1003085   0.6928431   0.76710343]], shape=(1, 18), dtype=float32)"
1513,[7 3 2 2 6 0 0 0 0 4 0 1 0 0 0 8 0 0 0 0 0 0 0 0 0],"tf.Tensor([ 1.4260234   0.86864126  0.35116747  1.3127757   0.6891188  10.        ], shape=(6,), dtype=float32)",0.0,[8 1 0 0 0 0 0 2 4 1 2 5 0 0 0 8 0 0 0 0 0 0 0 0 0],False,"tf.Tensor(
[[ 1.4260234   0.86864126  0.35116747  1.3127757   0.6891188   0.4577422
  -0.2424014   0.739318    0.5481768  -0.2486063   0.289914   -0.15844096
   1.0295455  -0.21501465  0.86354005  1.2107687   0.8308433   0.836691  ]], shape=(1, 18), dtype=float32)"
1514,[8 1 0 0 0 0 0 2 4 1 2 5 0 0 0 8 0 0 0 0 0 0 0 0 0],"tf.Tensor([ 1.3658972   1.1806855   0.6687744   1.30448     0.92417544 10.        ], shape=(6,), dtype=float32)",0.4,[8 2 1 5 1 4 0 0 0 2 0 0 0 0 0 8 0 0 0 0 0 0 0 0 0],False,"tf.Tensor(
[[ 1.3658972   1.1806855   0.6687744   1.30448     0.92417544  0.06316592
  -0.166734    0.90340835  0.8627191   0.17210504  0.2984552  -0.6759445
   1.1089532  -0.16124913  0.98494446  1.1651167   0.84073424  0.53604996]], shape=(1, 18), dtype=float32)"
1515,[8 2 1 5 1 4 0 0 0 2 0 0 0 0 0 8 0 0 0 0 0 0 0 0 0],"tf.Tensor([1.1355853  1.0443808  0.24464735 1.0090215  0.7036265  2.        ], shape=(6,), dtype=float32)",0.0,[8 3 1 5 1 4 0 0 0 1 0 0 0 0 0 8 0 0 0 0 0 0 0 0 0],False,"tf.Tensor(
[[ 1.1355853   1.0443808   0.24464735  1.0090215   0.7036265   0.17349815
  -0.3061345   1.052607    0.3328236  -0.23086974  0.24691321 -0.12262869
   0.98225725 -0.07254358  0.62542105  0.80796313  0.96956706  0.3537407 ]], shape=(1, 18), dtype=float32)"
1516,[8 3 1 5 1 4 0 0 0 1 0 0 0 0 0 8 0 0 0 0 0 0 0 0 0],"tf.Tensor([1.1441908  1.0179921  0.29288727 1.0463284  0.6879932  2.        ], shape=(6,), dtype=float32)",0.0,[9 1 0 0 0 0 0 1 5 2 1 4 0 0 0 8 0 0 0 0 0 0 0 0 0],False,"tf.Tensor(
[[ 1.1441908   1.0179921   0.29288727  1.0463284   0.6879932   0.1668796
  -0.3479574   1.074232    0.37798363 -0.1720506   0.27264237 -0.18243293
   0.96380144 -0.16713698  0.71836174  0.85585105  0.95169073  0.34536433]], shape=(1, 18), dtype=float32)"
1517,[9 1 0 0 0 0 0 1 5 2 1 4 0 0 0 8 0 0 0 0 0 0 0 0 0],"tf.Tensor([1.4637907  1.2055198  0.6904493  1.2884675  0.84675723 7.        ], shape=(6,), dtype=float32)",0.30000000000000004,[9 2 1 1 4 0 0 0 0 2 0 6 0 0 0 8 0 0 0 0 0 0 0 0 0],False,"tf.Tensor(
[[ 1.4637907   1.2055198   0.6904493   1.2884675   0.84675723  0.17751221
  -0.27019873  1.1551942   0.6180461  -0.07863426  0.2780258  -0.35816896
   1.2722564  -0.16641237  0.9794282   1.1471368   0.9512515   0.54246825]], shape=(1, 18), dtype=float32)"
1518,[9 2 1 1 4 0 0 0 0 2 0 6 0 0 0 8 0 0 0 0 0 0 0 0 0],"tf.Tensor([ 1.503934    0.86951804  0.6094139   1.3373005   1.0365906  10.        ], shape=(6,), dtype=float32)",0.1,[9 3 1 1 4 6 0 0 0 2 0 0 0 0 0 8 0 0 0 0 0 0 0 0 0],False,"tf.Tensor(
[[ 1.503934    0.86951804  0.6094139   1.3373005   1.0365906   0.19446988
   0.25290412  0.7484492   1.1442497   0.05127421  0.48299292 -0.33094114
   0.9115848  -0.40504515  1.0198249   1.6170175   0.73369664  0.7012265 ]], shape=(1, 18), dtype=float32)"
1519,[9 3 1 1 4 6 0 0 0 2 0 0 0 0 0 8 0 0 0 0 0 0 0 0 0],"tf.Tensor([ 1.2878368   0.63269675  0.40797427  1.4544352   0.6328262  10.        ], shape=(6,), dtype=float32)",0.0,[10 1 0 0 0 0 0 1 1 4 4 2 0 0 0 8 0 0 0 0 0 0 0 0 0],False,"tf.Tensor(
[[ 1.2878368   0.63269675  0.40797427  1.4544352   0.6328262   0.31189436
  -0.21266393  0.8309893   0.27037898 -0.3567348   0.36362115 -0.21023941
   1.0749475  -0.59531474  0.94709855  1.468113    0.7825318   0.83951795]], shape=(1, 18), dtype=float32)"
1520,[10 1 0 0 0 0 0 1 1 4 4 2 0 0 0 8 0 0 0 0 0 0 0 0 0],"tf.Tensor([ 1.5630147   1.1024495   0.37575388  1.0509272   0.83064204 10.        ], shape=(6,), dtype=float32)",0.30000000000000004,[10 2 1 2 6 0 0 0 0 2 0 4 0 0 0 8 0 0 0 0 0 0 0 0 0],False,"tf.Tensor(
[[ 1.5630147   1.1024495   0.37575388  1.0509272   0.83064204  0.51103294
  -0.11154529  0.4492176   0.9301993  -0.0445397   0.21802425 -0.04600054
   1.0074854   0.3908556   0.6433992   1.0657744   0.8512377   0.73558414]], shape=(1, 18), dtype=float32)"
1521,[10 2 1 2 6 0 0 0 0 2 0 4 0 0 0 8 0 0 0 0 0 0 0 0 0],[1 1 0 1 0 9],0.0,[10 3 1 2 6 0 0 0 0 5 0 4 0 0 0 8 0 0 0 0 0 0 0 0 0],False,"tf.Tensor(
[[ 1.8070668   0.87666005  0.61622685  1.5709453   1.1075106   0.5358345
   0.04543574  0.7387802   1.353767   -0.08315134  0.49177665 -0.35433242
   0.99966645 -0.43982822  1.0834776   1.8810655   0.77019256  1.0272522 ]], shape=(1, 18), dtype=float32)"
1522,[10 3 1 2 6 0 0 0 0 5 0 4 0 0 0 8 0 0 0 0 0 0 0 0 0],"tf.Tensor([ 1.9449849   1.0951412   0.7828727   1.5265826   0.99642396 10.        ], shape=(6,), dtype=float32)",0.0,[11 1 0 0 0 0 0 1 2 4 6 1 0 0 0 8 0 0 0 0 0 0 0 0 0],False,"tf.Tensor(
[[ 1.9449849   1.0951412   0.7828727   1.5265826   0.99642396  0.43814096
  -0.07013024  1.0114764   1.0591117  -0.1991587   0.49872217 -0.14849521
   1.2273757  -0.29683143  1.077474    1.5701529   0.9887578   0.91184115]], shape=(1, 18), dtype=float32)"
1523,[11 1 0 0 0 0 0 1 2 4 6 1 0 0 0 8 0 0 0 0 0 0 0 0 0],"tf.Tensor([ 1.869126    1.2482258   0.48045376  1.2126157   0.9833324  10.        ], shape=(6,), dtype=float32)",0.4,[11 2 2 5 3 4 0 0 0 3 0 0 0 0 0 8 0 0 0 0 0 0 0 0 0],False,"tf.Tensor(
[[ 1.869126    1.2482258   0.48045376  1.2126157   0.9833324   0.5918357
  -0.13141298  0.48955572  1.0380627  -0.07521757  0.14539152  0.07496999
   1.1331593   0.57159555  0.7699156   1.3569483   1.0188428   0.9078573 ]], shape=(1, 18), dtype=float32)"
1524,[11 2 2 5 3 4 0 0 0 3 0 0 0 0 0 8 0 0 0 0 0 0 0 0 0],"tf.Tensor([1.5859226 1.0005832 0.5272387 1.2663815 0.9888491 7.       ], shape=(6,), dtype=float32)",0.0,[11 3 2 5 3 4 0 0 0 4 0 0 0 0 0 8 0 0 0 0 0 0 0 0 0],False,"tf.Tensor(
[[ 1.5859226   1.0005832   0.5272387   1.2663815   0.9888491   0.42019475
  -0.05420284  1.0504235   0.7636195  -0.3319438   0.29212725 -0.02633557
   1.2405976  -0.2211958   0.8813761   1.2399251   1.1442413   0.63011014]], shape=(1, 18), dtype=float32)"
1525,[11 3 2 5 3 4 0 0 0 4 0 0 0 0 0 8 0 0 0 0 0 0 0 0 0],"tf.Tensor([1.6800436  1.0592684  0.65375674 1.2588491  0.97453696 7.        ], shape=(6,), dtype=float32)",0.0,[12 1 0 0 0 0 0 2 5 1 3 4 0 0 0 8 0 0 0 0 0 0 0 0 0],False,"tf.Tensor(
[[ 1.6800436   1.0592684   0.65375674  1.2588491   0.97453696  0.4248537
   0.08141738  1.0600896   0.91566855 -0.3309699   0.33066958 -0.02704566
   1.2867385  -0.16272534  0.9304052   1.2011434   1.2605565   0.55896395]], shape=(1, 18), dtype=float32)"
1526,[12 1 0 0 0 0 0 2 5 1 3 4 0 0 0 8 0 0 0 0 0 0 0 0 0],"tf.Tensor([1.9551274 1.2720705 0.8310742 1.536906  1.3245194 7.       ], shape=(6,), dtype=float32)",0.4,[12 2 1 2 2 5 0 0 0 3 0 0 0 0 0 8 0 0 0 0 0 0 0 0 0],False,"tf.Tensor(
[[ 1.9551274   1.2720705   0.8310742   1.536906    1.3245194   0.41743258
   0.02835072  1.0371373   1.1994312   0.13062263  0.22803399 -0.2267366
   1.5700084   0.05151275  1.1371242   1.5150796   1.0477786   0.94225174]], shape=(1, 18), dtype=float32)"
1527,[12 2 1 2 2 5 0 0 0 3 0 0 0 0 0 8 0 0 0 0 0 0 0 0 0],"tf.Tensor([ 1.4262072   0.74875784  0.41720685  1.2953469   0.8799633  10.        ], shape=(6,), dtype=float32)",0.0,[12 3 1 2 2 5 0 0 0 6 0 0 0 0 0 8 0 0 0 0 0 0 0 0 0],False,"tf.Tensor(
[[ 1.4262072   0.74875784  0.41720685  1.2953469   0.8799633   0.53502285
   0.02365864  0.80500764  0.5680303  -0.47540367  0.18737194 -0.01343444
   1.2141346  -0.34335333  0.846732    1.3592918   0.9927778   0.81774026]], shape=(1, 18), dtype=float32)"
1528,[12 3 1 2 2 5 0 0 0 6 0 0 0 0 0 8 0 0 0 0 0 0 0 0 0],"tf.Tensor([1.6625365  0.86839306 0.6668011  1.2239729  0.8764159  7.        ], shape=(6,), dtype=float32)",0.0,[13 1 0 0 0 0 0 1 2 6 2 5 0 0 0 8 0 0 0 0 0 0 0 0 0],False,"tf.Tensor(
[[ 1.6625365   0.86839306  0.6668011   1.2239729   0.8764159   0.6566191
   0.407573    0.7281343   0.9788479  -0.5398036   0.2343046   0.06441417
   1.3023909  -0.09310199  0.8364888   1.2556292   1.2205323   0.71291655]], shape=(1, 18), dtype=float32)"
1529,[13 1 0 0 0 0 0 1 2 6 2 5 0 0 0 8 0 0 0 0 0 0 0 0 0],"tf.Tensor([2.110683   1.2034606  0.81684464 1.1403699  1.1401749  3.        ], shape=(6,), dtype=float32)",0.4,[13 2 1 5 6 3 0 0 0 4 0 0 0 0 0 8 0 0 0 0 0 0 0 0 0],False,"tf.Tensor(
[[ 2.110683    1.2034606   0.81684464  1.1403699   1.1401749   0.77141726
   0.5444722   0.9027932   1.5211742  -0.23161858  0.2722119   0.17212506
   1.3900775   0.55887794  0.80844027  1.1058437   1.5029176   0.530999  ]], shape=(1, 18), dtype=float32)"
1530,[13 2 1 5 6 3 0 0 0 4 0 0 0 0 0 8 0 0 0 0 0 0 0 0 0],"tf.Tensor([ 2.251244    1.2124022   0.81228286  1.7784317   1.1512042  10.        ], shape=(6,), dtype=float32)",0.0,[13 3 1 5 6 3 0 0 0 1 0 0 0 0 0 8 0 0 0 0 0 0 0 0 0],False,"tf.Tensor(
[[ 2.251244    1.2124022   0.81228286  1.7784317   1.1512042   0.66600966
  -0.07978037  1.082437    1.2716973  -0.31264278  0.5607147  -0.1028471
   1.4650007  -0.28232145  1.0567995   2.0628884   1.0553488   1.1837382 ]], shape=(1, 18), dtype=float32)"
1531,[13 3 1 5 6 3 0 0 0 1 0 0 0 0 0 8 0 0 0 0 0 0 0 0 0],"tf.Tensor([ 2.1710312  1.0011634  0.6942135  1.7206275  1.1685226 10.       ], shape=(6,), dtype=float32)",0.0,[14 1 0 0 0 0 0 1 5 4 6 3 0 0 0 8 0 0 0 0 0 0 0 0 0],True,"tf.Tensor(
[[ 2.1710312   1.0011634   0.6942135   1.7206275   1.1685226   0.85466164
  -0.27027336  1.1837842   1.2551683  -0.3370735   0.36498058 -0.11253995
   1.3396847  -0.4026608   1.0554391   2.0607238   1.0709292   1.2163572 ]], shape=(1, 18), dtype=float32)"
1532,[1 1 0 0 0 0 0 1 3 3 4 5 0 0 0 0 0 0 0 0 0 0 0 0 0],"tf.Tensor([1.0954958 0.9589982 0.8605697 0.5341391 1.0806931 7.       ], shape=(6,), dtype=float32)",0.30000000000000004,[1 2 1 3 5 0 0 0 0 3 6 0 0 0 0 0 0 0 0 0 0 0 0 0 0],False,"tf.Tensor(
[[ 1.0954958   0.9589982   0.8605697   0.5341391   1.0806931   0.2122224
   0.6914712   0.24935032  1.0336448  -0.11856827  0.62248254  0.22641538
   1.0665923   0.7969674   0.47670314  0.9527071   0.8819568  -0.03523911]], shape=(1, 18), dtype=float32)"
1533,[1 2 1 3 5 0 0 0 0 3 6 0 0 0 0 0 0 0 0 0 0 0 0 0 0],"tf.Tensor([1.2578443  1.4952674  0.97236466 0.7879238  1.1820866  3.        ], shape=(6,), dtype=float32)",0.1,[1 3 1 3 5 3 0 0 0 0 1 0 0 0 0 0 0 0 0 0 0 0 0 0 0],False,"tf.Tensor(
[[ 1.2578443   1.4952674   0.97236466  0.7879238   1.1820866  -0.00170889
   0.11539559  0.41054076  1.3347185   0.26460043  0.23813345 -0.11133933
   0.7233101   0.47180662  0.8524131   0.9602754   1.0213685   0.00340785]], shape=(1, 18), dtype=float32)"
1534,[1 3 1 3 5 3 0 0 0 0 1 0 0 0 0 0 0 0 0 0 0 0 0 0 0],"tf.Tensor([ 1.3351523   0.6470795   1.2183417   1.1227204   0.66486347 10.        ], shape=(6,), dtype=float32)",0.0,[2 1 0 0 0 0 0 1 3 3 4 5 0 0 0 0 0 0 0 0 0 0 0 0 0],False,"tf.Tensor(
[[ 1.3351523   0.6470795   1.2183417   1.1227204   0.66486347 -0.12201177
   0.2531016   0.8407238   0.90832394 -0.08350028  0.6794491  -0.0234431
   0.8107619  -0.6076362   0.9685196   1.4117545   0.520619    0.45535868]], shape=(1, 18), dtype=float32)"
1535,[2 1 0 0 0 0 0 1 3 3 4 5 0 0 0 0 0 0 0 0 0 0 0 0 0],"tf.Tensor([1.1820077  0.97846866 0.8872365  0.5828201  1.1472205  3.        ], shape=(6,), dtype=float32)",0.30000000000000004,[2 2 4 4 2 0 0 0 0 1 3 0 0 0 0 0 0 0 0 0 0 0 0 0 0],False,"tf.Tensor(
[[ 1.1820077   0.97846866  0.8872365   0.5828201   1.1472205   0.27255073
   0.7866508   0.25716305  1.1111009  -0.1443739   0.58208466  0.24308003
   1.1103563   0.8483621   0.5220023   1.0259879   0.9974525  -0.02985991]], shape=(1, 18), dtype=float32)"
1536,[2 2 4 4 2 0 0 0 0 1 3 0 0 0 0 0 0 0 0 0 0 0 0 0 0],"tf.Tensor([ 1.2632968   1.046278    0.8357216   0.77001226  1.129131   10.        ], shape=(6,), dtype=float32)",0.0,[2 3 4 4 2 0 0 0 0 3 1 0 0 0 0 0 0 0 0 0 0 0 0 0 0],False,"tf.Tensor(
[[ 1.2632968   1.046278    0.8357216   0.77001226  1.129131    0.11715618
   0.3427261   0.33722165  1.0604157   0.16414233  0.43485868 -0.12424579
   1.048627    0.5086444   0.727994    1.2408129   0.70113087  0.26520056]], shape=(1, 18), dtype=float32)"
1537,[2 3 4 4 2 0 0 0 0 3 1 0 0 0 0 0 0 0 0 0 0 0 0 0 0],"tf.Tensor([1.366194   1.0858796  1.0550437  0.73667616 1.1069223  3.        ], shape=(6,), dtype=float32)",16.0,[3 1 0 0 0 0 0 4 4 2 4 2 0 0 0 8 0 0 0 0 0 0 0 0 0],False,"tf.Tensor(
[[ 1.366194    1.0858796   1.0550437   0.73667616  1.1069223   0.24407268
   0.5389106   0.28136358  1.2967014  -0.0064912   0.49507916 -0.15084127
   1.1374887   0.5440042   0.74193     1.2441862   0.8535601   0.14044377]], shape=(1, 18), dtype=float32)"
1538,[3 1 0 0 0 0 0 4 4 2 4 2 0 0 0 8 0 0 0 0 0 0 0 0 0],"tf.Tensor([0.96822524 1.2320247  0.50036585 1.072934   0.8325405  7.        ], shape=(6,), dtype=float32)",0.30000000000000004,[3 2 4 6 2 0 0 0 0 2 0 2 0 0 0 8 0 0 0 0 0 0 0 0 0],False,"tf.Tensor(
[[ 0.96822524  1.2320247   0.50036585  1.072934    0.8325405   0.05910387
  -0.5528777   0.87585884  0.56395     0.00934919  0.2217809  -0.94472903
   0.9844767  -0.08797801  0.7887454   0.8990773   0.704238    0.23464409]], shape=(1, 18), dtype=float32)"
1539,[3 2 4 6 2 0 0 0 0 2 0 2 0 0 0 8 0 0 0 0 0 0 0 0 0],"tf.Tensor([1.0849588  0.78232145 0.44461066 0.8630011  0.667807   2.        ], shape=(6,), dtype=float32)",0.0,[3 3 4 6 2 0 0 0 0 5 0 3 0 0 0 8 0 0 0 0 0 0 0 0 0],False,"tf.Tensor(
[[ 1.0849588   0.78232145  0.44461066  0.8630011   0.667807    0.17194669
  -0.11850309  0.9991717   0.33377904 -0.2994017   0.24195985 -0.01016182
   0.86955404 -0.18895626  0.5390633   0.8567899   0.81957555  0.32576668]], shape=(1, 18), dtype=float32)"
1540,[3 3 4 6 2 0 0 0 0 5 0 3 0 0 0 8 0 0 0 0 0 0 0 0 0],[0 1 1 1 1 2],6.0,[4 1 0 0 0 0 0 4 6 4 2 2 0 0 3 8 0 0 0 0 0 0 0 0 0],False,"tf.Tensor(
[[ 1.3135183   1.0105101   0.5674808   0.8347943   0.74717045  0.23051271
  -0.18590795  1.0588319   0.6551482  -0.23337287  0.3648942  -0.03839868
   0.8459893   0.0108876   0.50922614  0.7778226   0.87008065  0.25021774]], shape=(1, 18), dtype=float32)"
1541,[4 1 0 0 0 0 0 4 6 4 2 2 0 0 3 8 0 0 0 0 0 0 0 0 0],"tf.Tensor([1.1958824  1.409704   0.23170519 1.1414927  0.6988029  2.        ], shape=(6,), dtype=float32)",0.30000000000000004,[4 2 3 3 3 0 0 0 0 1 0 2 0 0 3 8 0 0 0 0 0 0 0 0 0],False,"tf.Tensor(
[[ 1.1958824   1.409704    0.23170519  1.1414927   0.6988029   0.23016688
  -0.8126039   1.2612602   0.16850004 -0.30775517  0.13861477 -0.50435054
   1.1355646  -0.03155196  0.8738517   0.75285167  1.1400619   0.28190875]], shape=(1, 18), dtype=float32)"
1542,[4 2 3 3 3 0 0 0 0 1 0 2 0 0 3 8 0 0 0 0 0 0 0 0 0],"tf.Tensor([ 0.9075136   0.89387953  0.19718744  0.66768724  0.779693   11.        ], shape=(6,), dtype=float32)",0.0,[4 3 3 3 3 0 0 0 0 6 0 2 0 0 3 8 0 0 0 0 0 0 0 0 0],False,"tf.Tensor(
[[ 0.9075136   0.89387953  0.19718744  0.66768724  0.779693    0.3314581
  -0.01339088  0.7377994   0.56576276 -0.16587433 -0.05411055 -0.1591545
   0.84435344  0.0314571   0.5700322   0.53650945  0.998757    0.18093641]], shape=(1, 18), dtype=float32)"
1543,[4 3 3 3 3 0 0 0 0 6 0 2 0 0 3 8 0 0 0 0 0 0 0 0 0],[0 1 1 1 0 5],12.0,[5 1 0 0 0 0 0 3 3 2 3 5 0 0 3 8 0 6 0 0 0 0 0 0 0],False,"tf.Tensor(
[[ 1.0270969   1.1051328   0.27010816  0.5378874   0.86812705  0.40810364
  -0.1318103   0.96102136  0.7050112  -0.2792807  -0.04884014 -0.05548355
   0.8367713   0.27266675  0.4556115   0.33726355  1.1148036   0.05295677]], shape=(1, 18), dtype=float32)"
1544,[5 1 0 0 0 0 0 3 3 2 3 5 0 0 3 8 0 6 0 0 0 0 0 0 0],"tf.Tensor([1.8345376 1.6451164 1.3968841 0.7958352 0.937819  3.       ], shape=(6,), dtype=float32)",0.4,[5 2 6 6 3 6 0 0 0 0 1 0 0 0 3 8 0 6 0 0 0 0 0 0 0],False,"tf.Tensor(
[[ 1.8345376   1.6451164   1.3968841   0.7958352   0.937819   -0.02526871
   0.04169261  1.3792349   1.6271052   0.36865482  0.6064776  -0.1439014
   1.1493158   0.22580373  1.1789551   0.67891294  1.0344795   0.04513264]], shape=(1, 18), dtype=float32)"
1545,[5 2 6 6 3 6 0 0 0 0 1 0 0 0 3 8 0 6 0 0 0 0 0 0 0],"tf.Tensor([1.9093117 1.5184554 1.2877297 1.0881498 1.2275358 3.       ], shape=(6,), dtype=float32)",0.1,[5 3 6 6 3 6 1 0 0 0 0 0 0 0 3 8 0 6 0 0 0 0 0 0 0],False,"tf.Tensor(
[[ 1.9093117   1.5184554   1.2877297   1.0881498   1.2275358   0.16247787
   0.18592195  1.4510118   1.6377319   0.0759148   0.4037915  -0.328274
   1.3049654  -0.2133415   1.3751265   1.2474717   1.2634307   0.18843867]], shape=(1, 18), dtype=float32)"
1546,[5 3 6 6 3 6 1 0 0 0 0 0 0 0 3 8 0 6 0 0 0 0 0 0 0],"tf.Tensor([2.0595312 1.6043634 1.4047741 1.1425208 1.2954798 3.       ], shape=(6,), dtype=float32)",-16.0,[6 1 0 0 0 0 0 6 6 3 3 6 0 0 3 0 0 6 0 0 0 0 0 0 0],False,"tf.Tensor(
[[ 2.0595312   1.6043634   1.4047741   1.1425208   1.2954798   0.19855425
   0.17471345  1.4488083   1.8132384   0.12344998  0.44972706 -0.35200396
   1.3962317  -0.17053248  1.4538077   1.2369416   1.3336682   0.22187436]], shape=(1, 18), dtype=float32)"
1547,[6 1 0 0 0 0 0 6 6 3 3 6 0 0 3 0 0 6 0 0 0 0 0 0 0],[1 1 0 0 1 7],0.30000000000000004,[6 2 2 6 3 0 0 0 0 1 4 0 0 0 3 0 0 6 0 0 0 0 0 0 0],False,"tf.Tensor(
[[ 3.0098984   1.8101565   1.8329076   1.6078603   2.2784944   0.5943374
   0.71154016  1.3902351   2.2304015  -0.3881045   1.0210068   0.31049457
   2.3161173   0.50976694  1.1851932   1.9505618   1.942599    0.601754  ]], shape=(1, 18), dtype=float32)"
1548,[6 2 2 6 3 0 0 0 0 1 4 0 0 0 3 0 0 6 0 0 0 0 0 0 0],"tf.Tensor([2.647579  1.7108234 1.6943209 1.0065428 1.6131066 3.       ], shape=(6,), dtype=float32)",0.2,[6 3 2 6 3 1 4 0 0 0 0 0 0 0 3 0 0 6 0 0 0 0 0 0 0],False,"tf.Tensor(
[[2.647579   1.7108234  1.6943209  1.0065428  1.6131066  0.36331707
  0.64577925 1.461537   2.5258298  0.2187084  0.81779206 0.15947372
  1.3821872  0.5555815  1.1769092  1.2382252  1.5655214  0.07128713]], shape=(1, 18), dtype=float32)"
1549,[6 3 2 6 3 1 4 0 0 0 0 0 0 0 3 0 0 6 0 0 0 0 0 0 0],"tf.Tensor([2.7120068 1.8283153 2.1139023 1.1473826 1.8869022 3.       ], shape=(6,), dtype=float32)",8.0,[7 1 0 0 0 0 0 2 6 6 1 3 0 0 3 4 0 6 0 0 0 0 0 0 0],False,"tf.Tensor(
[[ 2.7120068   1.8283153   2.1139023   1.1473826   1.8869022   0.39378166
   0.7887557   1.3297848   2.908857    0.21743627  0.81776786 -0.20999518
   1.7042477   0.32002866  1.4366573   1.4891236   1.5502588   0.13319163]], shape=(1, 18), dtype=float32)"
1550,[7 1 0 0 0 0 0 2 6 6 1 3 0 0 3 4 0 6 0 0 0 0 0 0 0],"tf.Tensor([2.3866065 1.5899911 1.3876835 1.2269083 1.6130594 3.       ], shape=(6,), dtype=float32)",0.5,[7 2 6 4 1 3 5 0 0 0 0 0 0 0 3 4 0 6 0 0 0 0 0 0 0],False,"tf.Tensor(
[[ 2.3866065   1.5899911   1.3876835   1.2269083   1.6130594   0.26398355
   0.30433685  1.3301945   1.7061427  -0.15509501  0.9174672   0.38586858
   1.6291766   0.47962722  0.79178786  1.2523884   1.3952212   0.4618156 ]], shape=(1, 18), dtype=float32)"
1551,[7 2 6 4 1 3 5 0 0 0 0 0 0 0 3 4 0 6 0 0 0 0 0 0 0],"tf.Tensor([2.4486732 1.9200206 1.3773439 0.9465857 1.857217  3.       ], shape=(6,), dtype=float32)",0.0,[7 3 6 4 1 3 5 0 0 0 0 0 0 0 3 4 0 6 0 0 0 0 0 0 0],False,"tf.Tensor(
[[ 2.4486732   1.9200206   1.3773439   0.9465857   1.857217    0.6408815
   0.32504487  1.0299501   2.5367436   0.24275123  0.48179054 -0.0793252
   1.617746    0.7846906   1.1632377   0.82377505  1.6960676   0.1928574 ]], shape=(1, 18), dtype=float32)"
1552,[7 3 6 4 1 3 5 0 0 0 0 0 0 0 3 4 0 6 0 0 0 0 0 0 0],"tf.Tensor([2.4985883  1.9139861  1.4985708  0.93297285 1.8717768  3.        ], shape=(6,), dtype=float32)",0.0,[8 1 0 0 0 0 0 6 4 1 3 5 0 0 3 4 0 6 0 0 0 0 0 0 0],False,"tf.Tensor(
[[ 2.4985883   1.9139861   1.4985708   0.93297285  1.8717768   0.61402273
   0.36917967  1.0904676   2.6276782   0.27821955  0.49128377 -0.07686957
   1.6460903   0.74135745  1.2024531   0.805293    1.7289581   0.15258892]], shape=(1, 18), dtype=float32)"
1553,[8 1 0 0 0 0 0 6 4 1 3 5 0 0 3 4 0 6 0 0 0 0 0 0 0],"tf.Tensor([2.6510541 2.0445495 1.661231  1.0265174 2.013912  3.       ], shape=(6,), dtype=float32)",0.5,[8 2 1 1 6 5 1 0 0 0 0 0 0 0 3 4 0 6 0 0 0 0 0 0 0],False,"tf.Tensor(
[[2.6510541  2.0445495  1.661231   1.0265174  2.013912   0.48351932
  0.5789131  1.498373   2.3399277  0.05572582 0.6234586  0.15165862
  2.01778    0.7638608  1.293013   1.2387745  1.6878245  0.28204548]], shape=(1, 18), dtype=float32)"
1554,[8 2 1 1 6 5 1 0 0 0 0 0 0 0 3 4 0 6 0 0 0 0 0 0 0],"tf.Tensor([2.5758388 1.6468605 1.5385774 1.3604437 1.2256758 3.       ], shape=(6,), dtype=float32)",0.0,[8 3 1 1 6 5 1 0 0 0 0 0 0 0 3 4 0 6 0 0 0 0 0 0 0],False,"tf.Tensor(
[[ 2.5758388   1.6468605   1.5385774   1.3604437   1.2256758   0.15675536
   0.2237931   1.6600236   1.8911841   0.04349459  0.843011    0.07716535
   1.3302641  -0.07715102  1.3095351   1.4724187   1.3118682   0.4982574 ]], shape=(1, 18), dtype=float32)"
1555,[8 3 1 1 6 5 1 0 0 0 0 0 0 0 3 4 0 6 0 0 0 0 0 0 0],"tf.Tensor([2.5754352 1.5886074 1.6203865 1.3233544 1.2362168 3.       ], shape=(6,), dtype=float32)",-8.0,[9 1 0 0 0 0 0 1 1 6 5 1 0 0 3 0 0 6 0 0 0 0 0 0 0],False,"tf.Tensor(
[[ 2.5754352   1.5886074   1.6203865   1.3233544   1.2362168   0.11457752
   0.2953226   1.6924638   1.9177223   0.07717228  0.85054445  0.13970025
   1.369715   -0.09628476  1.3500639   1.4218878   1.3727905   0.43709654]], shape=(1, 18), dtype=float32)"
1556,[9 1 0 0 0 0 0 1 1 6 5 1 0 0 3 0 0 6 0 0 0 0 0 0 0],"tf.Tensor([2.9515293 1.7003652 1.6028172 1.2073644 1.5418633 3.       ], shape=(6,), dtype=float32)",0.5,[9 2 4 2 1 6 3 0 0 0 0 0 0 0 3 0 0 6 0 0 0 0 0 0 0],False,"tf.Tensor(
[[ 2.9515293   1.7003652   1.6028172   1.2073644   1.5418633   0.9326095
   1.1517847   1.3050448   2.5441632  -0.17623404  0.7738548   0.27454972
   1.7707882   1.2964569   0.96087754  1.3897761   2.1440847  -0.00735294]], shape=(1, 18), dtype=float32)"
1557,[9 2 4 2 1 6 3 0 0 0 0 0 0 0 3 0 0 6 0 0 0 0 0 0 0],"tf.Tensor([3.0196486 1.8283229 1.7090526 1.1254667 2.0908666 3.       ], shape=(6,), dtype=float32)",0.0,[9 3 4 2 1 6 3 0 0 0 0 0 0 0 3 0 0 6 0 0 0 0 0 0 0],False,"tf.Tensor(
[[ 3.0196486   1.8283229   1.7090526   1.1254667   2.0908666   0.7286116
   0.86177427  1.4483521   2.8039994  -0.11733039  0.75397325  0.40329337
   1.857427    0.81503785  1.0452574   1.3109536   2.0687268   0.18303967]], shape=(1, 18), dtype=float32)"
1558,[9 3 4 2 1 6 3 0 0 0 0 0 0 0 3 0 0 6 0 0 0 0 0 0 0],"tf.Tensor([3.062078  1.7962805 1.8796078 1.1134928 2.0917478 3.       ], shape=(6,), dtype=float32)",8.0,[10 1 0 0 0 0 0 4 2 1 6 3 0 0 3 4 0 6 0 0 0 0 0 0 0],False,"tf.Tensor(
[[ 3.062078    1.7962805   1.8796078   1.1134928   2.0917478   0.66091686
   0.88096786  1.5202454   2.8921595  -0.04963224  0.788391    0.38633534
   1.8831339   0.7205168   1.1229161   1.2865224   2.0800886   0.13144705]], shape=(1, 18), dtype=float32)"
1559,[10 1 0 0 0 0 0 4 2 1 6 3 0 0 3 4 0 6 0 0 0 0 0 0 0],"tf.Tensor([3.008101  1.996798  1.4943327 1.0899466 1.8149892 3.       ], shape=(6,), dtype=float32)",0.5,[10 2 5 3 1 3 5 0 0 0 0 0 0 0 3 4 0 6 0 0 0 0 0 0 0],False,"tf.Tensor(
[[ 3.008101    1.996798    1.4943327   1.0899466   1.8149892   0.84276
   0.7288794   1.5512199   2.4778845  -0.08871964  0.63975114  0.3194968
   1.9200538   1.1988441   1.1230394   1.2733377   2.0412235   0.17376457]], shape=(1, 18), dtype=float32)"
1560,[10 2 5 3 1 3 5 0 0 0 0 0 0 0 3 4 0 6 0 0 0 0 0 0 0],"tf.Tensor([2.8110402 1.9981779 1.3339996 1.1175689 1.835908  3.       ], shape=(6,), dtype=float32)",0.0,[10 3 5 3 1 3 5 0 0 0 0 0 0 0 3 4 0 6 0 0 0 0 0 0 0],False,"tf.Tensor(
[[2.8110402  1.9981779  1.3339996  1.1175689  1.835908   0.8765938
  0.46857715 1.1712548  2.5948887  0.09351779 0.5608761  0.10562346
  1.7735771  1.2118387  1.0010382  0.9128975  2.0200891  0.1835529 ]], shape=(1, 18), dtype=float32)"
1561,[10 3 5 3 1 3 5 0 0 0 0 0 0 0 3 4 0 6 0 0 0 0 0 0 0],"tf.Tensor([2.826927  1.9672498 1.4735126 1.1049925 1.8220453 3.       ], shape=(6,), dtype=float32)",-8.0,[11 1 0 0 0 0 0 5 3 1 3 5 0 0 3 0 0 6 0 0 0 0 0 0 0],False,"tf.Tensor(
[[2.826927   1.9672498  1.4735126  1.1049925  1.8220453  0.8114177
  0.5215874  1.2242434  2.67365    0.14450423 0.57995415 0.08735912
  1.7850686  1.1112083  1.0793349  0.9170201  2.0094738  0.1458451 ]], shape=(1, 18), dtype=float32)"
1562,[11 1 0 0 0 0 0 5 3 1 3 5 0 0 3 0 0 6 0 0 0 0 0 0 0],[0 1 1 0 1 3],0.30000000000000004,[11 2 5 3 6 0 0 5 0 0 1 0 0 0 3 0 0 6 0 0 0 0 0 0 0],False,"tf.Tensor(
[[ 3.4396582   2.0875974   1.7739427   1.3025362   2.5537663   0.9828388
   1.1740705   1.7024508   2.8024049  -0.30762196  0.8683649   0.5659737
   2.430727    1.4351143   1.2444243   1.6141124   2.5561023   0.16130821]], shape=(1, 18), dtype=float32)"
1563,[11 2 5 3 6 0 0 5 0 0 1 0 0 0 3 0 0 6 0 0 0 0 0 0 0],"tf.Tensor([3.6187978 2.086199  1.711128  1.7186495 2.371863  3.       ], shape=(6,), dtype=float32)",0.2,[11 3 5 3 6 5 1 0 0 0 0 0 0 0 3 0 0 6 0 0 0 0 0 0 0],False,"tf.Tensor(
[[3.6187978  2.086199   1.711128   1.7186495  2.371863   0.93490547
  1.0480419  1.8613569  2.80635    0.0060036  0.7232286  0.26473793
  2.4187937  1.1739382  1.8086668  1.7183722  2.583051   0.46428525]], shape=(1, 18), dtype=float32)"
1564,[11 3 5 3 6 5 1 0 0 0 0 0 0 0 3 0 0 6 0 0 0 0 0 0 0],"tf.Tensor([3.6850586 2.323119  2.1217816 1.5390328 2.8009899 3.       ], shape=(6,), dtype=float32)",0.0,[12 1 0 0 0 0 0 2 5 3 3 6 0 0 3 0 0 6 0 0 0 0 0 0 0],False,"tf.Tensor(
[[ 3.6850586   2.323119    2.1217816   1.5390328   2.8009899   0.70976007
   1.105905    1.8162125   3.4538052  -0.16014399  0.9301344   0.40545774
   2.3294177   0.591545    1.5147938   2.1209006   2.27923     0.5046548 ]], shape=(1, 18), dtype=float32)"
1565,[12 1 0 0 0 0 0 2 5 3 3 6 0 0 3 0 0 6 0 0 0 0 0 0 0],"tf.Tensor([3.6355221 2.288259  1.955626  1.5949641 2.8802397 3.       ], shape=(6,), dtype=float32)",0.5,[12 2 6 5 5 2 5 0 0 0 0 0 0 0 3 0 0 6 0 0 0 0 0 0 0],False,"tf.Tensor(
[[ 3.6355221   2.288259    1.955626    1.5949641   2.8802397   0.870824
   0.9539901   1.5894489   2.9704373  -0.18866564  1.0850606   0.5987177
   2.615427    1.3532896   1.1514052   1.8146733   2.6568625   0.33355927]], shape=(1, 18), dtype=float32)"
1566,[12 2 6 5 5 2 5 0 0 0 0 0 0 0 3 0 0 6 0 0 0 0 0 0 0],"tf.Tensor([3.8960571 2.754587  2.1877415 1.7735878 3.0796382 3.       ], shape=(6,), dtype=float32)",0.0,[12 3 6 5 5 2 5 0 0 0 0 0 0 0 3 0 0 6 0 0 0 0 0 0 0],False,"tf.Tensor(
[[ 3.8960571   2.754587    2.1877415   1.7735878   3.0796382   1.1398642
   1.1867425   1.4975528   3.8665175  -0.0594426   0.8140099  -0.10052255
   2.7264516   1.2519847   1.5757697   2.2457018   2.5420167   0.48643273]], shape=(1, 18), dtype=float32)"
1567,[12 3 6 5 5 2 5 0 0 0 0 0 0 0 3 0 0 6 0 0 0 0 0 0 0],"tf.Tensor([3.9588864 2.7899525 2.2956014 1.780223  3.1329417 3.       ], shape=(6,), dtype=float32)",0.0,[13 1 0 0 0 0 0 6 5 5 2 5 0 0 3 0 0 6 0 0 0 0 0 0 0],False,"tf.Tensor(
[[ 3.9588864   2.7899525   2.2956014   1.780223    3.1329417   1.1415901
   1.2135868   1.5269126   3.986267   -0.03779035  0.8405524  -0.14315851
   2.763742    1.2459383   1.6079983   2.2722797   2.5599804   0.45627064]], shape=(1, 18), dtype=float32)"
1568,[13 1 0 0 0 0 0 6 5 5 2 5 0 0 3 0 0 6 0 0 0 0 0 0 0],"tf.Tensor([3.9417572 2.3877597 1.8951813 1.8786037 2.9351377 7.       ], shape=(6,), dtype=float32)",0.5,[13 2 2 4 5 5 2 0 0 0 0 0 0 0 3 0 0 6 0 0 0 0 0 0 0],False,"tf.Tensor(
[[ 3.9417572   2.3877597   1.8951813   1.8786037   2.9351377   1.1147919
   1.3182669   1.7861199   2.9439385  -0.4239263   1.1179156   0.6229856
   2.9646654   1.7626886   1.3124858   2.0953991   2.9259222   0.42443544]], shape=(1, 18), dtype=float32)"
1569,[13 2 2 4 5 5 2 0 0 0 0 0 0 0 3 0 0 6 0 0 0 0 0 0 0],"tf.Tensor([3.759427  2.35231   2.146157  1.6605829 2.560419  3.       ], shape=(6,), dtype=float32)",0.0,[13 3 2 4 5 5 2 0 0 0 0 0 0 0 3 0 0 6 0 0 0 0 0 0 0],False,"tf.Tensor(
[[ 3.759427    2.35231     2.146157    1.6605829   2.560419    0.73639166
   1.3091257   1.9158758   3.3428633  -0.22487521  1.055019    0.43223196
   2.3085532   0.9167812   1.2578869   2.3019087   2.2177835   0.44736636]], shape=(1, 18), dtype=float32)"
1570,[13 3 2 4 5 5 2 0 0 0 0 0 0 0 3 0 0 6 0 0 0 0 0 0 0],"tf.Tensor([3.822049  2.406296  2.2465267 1.6537422 2.637979  3.       ], shape=(6,), dtype=float32)",8.0,[14 1 0 0 0 0 0 2 4 5 5 2 0 0 3 4 0 6 0 0 0 0 0 0 0],True,"tf.Tensor(
[[ 3.822049    2.406296    2.2465267   1.6537422   2.637979    0.73548335
   1.3060844   1.9425155   3.4614053  -0.18154319  1.0793656   0.39464825
   2.3600793   0.94593596  1.287248    2.2824216   2.2599313   0.40152377]], shape=(1, 18), dtype=float32)"
1571,[1 1 0 0 0 0 0 5 4 4 2 2 0 0 0 0 0 0 0 0 0 0 0 0 0],"tf.Tensor([1.3385243  1.0691873  0.8770842  0.86818475 1.1896719  7.        ], shape=(6,), dtype=float32)",0.30000000000000004,[1 2 5 4 2 0 0 0 0 4 2 0 0 0 0 0 0 0 0 0 0 0 0 0 0],False,"tf.Tensor(
[[ 1.3385243   1.0691873   0.8770842   0.86818475  1.1896719   0.2745214
   0.12998807  0.4948274   1.0151327   0.02838159  0.56228536 -0.12107114
   1.1591413   0.3728478   0.7639664   0.9555433   0.87695235  0.30963692]], shape=(1, 18), dtype=float32)"
1572,[1 2 5 4 2 0 0 0 0 4 2 0 0 0 0 0 0 0 0 0 0 0 0 0 0],"tf.Tensor([ 1.3965901   1.3411736   0.94389385  0.67833847  1.2857411  10.        ], shape=(6,), dtype=float32)",0.1,[1 3 5 4 2 4 0 0 0 0 6 0 0 0 0 0 0 0 0 0 0 0 0 0 0],False,"tf.Tensor(
[[1.3965901  1.3411736  0.94389385 0.67833847 1.2857411  0.15838769
  0.5030493  0.2159844  1.2703484  0.0057004  0.47426096 0.01220349
  1.1975788  0.7158656  0.8101748  1.4160802  0.8494397  0.21250057]], shape=(1, 18), dtype=float32)"
1573,[1 3 5 4 2 4 0 0 0 0 6 0 0 0 0 0 0 0 0 0 0 0 0 0 0],[0 0 1 1 1 7],0.0,[2 1 0 0 0 0 0 5 4 4 2 2 0 0 0 0 0 0 0 0 0 0 0 0 0],False,"tf.Tensor(
[[1.2230632  1.1994901  0.85598403 0.7722897  1.4425787  0.18793394
  0.32028878 0.42402095 1.2562181  0.07934208 0.48797265 0.0627683
  1.0695381  0.38735703 0.7828669  1.0012007  0.9316596  0.19346438]], shape=(1, 18), dtype=float32)"
1574,[2 1 0 0 0 0 0 5 4 4 2 2 0 0 0 0 0 0 0 0 0 0 0 0 0],"tf.Tensor([1.4638625 1.143436  0.8917234 0.8999869 1.2509798 7.       ], shape=(6,), dtype=float32)",0.30000000000000004,[2 2 3 6 5 0 0 0 0 5 6 0 0 0 0 0 0 0 0 0 0 0 0 0 0],False,"tf.Tensor(
[[ 1.4638625   1.143436    0.8917234   0.8999869   1.2509798   0.3849789
   0.2359348   0.5214038   1.1434407  -0.00191433  0.5316824  -0.10005902
   1.2492067   0.53669953  0.72784394  0.98397994  0.99844253  0.29762185]], shape=(1, 18), dtype=float32)"
1575,[2 2 3 6 5 0 0 0 0 5 6 0 0 0 0 0 0 0 0 0 0 0 0 0 0],"tf.Tensor([1.9343916 2.2476823 1.4356762 0.8685557 1.6349349 3.       ], shape=(6,), dtype=float32)",0.1,[2 3 3 6 5 5 0 0 0 0 4 0 0 0 0 0 0 0 0 0 0 0 0 0 0],False,"tf.Tensor(
[[ 1.9343916   2.2476823   1.4356762   0.8685557   1.6349349  -0.16046828
   0.18114063  0.70355946  1.7841537   0.4124348   0.49736813  0.15126404
   1.0193566   1.1249168   0.99693555  1.4260685   1.3768421  -0.15422732]], shape=(1, 18), dtype=float32)"
1576,[2 3 3 6 5 5 0 0 0 0 4 0 0 0 0 0 0 0 0 0 0 0 0 0 0],"tf.Tensor([ 1.776233   1.0112313  1.5416057  1.4822953  1.1590476 10.       ], shape=(6,), dtype=float32)",0.0,[3 1 0 0 0 0 0 3 6 1 4 5 0 0 0 0 0 0 0 0 0 0 0 0 0],False,"tf.Tensor(
[[ 1.776233    1.0112313   1.5416057   1.4822953   1.1590476  -0.12498023
   0.44681704  1.0224595   1.3689404  -0.03280653  0.7405866   0.08689229
   1.2291336  -0.60565704  1.3717067   1.8645974   0.9097503   0.5627545 ]], shape=(1, 18), dtype=float32)"
1577,[3 1 0 0 0 0 0 3 6 1 4 5 0 0 0 0 0 0 0 0 0 0 0 0 0],"tf.Tensor([1.3018944 1.2252945 1.035161  0.745352  1.3530419 3.       ], shape=(6,), dtype=float32)",0.4,[3 2 2 3 3 5 0 0 0 0 2 0 0 0 0 0 0 0 0 0 0 0 0 0 0],False,"tf.Tensor(
[[ 1.3018944   1.2252945   1.035161    0.745352    1.3530419   0.38693064
   0.66167796  0.32761636  1.4342312  -0.15548939  0.48099014 -0.12487495
   1.1925334   0.58099234  0.78887683  1.0233119   1.0746621   0.08095409]], shape=(1, 18), dtype=float32)"
1578,[3 2 2 3 3 5 0 0 0 0 2 0 0 0 0 0 0 0 0 0 0 0 0 0 0],"tf.Tensor([ 1.3839053   0.70915234  0.9995468   1.0015498   0.91162795 10.        ], shape=(6,), dtype=float32)",0.1,[3 3 2 3 3 5 2 0 0 0 0 0 0 0 0 0 0 0 0 0 0 0 0 0 0],False,"tf.Tensor(
[[ 1.3839053   0.70915234  0.9995468   1.0015498   0.91162795 -0.01623217
   0.36230037  0.8399748   0.93373007 -0.03103709  0.6213701   0.04712417
   0.9363613  -0.24095984  0.80767316  1.3869933   0.51197106  0.51983726]], shape=(1, 18), dtype=float32)"
1579,[3 3 2 3 3 5 2 0 0 0 0 0 0 0 0 0 0 0 0 0 0 0 0 0 0],"tf.Tensor([ 1.4914956   0.95555013  1.1923637   0.99295455  1.1645997  10.        ], shape=(6,), dtype=float32)",0.0,[4 1 0 0 0 0 0 2 3 3 3 5 0 0 0 0 0 0 0 0 0 0 0 0 0],False,"tf.Tensor(
[[ 1.4914956   0.95555013  1.1923637   0.99295455  1.1645997   0.0571405
   0.3523216   0.77650607  1.2676983   0.02722647  0.6579245  -0.10930601
   1.1448699  -0.0633195   0.85457194  1.3210118   0.61929697  0.43269393]], shape=(1, 18), dtype=float32)"
1580,[4 1 0 0 0 0 0 2 3 3 3 5 0 0 0 0 0 0 0 0 0 0 0 0 0],"tf.Tensor([1.3462985  1.0566899  0.87357205 0.69648635 1.3182943  3.        ], shape=(6,), dtype=float32)",0.30000000000000004,[4 2 2 1 1 0 0 0 0 3 4 0 0 0 0 0 0 0 0 0 0 0 0 0 0],False,"tf.Tensor(
[[ 1.3462985   1.0566899   0.87357205  0.69648635  1.3182943   0.45165852
   0.8304287   0.36725226  1.3306875  -0.11656705  0.49090803  0.1435411
   1.1754587   0.85681087  0.65066713  0.9919368   1.2161753   0.00315364]], shape=(1, 18), dtype=float32)"
1581,[4 2 2 1 1 0 0 0 0 3 4 0 0 0 0 0 0 0 0 0 0 0 0 0 0],"tf.Tensor([ 1.4555358   1.0843599   0.84661967  0.7424054   0.9765133  11.        ], shape=(6,), dtype=float32)",0.0,[4 3 2 1 1 0 0 0 0 4 4 0 0 0 0 0 0 0 0 0 0 0 0 0 0],False,"tf.Tensor(
[[ 1.4555358   1.0843599   0.84661967  0.7424054   0.9765133   0.46956128
   0.74646515  0.17368929  1.2189348  -0.04283527  0.11506921  0.06222567
   0.9957558   1.121112    0.667836    1.1124556   1.3152646   0.02387979]], shape=(1, 18), dtype=float32)"
1582,[4 3 2 1 1 0 0 0 0 4 4 0 0 0 0 0 0 0 0 0 0 0 0 0 0],"tf.Tensor([ 1.5409856   1.0741572   0.93748677  0.81325907  1.0875322  11.        ], shape=(6,), dtype=float32)",0.0,[5 1 0 0 0 0 0 2 1 2 3 1 0 0 0 0 0 0 0 0 0 0 0 0 0],False,"tf.Tensor(
[[ 1.5409856   1.0741572   0.93748677  0.81325907  1.0875322   0.60745436
   0.8714782   0.17250007  1.3966979  -0.11883821  0.18303035 -0.03272876
   1.1031858   1.1149508   0.6948598   1.0670156   1.5136431  -0.05651024]], shape=(1, 18), dtype=float32)"
1583,[5 1 0 0 0 0 0 2 1 2 3 1 0 0 0 0 0 0 0 0 0 0 0 0 0],"tf.Tensor([ 1.341894    0.89691913  0.5984984   0.76021117  0.9533194  11.        ], shape=(6,), dtype=float32)",0.2,[5 2 5 1 0 0 0 0 6 5 3 0 0 0 0 0 0 0 0 0 0 0 0 0 0],False,"tf.Tensor(
[[ 1.341894    0.89691913  0.5984984   0.76021117  0.9533194   0.6153141
   0.6396489   0.40939915  1.0992578  -0.15282887  0.1354631   0.09881908
   0.98620605  0.81676203  0.5434854   0.7679708   1.2325413   0.16152242]], shape=(1, 18), dtype=float32)"
1584,[5 2 5 1 0 0 0 0 6 5 3 0 0 0 0 0 0 0 0 0 0 0 0 0 0],"tf.Tensor([2.3251388 1.4555483 1.5635734 1.350074  1.7753685 7.       ], shape=(6,), dtype=float32)",0.30000000000000004,[5 3 5 1 6 5 3 0 0 0 0 0 0 0 0 0 0 0 0 0 0 0 0 0 0],False,"tf.Tensor(
[[ 2.3251388   1.4555483   1.5635734   1.350074    1.7753685   0.802399
   1.1728611   0.4538088   1.9068165  -0.31040195  0.68922085 -0.04329086
   2.0744615   1.2305975   0.8518713   2.0166874   1.6627818   0.28615588]], shape=(1, 18), dtype=float32)"
1585,[5 3 5 1 6 5 3 0 0 0 0 0 0 0 0 0 0 0 0 0 0 0 0 0 0],"tf.Tensor([ 1.8553368  1.1798527  1.4078385  1.5219963  1.589616  10.       ], shape=(6,), dtype=float32)",0.0,[6 1 0 0 0 0 0 5 2 3 4 1 0 0 0 0 0 0 0 0 0 0 0 0 0],False,"tf.Tensor(
[[ 1.8553368   1.1798527   1.4078385   1.5219963   1.589616   -0.00669775
   0.61855733  0.88188547  1.4103522  -0.14772965  0.8812678   0.05464902
   1.6904434  -0.1760346   1.2466905   2.0699387   0.85818785  0.75308245]], shape=(1, 18), dtype=float32)"
1586,[6 1 0 0 0 0 0 5 2 3 4 1 0 0 0 0 0 0 0 0 0 0 0 0 0],"tf.Tensor([ 1.7323406  1.2145745  0.6850021  1.0576768  1.290973  11.       ], shape=(6,), dtype=float32)",0.4,[6 2 6 1 4 2 0 0 0 6 0 0 0 0 0 0 0 0 0 0 0 0 0 0 0],False,"tf.Tensor(
[[ 1.7323406   1.2145745   0.6850021   1.0576768   1.290973    0.8877579
   0.91918147  0.533507    1.3357949  -0.3344933   0.1720826  -0.02014435
   1.437166    1.1673049   0.82091784  1.1094296   1.5705776   0.2635961 ]], shape=(1, 18), dtype=float32)"
1587,[6 2 6 1 4 2 0 0 0 6 0 0 0 0 0 0 0 0 0 0 0 0 0 0 0],[1 1 1 0 0 7],0.1,[6 3 6 1 4 2 6 0 0 0 0 0 0 0 0 0 0 0 0 0 0 0 0 0 0],False,"tf.Tensor(
[[ 1.8179321   1.3330061   1.0555195   1.0038712   1.4737452   0.7536966
   0.9026602   0.4026214   1.9445081  -0.18284243  0.38313335 -0.19675978
   1.4767785   0.662075    0.99137926  1.3539579   1.3531052   0.29195777]], shape=(1, 18), dtype=float32)"
1588,[6 3 6 1 4 2 6 0 0 0 0 0 0 0 0 0 0 0 0 0 0 0 0 0 0],"tf.Tensor([1.8276473 1.469257  1.2222598 1.5107378 1.8134235 7.       ], shape=(6,), dtype=float32)",0.0,[7 1 0 0 0 0 0 6 1 3 4 2 0 0 0 0 0 0 0 0 0 0 0 0 0],False,"tf.Tensor(
[[ 1.8276473   1.469257    1.2222598   1.5107378   1.8134235   0.42148525
   0.3534923   0.44887808  1.5643201  -0.06058811  0.63465816 -0.44396418
   1.9463208   0.30433768  1.205223    1.7550695   1.0234139   0.7854449 ]], shape=(1, 18), dtype=float32)"
1589,[7 1 0 0 0 0 0 6 1 3 4 2 0 0 0 0 0 0 0 0 0 0 0 0 0],"tf.Tensor([ 1.99021     1.4075669   0.82830685  1.0173355   1.410561   11.        ], shape=(6,), dtype=float32)",0.4,[7 2 1 1 2 5 0 0 0 5 0 0 0 0 0 0 0 0 0 0 0 0 0 0 0],False,"tf.Tensor(
[[ 1.99021     1.4075669   0.82830685  1.0173355   1.410561    1.0557343
   0.9559787   0.66099954  1.6019678  -0.40101838  0.16265184  0.01242639
   1.6460662   1.2277141   0.9359588   1.163515    1.7758069   0.21879841]], shape=(1, 18), dtype=float32)"
1590,[7 2 1 1 2 5 0 0 0 5 0 0 0 0 0 0 0 0 0 0 0 0 0 0 0],"tf.Tensor([1.7856275  0.86854076 1.1146226  0.97378266 1.0620536  3.        ], shape=(6,), dtype=float32)",0.1,[7 3 1 1 2 5 5 0 0 0 0 0 0 0 0 0 0 0 0 0 0 0 0 0 0],False,"tf.Tensor(
[[ 1.7856275   0.86854076  1.1146226   0.97378266  1.0620536   0.68379927
   0.96920574  0.66692954  1.6066134  -0.36620104  0.39639807  0.02035968
   1.2579309   0.4005584   0.5977777   1.2844807   1.1964773   0.28649774]], shape=(1, 18), dtype=float32)"
1591,[7 3 1 1 2 5 5 0 0 0 0 0 0 0 0 0 0 0 0 0 0 0 0 0 0],"tf.Tensor([ 1.7141011   0.91186255  1.194341    1.2332586   0.9557365  10.        ], shape=(6,), dtype=float32)",0.0,[8 1 0 0 0 0 0 1 1 1 2 5 0 0 0 0 0 0 0 0 0 0 0 0 0],False,"tf.Tensor(
[[ 1.7141011   0.91186255  1.194341    1.2332586   0.9557365   0.3992906
   0.48413724  0.71960855  1.358467   -0.13961473  0.693676   -0.03980236
   1.2309538   0.1613414   0.7108176   1.5654551   0.6507854   0.6332702 ]], shape=(1, 18), dtype=float32)"
1592,[8 1 0 0 0 0 0 1 1 1 2 5 0 0 0 0 0 0 0 0 0 0 0 0 0],[0 0 1 0 0 9],0.1,[8 2 4 0 0 0 0 4 5 0 4 1 0 0 0 0 0 0 0 0 0 0 0 0 0],False,"tf.Tensor(
[[ 1.831237    1.1946213   0.87016565  0.9323549   1.3112522   0.5049246
   0.56829786  0.8243032   1.4339796  -0.12380691  0.49400225  0.24084269
   1.2173002   0.6373992   0.6228113   1.1218002   1.247809    0.3176356 ]], shape=(1, 18), dtype=float32)"
1593,[8 2 4 0 0 0 0 4 5 0 4 1 0 0 0 0 0 0 0 0 0 0 0 0 0],"tf.Tensor([2.3148186  1.5384045  0.72838163 1.6103718  1.8939176  7.        ], shape=(6,), dtype=float32)",0.4,[8 3 4 4 5 4 1 0 0 0 0 0 0 0 0 0 0 0 0 0 0 0 0 0 0],False,"tf.Tensor(
[[ 2.3148186e+00  1.5384045e+00  7.2838163e-01  1.6103718e+00
   1.8939176e+00  8.8685918e-01  6.9044840e-01  8.1427664e-01
   1.6147245e+00 -2.3521745e-01  5.1978666e-01 -1.7838106e-03
   1.9096398e+00  1.1791402e+00  9.6671832e-01  1.4219913e+00
   1.7284958e+00  6.8374097e-01]], shape=(1, 18), dtype=float32)"
1594,[8 3 4 4 5 4 1 0 0 0 0 0 0 0 0 0 0 0 0 0 0 0 0 0 0],"tf.Tensor([ 2.185157   1.0812697  1.6208773  1.5203968  1.7237622 10.       ], shape=(6,), dtype=float32)",0.0,[9 1 0 0 0 0 0 4 2 4 6 3 0 0 0 0 0 0 0 0 0 0 0 0 0],False,"tf.Tensor(
[[ 2.185157    1.0812697   1.6208773   1.5203968   1.7237622   0.18327121
   0.9333389   1.1435148   1.7294348  -0.31460178  0.7820824   0.06036007
   1.6821268  -0.38617218  1.1170129   2.3658369   0.8799668   0.85645586]], shape=(1, 18), dtype=float32)"
1595,[9 1 0 0 0 0 0 4 2 4 6 3 0 0 0 0 0 0 0 0 0 0 0 0 0],"tf.Tensor([ 2.3974986  1.6045169  1.1486132  1.1920333  1.7308208 11.       ], shape=(6,), dtype=float32)",0.5,[9 2 3 5 1 5 4 0 0 0 0 0 0 0 0 0 0 0 0 0 0 0 0 0 0],False,"tf.Tensor(
[[ 2.3974986   1.6045169   1.1486132   1.1920333   1.7308208   1.1611581
   1.3979877   0.6645006   2.1076095  -0.4163355   0.18255247  0.17376666
   1.7828293   1.5503063   1.0524875   1.4313564   2.3323178   0.08083417]], shape=(1, 18), dtype=float32)"
1596,[9 2 3 5 1 5 4 0 0 0 0 0 0 0 0 0 0 0 0 0 0 0 0 0 0],"tf.Tensor([2.2476935 1.3538316 1.3813841 1.3814671 1.8198184 3.       ], shape=(6,), dtype=float32)",0.0,[9 3 3 5 1 5 4 0 0 0 0 0 0 0 0 0 0 0 0 0 0 0 0 0 0],False,"tf.Tensor(
[[ 2.2476935   1.3538316   1.3813841   1.3814671   1.8198184   0.64543873
   0.7989966   0.8699801   1.8992542  -0.2767825   0.6159588  -0.01624895
   1.7808049   0.45270577  0.7837667   1.8603767   1.2318512   0.6431981 ]], shape=(1, 18), dtype=float32)"
1597,[9 3 3 5 1 5 4 0 0 0 0 0 0 0 0 0 0 0 0 0 0 0 0 0 0],"tf.Tensor([2.268198  1.3113002 1.4830704 1.3813031 1.8508884 3.       ], shape=(6,), dtype=float32)",8.0,[10 1 0 0 0 0 0 3 5 1 5 4 0 0 0 4 0 0 0 0 0 0 0 0 0],False,"tf.Tensor(
[[ 2.268198    1.3113002   1.4830704   1.3813031   1.8508884   0.659527
   0.806581    0.85841197  1.9989148  -0.26970428  0.63635206 -0.06423704
   1.7774986   0.36212578  0.8151822   1.9139944   1.1778917   0.64831716]], shape=(1, 18), dtype=float32)"
1598,[10 1 0 0 0 0 0 3 5 1 5 4 0 0 0 4 0 0 0 0 0 0 0 0 0],"tf.Tensor([2.0270343 1.449974  1.0696304 1.1238096 1.6778125 3.       ], shape=(6,), dtype=float32)",0.5,[10 2 3 4 6 6 1 0 0 0 0 0 0 0 0 4 0 0 0 0 0 0 0 0 0],False,"tf.Tensor(
[[ 2.0270343   1.449974    1.0696304   1.1238096   1.6778125   0.67062944
   0.38042736  0.8297328   1.7471606  -0.06279011  0.256725   -0.13620457
   1.7090179   0.4487285   0.9850368   1.3487632   1.1578605   0.67354167]], shape=(1, 18), dtype=float32)"
1599,[10 2 3 4 6 6 1 0 0 0 0 0 0 0 0 4 0 0 0 0 0 0 0 0 0],"tf.Tensor([ 2.2816784   0.87959623  1.1909493   1.8495398   1.2770895  10.        ], shape=(6,), dtype=float32)",0.0,[10 3 3 4 6 6 1 0 0 0 0 0 0 0 0 4 0 0 0 0 0 0 0 0 0],False,"tf.Tensor(
[[ 2.2816784   0.87959623  1.1909493   1.8495398   1.2770895   0.46324167
   0.28665838  1.2858659   1.2242717  -0.45853186  0.7123982   0.09244958
   1.4924202  -0.7018757   1.2404171   2.493227    0.82245946  1.2283416 ]], shape=(1, 18), dtype=float32)"
1600,[10 3 3 4 6 6 1 0 0 0 0 0 0 0 0 4 0 0 0 0 0 0 0 0 0],"tf.Tensor([ 2.253342    0.84544593  1.2732137   1.8204846   1.3024653  10.        ], shape=(6,), dtype=float32)",0.0,[11 1 0 0 0 0 0 3 4 6 6 1 0 0 0 4 0 0 0 0 0 0 0 0 0],False,"tf.Tensor(
[[ 2.253342    0.84544593  1.2732137   1.8204846   1.3024653   0.4559282
   0.35278258  1.2533355   1.3075302  -0.42568922  0.70577276  0.06012378
   1.5085461  -0.7338501   1.2727468   2.5053349   0.7906359   1.1983199 ]], shape=(1, 18), dtype=float32)"
1601,[11 1 0 0 0 0 0 3 4 6 6 1 0 0 0 4 0 0 0 0 0 0 0 0 0],"tf.Tensor([ 2.3619561   1.3852832   0.91872287  1.5954612   1.6415039  11.        ], shape=(6,), dtype=float32)",0.5,[11 2 3 6 1 4 5 0 0 0 0 0 0 0 0 4 0 0 0 0 0 0 0 0 0],False,"tf.Tensor(
[[ 2.3619561   1.3852832   0.91872287  1.5954612   1.6415039   1.024403
   1.0263041   0.66849536  1.7402124  -0.40753826  0.13719666  0.12532644
   1.8575499   1.062436    0.9520616   1.6164296   1.9947413   0.65068406]], shape=(1, 18), dtype=float32)"
1602,[11 2 3 6 1 4 5 0 0 0 0 0 0 0 0 4 0 0 0 0 0 0 0 0 0],"tf.Tensor([ 2.2339323  1.1646756  1.1883508  1.4700943  1.439193  10.       ], shape=(6,), dtype=float32)",0.0,[11 3 3 6 1 4 5 0 0 0 0 0 0 0 0 4 0 0 0 0 0 0 0 0 0],False,"tf.Tensor(
[[ 2.2339323   1.1646756   1.1883508   1.4700943   1.439193    0.73742074
   0.58412236  0.8687348   1.7872405  -0.06941509  0.46114752 -0.06314495
   1.5251344   0.41993704  0.8293841   1.7902429   1.1116729   0.8019266 ]], shape=(1, 18), dtype=float32)"
1603,[11 3 3 6 1 4 5 0 0 0 0 0 0 0 0 4 0 0 0 0 0 0 0 0 0],"tf.Tensor([2.2648263 1.1872171 1.2665462 1.4352503 1.4679729 3.       ], shape=(6,), dtype=float32)",0.0,[12 1 0 0 0 0 0 3 6 1 4 5 0 0 0 4 0 0 0 0 0 0 0 0 0],False,"tf.Tensor(
[[ 2.2648263   1.1872171   1.2665462   1.4352503   1.4679729   0.7584668
   0.5687742   0.8748692   1.8982695  -0.05238398  0.49645755 -0.10442382
   1.5420734   0.4105059   0.829603    1.7696851   1.0833769   0.7642661 ]], shape=(1, 18), dtype=float32)"
1604,[12 1 0 0 0 0 0 3 6 1 4 5 0 0 0 4 0 0 0 0 0 0 0 0 0],[1 0 0 0 1 6],0.2,[12 2 5 3 0 0 0 0 2 5 3 0 0 0 0 4 0 0 0 0 0 0 0 0 0],False,"tf.Tensor(
[[ 2.3926911   1.6213529   1.1855955   1.3666493   1.9284146   0.69175833
   0.5522044   1.0546454   1.9912328  -0.08455274  0.37487307 -0.04672631
   1.8745067   0.5446023   1.0932503   1.4666008   1.4882897   0.7127017 ]], shape=(1, 18), dtype=float32)"
1605,[12 2 5 3 0 0 0 0 2 5 3 0 0 0 0 4 0 0 0 0 0 0 0 0 0],"tf.Tensor([2.467185  1.1899974 1.2268858 1.2200122 1.5658773 3.       ], shape=(6,), dtype=float32)",0.30000000000000004,[12 3 5 3 2 5 3 0 0 0 0 0 0 0 0 4 0 0 0 0 0 0 0 0 0],False,"tf.Tensor(
[[ 2.467185    1.1899974   1.2268858   1.2200122   1.5658773   1.0754018
   1.0796738   0.6463318   2.021244   -0.32707405  0.16538242  0.13804404
   1.8092932   1.0421047   0.82554907  1.5458233   1.9039779   0.39473286]], shape=(1, 18), dtype=float32)"
1606,[12 3 5 3 2 5 3 0 0 0 0 0 0 0 0 4 0 0 0 0 0 0 0 0 0],"tf.Tensor([ 2.192507   0.9546891  1.1107213  1.5070622  1.5392711 10.       ], shape=(6,), dtype=float32)",0.0,[13 1 0 0 0 0 0 5 3 4 6 3 0 0 0 4 0 0 0 0 0 0 0 0 0],False,"tf.Tensor(
[[ 2.192507    0.9546891   1.1107213   1.5070622   1.5392711   0.7395334
   0.56015146  0.8538116   1.6213022  -0.28051573  0.36898503  0.0783729
   1.6579084  -0.01329271  0.95282876  1.8709215   1.080874    1.0289245 ]], shape=(1, 18), dtype=float32)"
1607,[13 1 0 0 0 0 0 5 3 4 6 3 0 0 0 4 0 0 0 0 0 0 0 0 0],"tf.Tensor([2.6899343 1.6512556 0.8787132 1.5882097 1.8973653 7.       ], shape=(6,), dtype=float32)",0.4,[13 2 4 5 4 6 0 0 0 4 0 0 0 0 0 4 0 0 0 0 0 0 0 0 0],False,"tf.Tensor(
[[ 2.6899343   1.6512556   0.8787132   1.5882097   1.8973653   1.2008162
   0.87405515  0.97661275  1.861075   -0.39241353  0.09781523  0.1405111
   2.096371    1.1456797   1.147545    1.805495    2.0005164   0.8264061 ]], shape=(1, 18), dtype=float32)"
1608,[13 2 4 5 4 6 0 0 0 4 0 0 0 0 0 4 0 0 0 0 0 0 0 0 0],"tf.Tensor([2.706077  1.1557889 1.4522041 1.5307078 1.5939924 3.       ], shape=(6,), dtype=float32)",0.1,[13 3 4 5 4 6 4 0 0 0 0 0 0 0 0 4 0 0 0 0 0 0 0 0 0],False,"tf.Tensor(
[[ 2.706077    1.1557889   1.4522041   1.5307078   1.5939924   0.93107796
   1.1288226   1.1070933   2.1829062  -0.47427374  0.49762467  0.21733464
   1.7677722   0.2073194   1.0630947   2.0222235   1.6480942   0.7507255 ]], shape=(1, 18), dtype=float32)"
1609,[13 3 4 5 4 6 4 0 0 0 0 0 0 0 0 4 0 0 0 0 0 0 0 0 0],"tf.Tensor([ 2.619237   1.0023078  1.5138876  1.8092651  1.6457268 10.       ], shape=(6,), dtype=float32)",0.0,[14 1 0 0 0 0 0 4 5 5 4 6 0 0 0 4 0 0 0 0 0 0 0 0 0],True,"tf.Tensor(
[[ 2.619237    1.0023078   1.5138876   1.8092651   1.6457268   0.82113403
   0.6839793   1.0159788   2.0440817  -0.3248893   0.63193405  0.05815914
   1.765356   -0.2700925   1.2164495   2.4564993   0.99187535  1.2434418 ]], shape=(1, 18), dtype=float32)"
1610,[1 1 0 0 0 0 0 5 2 1 3 6 0 0 0 0 0 0 0 0 0 0 0 0 0],"tf.Tensor([1.1401328  1.1015269  0.8484584  0.38293958 1.2629511  3.        ], shape=(6,), dtype=float32)",0.30000000000000004,[1 2 5 2 6 0 0 0 0 6 1 0 0 0 0 0 0 0 0 0 0 0 0 0 0],False,"tf.Tensor(
[[ 1.1401328   1.1015269   0.8484584   0.38293958  1.2629511   0.52926475
   0.7983012   0.20358455  1.52494    -0.28497338  0.40013534  0.00593542
   1.0519296   0.50594753  0.7520771   0.77482545  1.1022682  -0.06784141]], shape=(1, 18), dtype=float32)"
1611,[1 2 5 2 6 0 0 0 0 6 1 0 0 0 0 0 0 0 0 0 0 0 0 0 0],"tf.Tensor([ 1.5171491  1.719794   0.9548862  0.9441359  1.4964415 10.       ], shape=(6,), dtype=float32)",0.2,[1 3 5 2 6 6 1 0 0 0 0 0 0 0 0 0 0 0 0 0 0 0 0 0 0],False,"tf.Tensor(
[[ 1.5171491   1.719794    0.9548862   0.9441359   1.4964415   0.17468157
   0.2873605   0.14219551  1.290092   -0.00614504  0.4380138  -0.0420691
   1.4733331   0.7565934   1.0435303   1.69538     0.84853506  0.4923912 ]], shape=(1, 18), dtype=float32)"
1612,[1 3 5 2 6 6 1 0 0 0 0 0 0 0 0 0 0 0 0 0 0 0 0 0 0],[0 0 0 1 1 4],10.0,[2 1 0 0 0 0 0 5 2 1 3 6 0 0 0 0 5 0 0 0 0 0 0 0 0],False,"tf.Tensor(
[[ 1.4994701   1.0556558   1.4522556   1.3200291   1.5033802  -0.01212971
   0.88029206  0.5842677   1.5146478  -0.2830725   0.7728584   0.07995893
   1.4250435  -0.40877274  1.3121504   2.021037    0.9012185   0.48731396]], shape=(1, 18), dtype=float32)"
1613,[2 1 0 0 0 0 0 5 2 1 3 6 0 0 0 0 5 0 0 0 0 0 0 0 0],"tf.Tensor([1.4154177  1.599049   0.86486906 0.71737885 1.5370822  3.        ], shape=(6,), dtype=float32)",0.30000000000000004,[2 2 6 5 1 0 0 0 0 1 3 0 0 0 0 0 5 0 0 0 0 0 0 0 0],False,"tf.Tensor(
[[ 1.4154177   1.599049    0.86486906  0.71737885  1.5370822   0.7518476
   0.7345159   0.14406362  1.8761742  -0.3343374   0.34794158 -0.2851125
   1.4321513   0.6375117   0.8848233   1.0257555   1.2971677   0.19769582]], shape=(1, 18), dtype=float32)"
1614,[2 2 6 5 1 0 0 0 0 1 3 0 0 0 0 0 5 0 0 0 0 0 0 0 0],[0 1 0 0 1 8],0.0,[2 3 6 5 1 0 0 0 0 2 5 0 0 0 0 0 5 0 0 0 0 0 0 0 0],False,"tf.Tensor(
[[ 1.5998427   1.4257293   1.191849    0.9654338   1.7120053   0.40488154
   0.6547118   0.41622126  1.8389853  -0.08724222  0.58305156 -0.2983943
   1.4315885   0.2884091   1.0651842   1.4374045   1.0340674   0.33250514]], shape=(1, 18), dtype=float32)"
1615,[2 3 6 5 1 0 0 0 0 2 5 0 0 0 0 0 5 0 0 0 0 0 0 0 0],"tf.Tensor([1.743632   1.7641108  1.1578366  0.93211645 1.8901384  3.        ], shape=(6,), dtype=float32)",0.0,[3 1 0 0 0 0 0 6 5 2 4 1 0 0 0 0 5 0 0 0 0 0 0 0 0],False,"tf.Tensor(
[[ 1.743632    1.7641108   1.1578366   0.93211645  1.8901384   0.46580952
   0.5893012   0.4315177   2.0571477   0.00745871  0.6731609  -0.36605272
   1.4466182   0.62446856  1.0080698   1.2428653   1.3346802   0.12223579]], shape=(1, 18), dtype=float32)"
1616,[3 1 0 0 0 0 0 6 5 2 4 1 0 0 0 0 5 0 0 0 0 0 0 0 0],"tf.Tensor([1.6193278 1.6508393 0.9730701 1.0819355 1.6026083 3.       ], shape=(6,), dtype=float32)",0.5,[3 2 4 1 2 6 2 0 0 0 0 0 0 0 0 0 5 0 0 0 0 0 0 0 0],False,"tf.Tensor(
[[ 1.6193278   1.6508393   0.9730701   1.0819355   1.6026083   0.7316614
   0.24561161  0.26121107  1.7340388  -0.173229    0.3471858  -0.56547856
   1.599361    0.5239578   0.8738507   1.0953197   1.09502     0.51020014]], shape=(1, 18), dtype=float32)"
1617,[3 2 4 1 2 6 2 0 0 0 0 0 0 0 0 0 5 0 0 0 0 0 0 0 0],"tf.Tensor([1.5438015  0.91774905 1.4975914  1.0208551  1.7034528  3.        ], shape=(6,), dtype=float32)",0.0,[3 3 4 1 2 6 2 0 0 0 0 0 0 0 0 0 5 0 0 0 0 0 0 0 0],False,"tf.Tensor(
[[ 1.5438015   0.91774905  1.4975914   1.0208551   1.7034528   0.2613533
   0.9619233   0.5107771   1.6691898  -0.40530393  0.68650115 -0.0402688
   1.6451867  -0.14259845  0.87137204  1.667201    0.8798446   0.4428089 ]], shape=(1, 18), dtype=float32)"
1618,[3 3 4 1 2 6 2 0 0 0 0 0 0 0 0 0 5 0 0 0 0 0 0 0 0],"tf.Tensor([1.6142296  0.88499963 1.5991995  1.0323051  1.7223798  3.        ], shape=(6,), dtype=float32)",8.0,[4 1 0 0 0 0 0 4 1 2 6 2 0 0 0 4 5 0 0 0 0 0 0 0 0],False,"tf.Tensor(
[[ 1.6142296   0.88499963  1.5991995   1.0323051   1.7223798   0.28411365
   0.94305974  0.5346055   1.7232713  -0.43128696  0.7158938  -0.04699811
   1.6855856  -0.20670158  0.9047283   1.6403661   0.9565152   0.42045102]], shape=(1, 18), dtype=float32)"
1619,[4 1 0 0 0 0 0 4 1 2 6 2 0 0 0 4 5 0 0 0 0 0 0 0 0],"tf.Tensor([1.3990701 1.3299465 0.8195243 0.6448765 1.1724138 3.       ], shape=(6,), dtype=float32)",0.30000000000000004,[4 2 5 2 4 0 0 0 0 6 4 0 0 0 0 4 5 0 0 0 0 0 0 0 0],False,"tf.Tensor(
[[ 1.3990701   1.3299465   0.8195243   0.6448765   1.1724138   0.70261925
   0.18314674  0.2867519   1.6918958  -0.06673673  0.06604732 -0.5179864
   1.1202917   0.4434092   0.98565286  0.63434654  1.0688691   0.30647618]], shape=(1, 18), dtype=float32)"
1620,[4 2 5 2 4 0 0 0 0 6 4 0 0 0 0 4 5 0 0 0 0 0 0 0 0],"tf.Tensor([1.8331026 1.4413227 0.9310302 1.3055855 1.6419766 3.       ], shape=(6,), dtype=float32)",0.2,[4 3 5 2 4 6 4 0 0 0 0 0 0 0 0 4 5 0 0 0 0 0 0 0 0],False,"tf.Tensor(
[[ 1.8331026   1.4413227   0.9310302   1.3055855   1.6419766   0.87798214
   0.62387264  0.21132834  1.7950288  -0.11339386  0.28416687 -0.5155442
   1.6607025   0.6228818   1.2127466   1.5255693   1.4036356   0.56171215]], shape=(1, 18), dtype=float32)"
1621,[4 3 5 2 4 6 4 0 0 0 0 0 0 0 0 4 5 0 0 0 0 0 0 0 0],"tf.Tensor([1.9748102 1.3130336 1.5081364 1.3345501 1.7792656 3.       ], shape=(6,), dtype=float32)",8.0,[5 1 0 0 0 0 0 5 2 5 4 4 0 0 0 8 5 0 0 0 0 0 0 0 0],False,"tf.Tensor(
[[ 1.9748102   1.3130336   1.5081364   1.3345501   1.7792656   0.37713987
   0.67296416  0.6675985   1.9156294  -0.23577687  0.6975559  -0.22788444
   1.840068   -0.03393492  1.2461032   1.7547748   1.1093735   0.6331278 ]], shape=(1, 18), dtype=float32)"
1622,[5 1 0 0 0 0 0 5 2 5 4 4 0 0 0 8 5 0 0 0 0 0 0 0 0],"tf.Tensor([1.4295902  1.2200085  1.065922   0.91693985 1.2670339  3.        ], shape=(6,), dtype=float32)",0.5,[5 2 4 4 2 4 3 0 0 0 0 0 0 0 0 8 5 0 0 0 0 0 0 0 0],False,"tf.Tensor(
[[ 1.4295902   1.2200085   1.065922    0.91693985  1.2670339   0.5769173
   0.44877434  0.2793193   1.6248428   0.10640904  0.09890194 -0.53948283
   1.4350959   0.12768824  1.365524    0.9389924   1.1869988   0.3917419 ]], shape=(1, 18), dtype=float32)"
1623,[5 2 4 4 2 4 3 0 0 0 0 0 0 0 0 8 5 0 0 0 0 0 0 0 0],"tf.Tensor([ 1.6932504   0.9817946   1.0322782   1.2932707   0.82239926 10.        ], shape=(6,), dtype=float32)",0.0,[5 3 4 4 2 4 3 0 0 0 0 0 0 0 0 8 5 0 0 0 0 0 0 0 0],False,"tf.Tensor(
[[ 1.6932504   0.9817946   1.0322782   1.2932707   0.82239926  0.38322252
   0.10959329  0.7140634   1.2125291  -0.03142208  0.3548506  -0.35984796
   1.2063719  -0.20994309  1.1541661   1.2363117   0.88776654  0.75829375]], shape=(1, 18), dtype=float32)"
1624,[5 3 4 4 2 4 3 0 0 0 0 0 0 0 0 8 5 0 0 0 0 0 0 0 0],"tf.Tensor([1.7467331 1.0099471 1.0963762 1.286961  0.8565072 3.       ], shape=(6,), dtype=float32)",8.0,[6 1 0 0 0 0 0 4 4 2 4 3 0 0 0 12 5 0 0 0 0 0 0 0 0],False,"tf.Tensor(
[[ 1.7467331   1.0099471   1.0963762   1.286961    0.8565072   0.4032057
   0.13000086  0.7292933   1.3116883  -0.03100418  0.38750178 -0.3697251
   1.2230349  -0.17586069  1.1507924   1.238264    0.91327894  0.72329175]], shape=(1, 18), dtype=float32)"
1625,[6 1 0 0 0 0 0 4 4 2 4 3 0 0 0 12 5 0 0 0 0 0 0 0 0],"tf.Tensor([1.3013769  1.4101892  0.86515397 1.2015445  1.1632038  3.        ], shape=(6,), dtype=float32)",0.4,[6 2 5 4 4 4 0 0 0 3 0 0 0 0 0 12 5 0 0 0 0 0 0 0 0],False,"tf.Tensor(
[[ 1.3013769   1.4101892   0.86515397  1.2015445   1.1632038   0.20125814
  -0.12796201  0.67508316  1.3944508   0.18617493 -0.09558327 -1.270784
   1.3403143  -0.0494404   1.2871206   0.87475735  1.1270292   0.39066932]], shape=(1, 18), dtype=float32)"
1626,[6 2 5 4 4 4 0 0 0 3 0 0 0 0 0 12 5 0 0 0 0 0 0 0 0],"tf.Tensor([1.6789697 1.2038807 0.6181747 1.3692914 0.8432235 7.       ], shape=(6,), dtype=float32)",0.0,[6 3 5 4 4 4 0 0 0 2 0 0 0 0 0 12 5 0 0 0 0 0 0 0 0],False,"tf.Tensor(
[[ 1.6789697   1.2038807   0.6181747   1.3692914   0.8432235   0.4567454
  -0.07638608  0.951328    0.8293937  -0.27862602  0.21255024 -0.23354289
   1.3230363  -0.1929867   1.1168108   1.1927179   1.1924927   0.75004625]], shape=(1, 18), dtype=float32)"
1627,[6 3 5 4 4 4 0 0 0 2 0 0 0 0 0 12 5 0 0 0 0 0 0 0 0],"tf.Tensor([1.692946  1.1513782 0.7334226 1.4297214 0.8153414 7.       ], shape=(6,), dtype=float32)",0.0,[7 1 0 0 0 0 0 5 4 3 4 4 0 0 0 12 5 0 0 0 0 0 0 0 0],False,"tf.Tensor(
[[ 1.692946    1.1513782   0.7334226   1.4297214   0.8153414   0.3624091
  -0.05009453  1.0267498   0.78436935 -0.2897674   0.29735154 -0.24350455
   1.342425   -0.32847002  1.1568413   1.2969522   1.1612657   0.749395  ]], shape=(1, 18), dtype=float32)"
1628,[7 1 0 0 0 0 0 5 4 3 4 4 0 0 0 12 5 0 0 0 0 0 0 0 0],"tf.Tensor([1.421335  1.4604852 0.9938409 1.1914973 1.2285186 3.       ], shape=(6,), dtype=float32)",0.5,[7 2 1 4 4 6 6 0 0 0 0 0 0 0 0 12 5 0 0 0 0 0 0 0 0],False,"tf.Tensor(
[[ 1.421335    1.4604852   0.9938409   1.1914973   1.2285186   0.34043688
   0.02614723  0.6994354   1.6296285   0.18671674 -0.08237282 -1.1617898
   1.4540391  -0.08168635  1.4599715   0.95126975  1.2977507   0.3761155 ]], shape=(1, 18), dtype=float32)"
1629,[7 2 1 4 4 6 6 0 0 0 0 0 0 0 0 12 5 0 0 0 0 0 0 0 0],[1 1 0 1 0 1],0.0,[7 3 1 4 4 6 6 0 0 0 0 0 0 0 0 12 5 0 0 0 0 0 0 0 0],False,"tf.Tensor(
[[ 2.2087998   1.4186951   0.7427024   1.8310447   0.94102424  0.89041185
  -0.74698126  0.6688678   1.6973143  -0.12873067  0.4492687  -0.85296166
   1.1650358  -0.12520349  1.3236156   1.5727836   0.9068987   1.3313406 ]], shape=(1, 18), dtype=float32)"
1630,[7 3 1 4 4 6 6 0 0 0 0 0 0 0 0 12 5 0 0 0 0 0 0 0 0],"tf.Tensor([2.2411528  1.4343555  0.78264683 1.8565716  0.9086512  3.        ], shape=(6,), dtype=float32)",-8.0,[8 1 0 0 0 0 0 1 4 4 6 6 0 0 0 8 5 0 0 0 0 0 0 0 0],False,"tf.Tensor(
[[ 2.2411528   1.4343555   0.78264683  1.8565716   0.9086512   0.8633843
  -0.7661916   0.6608964   1.7309608  -0.09967589  0.51538116 -0.86231
   1.1552871  -0.12829436  1.3380668   1.5772188   0.8762988   1.3494093 ]], shape=(1, 18), dtype=float32)"
1631,[8 1 0 0 0 0 0 1 4 4 6 6 0 0 0 8 5 0 0 0 0 0 0 0 0],"tf.Tensor([1.7905822 1.5208972 1.1773145 0.9950982 1.641678  3.       ], shape=(6,), dtype=float32)",0.5,[8 2 5 6 3 1 6 0 0 0 0 0 0 0 0 8 5 0 0 0 0 0 0 0 0],False,"tf.Tensor(
[[ 1.7905822   1.5208972   1.1773145   0.9950982   1.641678    0.50566494
   0.64931893  0.5499289   2.2152584  -0.01475492  0.38584006 -0.50830257
   1.4162068   0.16847154  1.1662751   1.3291368   1.1041279   0.36610743]], shape=(1, 18), dtype=float32)"
1632,[8 2 5 6 3 1 6 0 0 0 0 0 0 0 0 8 5 0 0 0 0 0 0 0 0],"tf.Tensor([ 2.3555527  1.3375989  1.4804772  1.8588346  1.1620696 10.       ], shape=(6,), dtype=float32)",0.0,[8 3 5 6 3 1 6 0 0 0 0 0 0 0 0 8 5 0 0 0 0 0 0 0 0],False,"tf.Tensor(
[[ 2.3555527   1.3375989   1.4804772   1.8588346   1.1620696   0.5506364
   0.17165774  0.9259058   1.6990291   0.07171702  0.54604757 -0.6291467
   1.7203468  -0.14247708  1.5162903   1.8905885   1.0512323   1.0130186 ]], shape=(1, 18), dtype=float32)"
1633,[8 3 5 6 3 1 6 0 0 0 0 0 0 0 0 8 5 0 0 0 0 0 0 0 0],"tf.Tensor([ 2.4040523  1.3900443  1.529836   1.8473958  1.204131  10.       ], shape=(6,), dtype=float32)",0.0,[9 1 0 0 0 0 0 5 6 3 1 6 0 0 0 8 5 0 0 0 0 0 0 0 0],False,"tf.Tensor(
[[ 2.4040523   1.3900443   1.529836    1.8473958   1.204131    0.5829173
   0.18383895  0.92190003  1.8261702   0.0845672   0.57363445 -0.6708061
   1.7279336  -0.0885386   1.5091349   1.8792983   1.076799    0.96593106]], shape=(1, 18), dtype=float32)"
1634,[9 1 0 0 0 0 0 5 6 3 1 6 0 0 0 8 5 0 0 0 0 0 0 0 0],"tf.Tensor([1.9898854 1.54738   1.3556569 1.0801739 1.6716924 3.       ], shape=(6,), dtype=float32)",0.5,[9 2 2 4 5 2 2 0 0 0 0 0 0 0 0 8 5 0 0 0 0 0 0 0 0],False,"tf.Tensor(
[[ 1.9898854   1.54738     1.3556569   1.0801739   1.6716924   0.57676274
   0.5947559   0.81968325  2.0657444  -0.0503606   0.2630734  -0.31359777
   1.6954767   0.13646561  1.3135471   1.2533216   1.4497195   0.40769932]], shape=(1, 18), dtype=float32)"
1635,[9 2 2 4 5 2 2 0 0 0 0 0 0 0 0 8 5 0 0 0 0 0 0 0 0],"tf.Tensor([ 2.0157676  1.0139105  1.0439478  1.6438268  1.0785081 10.       ], shape=(6,), dtype=float32)",0.0,[9 3 2 4 5 2 2 0 0 0 0 0 0 0 0 8 5 0 0 0 0 0 0 0 0],False,"tf.Tensor(
[[ 2.0157676   1.0139105   1.0439478   1.6438268   1.0785081   0.59840184
  -0.1256044   0.9073008   1.4521258  -0.18661343  0.44356978 -0.4261133
   1.3027889  -0.4445499   1.3136837   1.8049183   0.86783314  1.0874382 ]], shape=(1, 18), dtype=float32)"
1636,[9 3 2 4 5 2 2 0 0 0 0 0 0 0 0 8 5 0 0 0 0 0 0 0 0],"tf.Tensor([ 2.0560613  1.022458   1.122084   1.6483842  1.0937656 10.       ], shape=(6,), dtype=float32)",0.0,[10 1 0 0 0 0 0 2 4 5 2 2 0 0 0 8 5 0 0 0 0 0 0 0 0],False,"tf.Tensor(
[[ 2.0560613   1.022458    1.122084    1.6483842   1.0937656   0.58692414
  -0.09373172  0.9155963   1.5144207  -0.17302926  0.49627542 -0.40989742
   1.3219943  -0.45846853  1.3272418   1.832748    0.84371793  1.0804393 ]], shape=(1, 18), dtype=float32)"
1637,[10 1 0 0 0 0 0 2 4 5 2 2 0 0 0 8 5 0 0 0 0 0 0 0 0],"tf.Tensor([1.7192962 1.0636158 1.0115827 0.9903155 1.358949  3.       ], shape=(6,), dtype=float32)",0.5,[10 2 5 6 3 6 1 0 0 0 0 0 0 0 0 8 5 0 0 0 0 0 0 0 0],False,"tf.Tensor(
[[ 1.7192962   1.0636158   1.0115827   0.9903155   1.358949    0.64318085
   0.72221357  0.57287264  1.7221465  -0.11958578  0.04487574 -0.06408371
   1.5422317   0.13685548  1.0473884   1.0291147   1.3212013   0.5548265 ]], shape=(1, 18), dtype=float32)"
1638,[10 2 5 6 3 6 1 0 0 0 0 0 0 0 0 8 5 0 0 0 0 0 0 0 0],"tf.Tensor([2.1737652 1.1710926 1.3854587 1.4815997 1.4997956 7.       ], shape=(6,), dtype=float32)",0.0,[10 3 5 6 3 6 1 0 0 0 0 0 0 0 0 8 5 0 0 0 0 0 0 0 0],False,"tf.Tensor(
[[ 2.1737652   1.1710926   1.3854587   1.4815997   1.4997956   0.4471771
   0.59426904  1.3050164   1.5982786  -0.2745849   0.30139893 -0.05314457
   1.7916019  -0.44618997  1.3723538   1.7830747   1.4326373   0.73505735]], shape=(1, 18), dtype=float32)"
1639,[10 3 5 6 3 6 1 0 0 0 0 0 0 0 0 8 5 0 0 0 0 0 0 0 0],"tf.Tensor([ 2.2291775  1.1996164  1.4541866  1.4783031  1.5199829 10.       ], shape=(6,), dtype=float32)",0.0,[11 1 0 0 0 0 0 5 6 3 6 1 0 0 0 8 5 0 0 0 0 0 0 0 0],False,"tf.Tensor(
[[ 2.2291775   1.1996164   1.4541866   1.4783031   1.5199829   0.4523803
   0.6059619   1.3078045   1.7011389  -0.26068917  0.34919345 -0.05132503
   1.7896693  -0.43708888  1.3803625   1.7926661   1.4169272   0.7311758 ]], shape=(1, 18), dtype=float32)"
1640,[11 1 0 0 0 0 0 5 6 3 6 1 0 0 0 8 5 0 0 0 0 0 0 0 0],"tf.Tensor([2.1386719 1.5639416 1.0816709 1.3536035 1.9011365 3.       ], shape=(6,), dtype=float32)",0.5,[11 2 4 1 6 5 1 0 0 0 0 0 0 0 0 8 5 0 0 0 0 0 0 0 0],False,"tf.Tensor(
[[ 2.1386719   1.5639416   1.0816709   1.3536035   1.9011365   0.87738335
   0.5933183   0.5534757   2.1346223  -0.03295707 -0.01342366 -0.34938213
   2.0224845   0.3578756   1.3268254   1.3545213   1.5512319   0.83810735]], shape=(1, 18), dtype=float32)"
1641,[11 2 4 1 6 5 1 0 0 0 0 0 0 0 0 8 5 0 0 0 0 0 0 0 0],"tf.Tensor([ 2.0666337   0.77151865  1.1527306   1.8304822   1.3713503  10.        ], shape=(6,), dtype=float32)",0.0,[11 3 4 1 6 5 1 0 0 0 0 0 0 0 0 8 5 0 0 0 0 0 0 0 0],False,"tf.Tensor(
[[ 2.0666337   0.77151865  1.1527306   1.8304822   1.3713503   0.48413736
   0.5941765   1.1117988   1.1717131  -0.47469738  0.42740983  0.05493397
   1.7825191  -0.7354839   1.4014581   2.429206    1.0221182   1.2197387 ]], shape=(1, 18), dtype=float32)"
1642,[11 3 4 1 6 5 1 0 0 0 0 0 0 0 0 8 5 0 0 0 0 0 0 0 0],[1 1 1 0 1 9],0.0,[12 1 0 0 0 0 0 4 1 6 5 1 0 0 0 8 5 0 0 0 0 0 0 0 0],False,"tf.Tensor(
[[ 2.097857    0.7726753   1.2287335   1.8367865   1.3870372   0.45637453
   0.6329379   1.1167672   1.2333304  -0.45898637  0.47335488  0.06326664
   1.8016623  -0.746926    1.4199197   2.4540176   1.003946    1.219048  ]], shape=(1, 18), dtype=float32)"
1643,[12 1 0 0 0 0 0 4 1 6 5 1 0 0 0 8 5 0 0 0 0 0 0 0 0],"tf.Tensor([2.1682844 1.1995372 0.8608336 1.3897852 1.3532531 3.       ], shape=(6,), dtype=float32)",0.4,[12 2 1 6 5 3 0 0 0 6 0 0 0 0 0 8 5 0 0 0 0 0 0 0 0],False,"tf.Tensor(
[[ 2.1682844   1.1995372   0.8608336   1.3897852   1.3532531   1.0808914
   0.74456036  0.5191149   1.8295966  -0.24413335 -0.01929642 -0.18813714
   1.7762754   0.44950584  1.2669747   1.300179    1.7768887   0.752499  ]], shape=(1, 18), dtype=float32)"
1644,[12 2 1 6 5 3 0 0 0 6 0 0 0 0 0 8 5 0 0 0 0 0 0 0 0],"tf.Tensor([2.5055943 1.5534941 1.503404  1.655778  1.5662868 3.       ], shape=(6,), dtype=float32)",0.1,[12 3 1 6 5 3 6 0 0 0 0 0 0 0 0 8 5 0 0 0 0 0 0 0 0],False,"tf.Tensor(
[[ 2.5055943   1.5534941   1.503404    1.655778    1.5662868   0.66830474
   0.7311107   1.1099669   2.2236001  -0.26072496  0.53453094 -0.38432822
   1.759469   -0.08399177  1.3443546   2.070401    1.3340445   0.77459526]], shape=(1, 18), dtype=float32)"
1645,[12 3 1 6 5 3 6 0 0 0 0 0 0 0 0 8 5 0 0 0 0 0 0 0 0],[1 1 0 1 1 6],0.0,[13 1 0 0 0 0 0 1 6 1 5 3 0 0 0 8 5 0 0 0 0 0 0 0 0],False,"tf.Tensor(
[[ 2.7367225e+00  1.6265649e+00  1.6256043e+00  2.1380432e+00
   1.3937835e+00  6.0000926e-01 -2.7931386e-01  1.1912001e+00
   2.1109817e+00  1.6695634e-04  9.1905278e-01 -6.8880528e-01
   1.7572658e+00 -3.7785339e-01  1.5509033e+00  2.2882624e+00
   8.5468388e-01  1.2939235e+00]], shape=(1, 18), dtype=float32)"
1646,[13 1 0 0 0 0 0 1 6 1 5 3 0 0 0 8 5 0 0 0 0 0 0 0 0],"tf.Tensor([2.2413378 1.4864981 1.4174079 1.2008952 1.950301  3.       ], shape=(6,), dtype=float32)",0.5,[13 2 3 2 4 4 4 0 0 0 0 0 0 0 0 8 5 0 0 0 0 0 0 0 0],False,"tf.Tensor(
[[ 2.2413378   1.4864981   1.4174079   1.2008952   1.950301    0.8796039
   0.6268225   0.7941096   2.4993315   0.0596892   0.00754048 -0.36369857
   1.8588858   0.22174612  1.2458804   1.4045522   1.3829412   0.69466007]], shape=(1, 18), dtype=float32)"
1647,[13 2 3 2 4 4 4 0 0 0 0 0 0 0 0 8 5 0 0 0 0 0 0 0 0],"tf.Tensor([ 2.2619762  1.0968298  1.2153546  1.7510072  1.5286007 10.       ], shape=(6,), dtype=float32)",0.0,[13 3 3 2 4 4 4 0 0 0 0 0 0 0 0 8 5 0 0 0 0 0 0 0 0],False,"tf.Tensor(
[[ 2.2619762   1.0968298   1.2153546   1.7510072   1.5286007   0.7418145
   0.28061393  0.9838207   1.6470702  -0.3187861   0.364088   -0.1733183
   1.8017875  -0.32974818  1.3025707   2.1078165   1.043248    1.214468  ]], shape=(1, 18), dtype=float32)"
1648,[13 3 3 2 4 4 4 0 0 0 0 0 0 0 0 8 5 0 0 0 0 0 0 0 0],[ 1  0  0  1  1 11],0.0,[14 1 0 0 0 0 0 3 2 4 4 4 0 0 0 8 5 0 0 0 0 0 0 0 0],True,"tf.Tensor(
[[ 2.2855353   1.1233358   1.292781    1.765453    1.5690886   0.7149336
   0.31430745  1.0060453   1.7031958  -0.29135934  0.40558106 -0.19872582
   1.841423   -0.35600492  1.3270856   2.1497076   1.0313283   1.1840522 ]], shape=(1, 18), dtype=float32)"
1649,[1 1 0 0 0 0 0 2 3 6 1 6 0 0 0 0 0 0 0 0 0 0 0 0 0],[1 0 1 1 0 7],0.30000000000000004,[1 2 2 6 1 0 0 0 2 0 0 5 0 0 0 0 0 0 0 0 0 0 0 0 0],False,"tf.Tensor(
[[ 1.175958    0.98642725  1.0318842   0.80700696  1.0805459  -0.21736796
   0.3804932   0.6639739   0.8098694   0.07417338  0.9219294   0.2816756
   1.0518262   0.42303273  0.59956753  1.1722922   0.5948691   0.14668052]], shape=(1, 18), dtype=float32)"
1650,[1 2 2 6 1 0 0 0 2 0 0 5 0 0 0 0 0 0 0 0 0 0 0 0 0],"tf.Tensor([ 1.194875    0.7019449   1.2628798   0.78934634  1.0457282  10.        ], shape=(6,), dtype=float32)",0.1,[1 3 2 6 1 5 0 0 6 0 0 0 0 0 0 0 0 0 0 0 0 0 0 0 0],False,"tf.Tensor(
[[ 1.1948750e+00  7.0194489e-01  1.2628798e+00  7.8934634e-01
   1.0457282e+00 -1.1135931e-01  9.7452223e-01  5.1294148e-01
   1.1754545e+00 -3.9509729e-02  8.3848917e-01  8.1597641e-03
   1.0599256e+00  2.5286546e-01  6.0194999e-01  1.4845188e+00
   6.3382000e-01  1.0906421e-03]], shape=(1, 18), dtype=float32)"
1651,[1 3 2 6 1 5 0 0 6 0 0 0 0 0 0 0 0 0 0 0 0 0 0 0 0],"tf.Tensor([ 1.5071583   0.46204945  1.764049    1.2136596   1.1793212  10.        ], shape=(6,), dtype=float32)",0.0,[2 1 0 0 0 0 0 2 3 6 1 6 0 0 0 0 0 0 0 0 0 0 0 0 0],False,"tf.Tensor(
[[ 1.5071583   0.46204945  1.764049    1.2136596   1.1793212   0.21656631
   1.106811    0.5847062   1.670633   -0.28078574  0.60974026 -0.6357697
   1.2866704  -0.83767974  1.0999846   1.8957382   0.84403384  0.31048506]], shape=(1, 18), dtype=float32)"
1652,[2 1 0 0 0 0 0 2 3 6 1 6 0 0 0 0 0 0 0 0 0 0 0 0 0],"tf.Tensor([ 1.2961007  1.0091301  1.0444914  0.8334405  1.1500987 10.       ], shape=(6,), dtype=float32)",0.4,[2 2 2 2 1 1 0 0 0 0 6 0 0 0 0 0 0 0 0 0 0 0 0 0 0],False,"tf.Tensor(
[[ 1.2961007   1.0091301   1.0444914   0.8334405   1.1500987  -0.10039067
   0.48269492  0.6544721   0.91156214  0.04289788  0.89750284  0.25312153
   1.1404865   0.5264848   0.61509776  1.2492478   0.68992543  0.16865174]], shape=(1, 18), dtype=float32)"
1653,[2 2 2 2 1 1 0 0 0 0 6 0 0 0 0 0 0 0 0 0 0 0 0 0 0],"tf.Tensor([0.9391077  0.84352803 0.5516703  0.5708388  0.8575923  7.        ], shape=(6,), dtype=float32)",0.0,[2 3 2 2 1 1 0 0 0 0 1 0 0 0 0 0 0 0 0 0 0 0 0 0 0],False,"tf.Tensor(
[[ 0.9391077   0.84352803  0.5516703   0.5708388   0.8575923   0.19628204
   0.23517576  0.1826532   0.82916474  0.08830696  0.29510057 -0.0908597
   0.8525522   0.5029512   0.5097447   0.7520406   0.65338916  0.18254983]], shape=(1, 18), dtype=float32)"
1654,[2 3 2 2 1 1 0 0 0 0 1 0 0 0 0 0 0 0 0 0 0 0 0 0 0],"tf.Tensor([0.96480566 0.48619613 0.7606015  0.6076616  0.73824984 3.        ], shape=(6,), dtype=float32)",0.0,[3 1 0 0 0 0 0 2 2 1 1 1 0 0 0 0 0 0 0 0 0 0 0 0 0],False,"tf.Tensor(
[[ 0.96480566  0.48619613  0.7606015   0.6076616   0.73824984  0.18181519
   0.32460254  0.45270285  0.8155715  -0.01249272  0.35419387 -0.03833998
   0.7129736   0.01783057  0.4942962   0.78977466  0.5246393   0.2329097 ]], shape=(1, 18), dtype=float32)"
1655,[3 1 0 0 0 0 0 2 2 1 1 1 0 0 0 0 0 0 0 0 0 0 0 0 0],"tf.Tensor([0.92231256 0.68584543 0.450199   0.57269675 0.8028307  7.        ], shape=(6,), dtype=float32)",0.1,[3 2 5 0 0 0 0 0 2 2 3 5 0 0 0 0 0 0 0 0 0 0 0 0 0],False,"tf.Tensor(
[[ 0.92231256  0.68584543  0.450199    0.57269675  0.8028307   0.3376034
   0.27624363  0.3262478   0.74878645 -0.05262244  0.28889686  0.03531597
   0.7715559   0.4497872   0.38693175  0.53060424  0.71185344  0.20167041]], shape=(1, 18), dtype=float32)"
1656,[3 2 5 0 0 0 0 0 2 2 3 5 0 0 0 0 0 0 0 0 0 0 0 0 0],"tf.Tensor([1.4470531 1.19185   0.9482739 0.7252822 1.4196304 7.       ], shape=(6,), dtype=float32)",0.30000000000000004,[3 3 5 2 2 5 0 0 0 0 1 0 0 0 0 0 0 0 0 0 0 0 0 0 0],False,"tf.Tensor(
[[ 1.4470531   1.19185     0.9482739   0.7252822   1.4196304   0.25365102
   0.8652454   0.27936202  1.1534505  -0.1336251   0.6421448   0.42165017
   1.4442173   1.1457115   0.6471676   1.3745909   1.1569235   0.0833182 ]], shape=(1, 18), dtype=float32)"
1657,[3 3 5 2 2 5 0 0 0 0 1 0 0 0 0 0 0 0 0 0 0 0 0 0 0],"tf.Tensor([ 1.309104   0.6617747  1.059867   0.9323086  1.3643695 10.       ], shape=(6,), dtype=float32)",0.0,[4 1 0 0 0 0 0 5 2 2 5 3 0 0 0 0 0 0 0 0 0 0 0 0 0],False,"tf.Tensor(
[[ 1.309104    0.6617747   1.059867    0.9323086   1.3643695   0.21130718
   0.70575047  0.5005294   1.2034453  -0.14062688  0.44403565  0.0225429
   1.2954843  -0.11093488  0.8500103   1.4168546   0.7579667   0.49159336]], shape=(1, 18), dtype=float32)"
1658,[4 1 0 0 0 0 0 5 2 2 5 3 0 0 0 0 0 0 0 0 0 0 0 0 0],"tf.Tensor([1.5251586 1.2599351 0.85479   0.5069923 1.3997786 3.       ], shape=(6,), dtype=float32)",0.30000000000000004,[4 2 1 4 3 0 0 0 0 2 1 0 0 0 0 0 0 0 0 0 0 0 0 0 0],False,"tf.Tensor(
[[ 1.5251586   1.2599351   0.85479     0.5069923   1.3997786   0.95881623
   1.0248842   0.31401274  1.7100121  -0.4027256   0.11230361 -0.00611406
   1.3502222   0.9720344   0.84484017  0.92129576  1.533318   -0.03430841]], shape=(1, 18), dtype=float32)"
1659,[4 2 1 4 3 0 0 0 0 2 1 0 0 0 0 0 0 0 0 0 0 0 0 0 0],"tf.Tensor([ 1.3737533   0.8384931   1.0470278   0.80454046  0.9283667  10.        ], shape=(6,), dtype=float32)",0.1,[4 3 1 4 3 2 0 0 0 0 1 0 0 0 0 0 0 0 0 0 0 0 0 0 0],False,"tf.Tensor(
[[ 1.3737533   0.8384931   1.0470278   0.80454046  0.9283667   0.308881
   0.5173862   0.50129426  1.2445303  -0.02085169  0.44110486 -0.12041482
   0.961132    0.2842511   0.5787968   1.2963604   0.57427347  0.32409772]], shape=(1, 18), dtype=float32)"
1660,[4 3 1 4 3 2 0 0 0 0 1 0 0 0 0 0 0 0 0 0 0 0 0 0 0],"tf.Tensor([ 1.399687   0.5613696  1.2028053  0.9032287  0.8337914 10.       ], shape=(6,), dtype=float32)",0.0,[5 1 0 0 0 0 0 1 4 1 3 3 0 0 0 0 0 0 0 0 0 0 0 0 0],False,"tf.Tensor(
[[ 1.399687    0.5613696   1.2028053   0.9032287   0.8337914   0.19707914
   0.38550994  0.7085006   1.2629234  -0.04848614  0.5939225  -0.09123677
   0.80724335 -0.37288627  0.7735645   1.3548597   0.3754163   0.47224942]], shape=(1, 18), dtype=float32)"
1661,[5 1 0 0 0 0 0 1 4 1 3 3 0 0 0 0 0 0 0 0 0 0 0 0 0],"tf.Tensor([1.4707177  1.0680951  0.98275197 0.7694717  1.2246565  3.        ], shape=(6,), dtype=float32)",0.4,[5 2 2 4 4 6 0 0 0 0 2 0 0 0 0 0 0 0 0 0 0 0 0 0 0],False,"tf.Tensor(
[[ 1.4707177   1.0680951   0.98275197  0.7694717   1.2246565   0.48001263
   0.54466057  0.46396086  1.3935071  -0.05148418  0.43346974 -0.02436893
   1.1256276   0.6972829   0.6370245   0.8325566   1.2056491   0.06056596]], shape=(1, 18), dtype=float32)"
1662,[5 2 2 4 4 6 0 0 0 0 2 0 0 0 0 0 0 0 0 0 0 0 0 0 0],"tf.Tensor([ 1.7966996   0.90450764  1.2445124   1.3029087   1.1232134  10.        ], shape=(6,), dtype=float32)",0.1,[5 3 2 4 4 6 2 0 0 0 0 0 0 0 0 0 0 0 0 0 0 0 0 0 0],False,"tf.Tensor(
[[ 1.7966996   0.90450764  1.2445124   1.3029087   1.1232134  -0.02166151
   0.4221618   1.1743275   1.1190432  -0.14082357  0.7602355   0.0592471
   1.1943635  -0.38067403  0.96204245  1.8159686   0.6600273   0.67328966]], shape=(1, 18), dtype=float32)"
1663,[5 3 2 4 4 6 2 0 0 0 0 0 0 0 0 0 0 0 0 0 0 0 0 0 0],"tf.Tensor([ 1.9326805  1.1316081  1.479107   1.2914245  1.3656622 10.       ], shape=(6,), dtype=float32)",0.0,[6 1 0 0 0 0 0 2 4 4 4 6 0 0 0 0 0 0 0 0 0 0 0 0 0],False,"tf.Tensor(
[[ 1.9326805   1.1316081   1.479107    1.2914245   1.3656622   0.04847051
   0.457793    1.0816514   1.5136489  -0.04920535  0.81551087 -0.08518638
   1.3737777  -0.20839098  1.0252141   1.7663013   0.7380228   0.60826814]], shape=(1, 18), dtype=float32)"
1664,[6 1 0 0 0 0 0 2 4 4 4 6 0 0 0 0 0 0 0 0 0 0 0 0 0],"tf.Tensor([1.78253    1.3579861  1.1394286  0.94021404 1.6772817  3.        ], shape=(6,), dtype=float32)",0.5,[6 2 2 2 1 2 1 0 0 0 0 0 0 0 0 0 0 0 0 0 0 0 0 0 0],False,"tf.Tensor(
[[ 1.78253     1.3579861   1.1394286   0.94021404  1.6772817   0.5387574
   1.1180834   0.46406078  1.6749007  -0.13573645  0.6008284   0.24167538
   1.4905602   1.2322993   0.8524042   1.3286175   1.6665298  -0.04397783]], shape=(1, 18), dtype=float32)"
1665,[6 2 2 2 1 2 1 0 0 0 0 0 0 0 0 0 0 0 0 0 0 0 0 0 0],"tf.Tensor([1.4351385 0.7122705 0.8727367 0.8087022 1.1595446 3.       ], shape=(6,), dtype=float32)",0.0,[6 3 2 2 1 2 1 0 0 0 0 0 0 0 0 0 0 0 0 0 0 0 0 0 0],False,"tf.Tensor(
[[ 1.4351385   0.7122705   0.8727367   0.8087022   1.1595446   0.5155501
   0.6196313   0.5662871   1.3087288  -0.18000016  0.31894782  0.09407397
   1.0318782   0.2085423   0.4609659   1.2019055   0.75870055  0.4449427 ]], shape=(1, 18), dtype=float32)"
1666,[6 3 2 2 1 2 1 0 0 0 0 0 0 0 0 0 0 0 0 0 0 0 0 0 0],"tf.Tensor([1.5034509  0.75831753 0.9691771  0.80053556 1.2004946  3.        ], shape=(6,), dtype=float32)",0.0,[7 1 0 0 0 0 0 2 2 1 2 1 0 0 0 0 0 0 0 0 0 0 0 0 0],False,"tf.Tensor(
[[ 1.5034509   0.75831753  0.9691771   0.80053556  1.2004946   0.51490533
   0.61188114  0.60486484  1.4310011  -0.13920742  0.35452244  0.06140625
   1.0437851   0.22230053  0.49303532  1.1914659   0.77667063  0.39798397]], shape=(1, 18), dtype=float32)"
1667,[7 1 0 0 0 0 0 2 2 1 2 1 0 0 0 0 0 0 0 0 0 0 0 0 0],"tf.Tensor([1.6121267 1.056982  0.6635423 1.0185806 1.2869248 7.       ], shape=(6,), dtype=float32)",0.4,[7 2 5 1 4 6 0 0 0 6 0 0 0 0 0 0 0 0 0 0 0 0 0 0 0],False,"tf.Tensor(
[[ 1.6121267   1.056982    0.6635423   1.0185806   1.2869248   0.6004778
   0.64693695  0.6137676   1.2067808  -0.14239515  0.29702672  0.11163588
   1.2549942   0.8606893   0.53838015  1.0252442   1.2470804   0.37050378]], shape=(1, 18), dtype=float32)"
1668,[7 2 5 1 4 6 0 0 0 6 0 0 0 0 0 0 0 0 0 0 0 0 0 0 0],"tf.Tensor([1.953067  1.2310009 1.1460912 1.1999857 1.5775537 3.       ], shape=(6,), dtype=float32)",0.1,[7 3 5 1 4 6 6 0 0 0 0 0 0 0 0 0 0 0 0 0 0 0 0 0 0],False,"tf.Tensor(
[[ 1.953067    1.2310009   1.1460912   1.1999857   1.5775537   0.6387087
   0.94307613  0.6087198   1.8317497  -0.30212     0.4938837  -0.01370624
   1.6617888   0.43348062  0.9873833   1.6001894   1.3217022   0.5012425 ]], shape=(1, 18), dtype=float32)"
1669,[7 3 5 1 4 6 6 0 0 0 0 0 0 0 0 0 0 0 0 0 0 0 0 0 0],"tf.Tensor([1.9962549 1.4849327 1.3302745 1.5284402 1.9344118 7.       ], shape=(6,), dtype=float32)",0.0,[8 1 0 0 0 0 0 5 1 1 4 6 0 0 0 0 0 0 0 0 0 0 0 0 0],False,"tf.Tensor(
[[ 1.9962549   1.4849327   1.3302745   1.5284402   1.9344118   0.303335
   0.48892283  0.70277596  1.6393932  -0.12069526  0.7524698  -0.17780869
   2.0069823   0.24391238  1.16728     1.8960316   1.0522181   0.8109681 ]], shape=(1, 18), dtype=float32)"
1670,[8 1 0 0 0 0 0 5 1 1 4 6 0 0 0 0 0 0 0 0 0 0 0 0 0],"tf.Tensor([1.9915494 1.4106034 1.0117606 0.7457575 1.5723815 3.       ], shape=(6,), dtype=float32)",0.4,[8 2 4 6 6 2 0 0 0 0 3 0 0 0 0 0 0 0 0 0 0 0 0 0 0],False,"tf.Tensor(
[[ 1.9915494   1.4106034   1.0117606   0.7457575   1.5723815   0.9352118
   1.0510579   0.7529643   1.8942213  -0.3946125   0.27399698  0.0926148
   1.6206986   0.9339817   0.9439321   1.2126205   1.5960594   0.15296525]], shape=(1, 18), dtype=float32)"
1671,[8 2 4 6 6 2 0 0 0 0 3 0 0 0 0 0 0 0 0 0 0 0 0 0 0],"tf.Tensor([ 2.27127    0.9505341  1.6850605  1.6559578  1.4238242 10.       ], shape=(6,), dtype=float32)",0.1,[8 3 4 6 6 2 3 0 0 0 0 0 0 0 0 0 0 0 0 0 0 0 0 0 0],False,"tf.Tensor(
[[ 2.27127     0.9505341   1.6850605   1.6559578   1.4238242   0.1968251
   0.7351631   1.1904786   1.7639128  -0.11588933  0.8145334  -0.09114991
   1.4986981  -0.5953158   1.3647108   2.4681494   0.68549293  0.9729819 ]], shape=(1, 18), dtype=float32)"
1672,[8 3 4 6 6 2 3 0 0 0 0 0 0 0 0 0 0 0 0 0 0 0 0 0 0],"tf.Tensor([ 2.556855   1.399241   1.9646993  1.7564923  1.7202402 10.       ], shape=(6,), dtype=float32)",0.0,[9 1 0 0 0 0 0 4 6 6 6 2 0 0 0 0 0 0 0 0 0 0 0 0 0],False,"tf.Tensor(
[[ 2.556855    1.399241    1.9646993   1.7564923   1.7202402   0.27394435
   0.73599595  1.2356122   2.1346695  -0.11865354  0.940557   -0.30815604
   1.8145044  -0.3099293   1.4333545   2.461468    0.9831518   0.8390254 ]], shape=(1, 18), dtype=float32)"
1673,[9 1 0 0 0 0 0 4 6 6 6 2 0 0 0 0 0 0 0 0 0 0 0 0 0],"tf.Tensor([ 2.598193   1.8024728  1.2388991  1.7325429  2.032385  11.       ], shape=(6,), dtype=float32)",0.5,[9 2 5 1 1 5 2 0 0 0 0 0 0 0 0 0 0 0 0 0 0 0 0 0 0],False,"tf.Tensor(
[[ 2.598193    1.8024728   1.2388991   1.7325429   2.032385    1.0618403
   1.3608375   0.59608656  1.9813186  -0.46448073  0.4201884   0.20842235
   2.1071968   1.6936684   1.0849354   1.7896006   2.5640123   0.31773996]], shape=(1, 18), dtype=float32)"
1674,[9 2 5 1 1 5 2 0 0 0 0 0 0 0 0 0 0 0 0 0 0 0 0 0 0],"tf.Tensor([ 1.9282683   0.91706187  1.0409358   1.3654687   1.7311709  10.        ], shape=(6,), dtype=float32)",0.0,[9 3 5 1 1 5 2 0 0 0 0 0 0 0 0 0 0 0 0 0 0 0 0 0 0],False,"tf.Tensor(
[[ 1.9282683   0.91706187  1.0409358   1.3654687   1.7311709   0.6847971
   0.8301558   0.662674    1.4749948  -0.42785567  0.35621977  0.05629986
   1.733123    0.1735333   0.77321905  1.784174    1.1778022   0.83152443]], shape=(1, 18), dtype=float32)"
1675,[9 3 5 1 1 5 2 0 0 0 0 0 0 0 0 0 0 0 0 0 0 0 0 0 0],"tf.Tensor([ 1.9785929  0.9328696  1.1488134  1.3293594  1.794322  10.       ], shape=(6,), dtype=float32)",0.0,[10 1 0 0 0 0 0 5 1 1 5 2 0 0 0 0 0 0 0 0 0 0 0 0 0],False,"tf.Tensor(
[[ 1.9785929   0.9328696   1.1488134   1.3293594   1.794322    0.692947
   0.8748949   0.6791163   1.6167232  -0.4111482   0.3430831   0.04583342
   1.7647806   0.13493767  0.7836042   1.8130052   1.1925641   0.80209386]], shape=(1, 18), dtype=float32)"
1676,[10 1 0 0 0 0 0 5 1 1 5 2 0 0 0 0 0 0 0 0 0 0 0 0 0],"tf.Tensor([ 2.3086529  1.4559566  0.8343545  1.2363484  1.5682414 11.       ], shape=(6,), dtype=float32)",0.4,[10 2 4 2 3 5 0 0 0 5 0 0 0 0 0 0 0 0 0 0 0 0 0 0 0],False,"tf.Tensor(
[[ 2.3086529   1.4559566   0.8343545   1.2363484   1.5682414   1.1042438
   0.9524208   0.8376656   1.7624695  -0.34626082  0.16117117  0.18707517
   1.6543055   1.2551078   0.9545141   1.476269    1.7701005   0.47639376]], shape=(1, 18), dtype=float32)"
1677,[10 2 4 2 3 5 0 0 0 5 0 0 0 0 0 0 0 0 0 0 0 0 0 0 0],"tf.Tensor([2.5647976 1.2366638 1.4839668 1.299835  1.6639639 3.       ], shape=(6,), dtype=float32)",0.1,[10 3 4 2 3 5 5 0 0 0 0 0 0 0 0 0 0 0 0 0 0 0 0 0 0],False,"tf.Tensor(
[[ 2.5647976   1.2366638   1.4839668   1.299835    1.6639639   1.0533887
   1.4298435   0.8720943   2.3707118  -0.5433427   0.46364293  0.1042909
   1.8349195   0.6618058   0.86868197  1.7698348   1.8597631   0.3648795 ]], shape=(1, 18), dtype=float32)"
1678,[10 3 4 2 3 5 5 0 0 0 0 0 0 0 0 0 0 0 0 0 0 0 0 0 0],"tf.Tensor([ 2.3207862  1.450224   1.378263   1.614914   1.8943708 10.       ], shape=(6,), dtype=float32)",0.0,[11 1 0 0 0 0 0 4 2 2 3 5 0 0 0 0 0 0 0 0 0 0 0 0 0],False,"tf.Tensor(
[[ 2.3207862   1.450224    1.378263    1.614914    1.8943708   0.6540129
   0.74853754  0.8184848   1.8721766  -0.3469949   0.6871605  -0.07207662
   1.9887828   0.37560496  0.94495195  2.0998113   1.2075967   0.8646229 ]], shape=(1, 18), dtype=float32)"
1679,[11 1 0 0 0 0 0 4 2 2 3 5 0 0 0 0 0 0 0 0 0 0 0 0 0],"tf.Tensor([2.5856497 1.6766117 1.0402164 1.2948366 1.8420498 3.       ], shape=(6,), dtype=float32)",0.5,[11 2 6 5 6 4 4 0 0 0 0 0 0 0 0 0 0 0 0 0 0 0 0 0 0],False,"tf.Tensor(
[[ 2.5856497   1.6766117   1.0402164   1.2948366   1.8420498   0.9653537
   0.9208944   1.0966837   1.9448308  -0.25970006  0.49092633  0.22591013
   1.8760289   1.3180155   0.8963815   1.4599736   1.9262533   0.38151294]], shape=(1, 18), dtype=float32)"
1680,[11 2 6 5 6 4 4 0 0 0 0 0 0 0 0 0 0 0 0 0 0 0 0 0 0],[1 0 0 1 0 1],0.0,[11 3 6 5 6 4 4 0 0 0 0 0 0 0 0 0 0 0 0 0 0 0 0 0 0],False,"tf.Tensor(
[[ 2.9385777   1.695198    1.8851812   2.0959935   2.259218    0.45410454
   0.95037216  1.3169972   2.2178721  -0.3668836   0.9378578  -0.12139408
   2.346583   -0.06324774  1.4552705   2.89765     1.3750345   1.1276879 ]], shape=(1, 18), dtype=float32)"
1681,[11 3 6 5 6 4 4 0 0 0 0 0 0 0 0 0 0 0 0 0 0 0 0 0 0],"tf.Tensor([ 2.9493806  1.7012318  1.9883925  2.10896    2.3314865 10.       ], shape=(6,), dtype=float32)",0.0,[12 1 0 0 0 0 0 6 5 6 4 4 0 0 0 0 0 0 0 0 0 0 0 0 0],False,"tf.Tensor(
[[ 2.9493806   1.7012318   1.9883925   2.10896     2.3314865   0.44150802
   0.9836526   1.3040677   2.2981222  -0.36205545  0.96166486 -0.18058863
   2.3978248  -0.10970315  1.4836357   2.9594827   1.3497598   1.1225071 ]], shape=(1, 18), dtype=float32)"
1682,[12 1 0 0 0 0 0 6 5 6 4 4 0 0 0 0 0 0 0 0 0 0 0 0 0],"tf.Tensor([ 3.0723212  1.8814403  1.338431   1.8445047  2.3750808 11.       ], shape=(6,), dtype=float32)",0.5,[12 2 3 4 5 1 4 0 0 0 0 0 0 0 0 0 0 0 0 0 0 0 0 0 0],False,"tf.Tensor(
[[ 3.0723212   1.8814403   1.338431    1.8445047   2.3750808   1.3608521
   1.6106479   0.89767796  2.3780012  -0.61760414  0.5810587   0.20000464
   2.5332294   1.829452    1.2022395   1.9502594   2.7568722   0.3979254 ]], shape=(1, 18), dtype=float32)"
1683,[12 2 3 4 5 1 4 0 0 0 0 0 0 0 0 0 0 0 0 0 0 0 0 0 0],[ 1  1  0  1  0 12],0.0,[12 3 3 4 5 1 4 0 0 0 0 0 0 0 0 0 0 0 0 0 0 0 0 0 0],False,"tf.Tensor(
[[ 2.7058847   1.3568813   1.6585804   1.7987882   1.6591346   0.76959455
   1.0149562   1.1084155   2.234292   -0.244851    0.8196144   0.03213165
   1.8593043   0.30649453  1.0152016   2.5962327   1.0987087   1.018569  ]], shape=(1, 18), dtype=float32)"
1684,[12 3 3 4 5 1 4 0 0 0 0 0 0 0 0 0 0 0 0 0 0 0 0 0 0],"tf.Tensor([ 2.787731   1.4222021  1.7476276  1.7944976  1.7105443 10.       ], shape=(6,), dtype=float32)",0.0,[13 1 0 0 0 0 0 3 4 5 1 4 0 0 0 0 0 0 0 0 0 0 0 0 0],False,"tf.Tensor(
[[ 2.787731    1.4222021   1.7476276   1.7944976   1.7105443   0.77712864
   0.9988064   1.1484027   2.357759   -0.21102312  0.87389326  0.00357278
   1.9002857   0.33064535  1.0337006   2.6011615   1.1069198   0.9879357 ]], shape=(1, 18), dtype=float32)"
1685,[13 1 0 0 0 0 0 3 4 5 1 4 0 0 0 0 0 0 0 0 0 0 0 0 0],"tf.Tensor([2.8506892 1.6292692 1.280961  1.628307  2.339566  7.       ], shape=(6,), dtype=float32)",0.5,[13 2 5 3 6 2 2 0 0 0 0 0 0 0 0 0 0 0 0 0 0 0 0 0 0],False,"tf.Tensor(
[[ 2.8506892   1.6292692   1.280961    1.628307    2.339566    1.2339984
   1.3946545   0.8467921   2.284852   -0.47587535  0.62570065  0.234215
   2.389614    1.5443733   0.8566536   1.8181535   2.3485267   0.43799108]], shape=(1, 18), dtype=float32)"
1686,[13 2 5 3 6 2 2 0 0 0 0 0 0 0 0 0 0 0 0 0 0 0 0 0 0],"tf.Tensor([ 2.91517    1.2543733  1.6494799  1.9349735  1.9801179 10.       ], shape=(6,), dtype=float32)",0.0,[13 3 5 3 6 2 2 0 0 0 0 0 0 0 0 0 0 0 0 0 0 0 0 0 0],False,"tf.Tensor(
[[ 2.91517     1.2543733   1.6494799   1.9349735   1.9801179   0.83482504
   1.1024922   1.2035213   2.2797377  -0.5136671   0.79584414  0.20258535
   1.9942061  -0.06775245  1.1572953   2.9121377   1.2177473   1.2366922 ]], shape=(1, 18), dtype=float32)"
1687,[13 3 5 3 6 2 2 0 0 0 0 0 0 0 0 0 0 0 0 0 0 0 0 0 0],"tf.Tensor([ 2.9767032  1.316926   1.7439857  1.9379997  2.0480826 10.       ], shape=(6,), dtype=float32)",0.0,[14 1 0 0 0 0 0 5 3 6 2 2 0 0 0 0 0 0 0 0 0 0 0 0 0],True,"tf.Tensor(
[[ 2.9767032   1.316926    1.7439857   1.9379997   2.0480826   0.815933
   1.1075128   1.2419568   2.3898745  -0.47684404  0.8420509   0.17705329
   2.0287957  -0.04682735  1.1896027   2.9294088   1.228834    1.199818  ]], shape=(1, 18), dtype=float32)"
1688,[1 1 0 0 0 0 0 6 5 2 6 4 0 0 0 0 0 0 0 0 0 0 0 0 0],"tf.Tensor([1.346434  1.2653683 1.05698   0.6135713 1.5564895 3.       ], shape=(6,), dtype=float32)",0.4,[1 2 6 5 2 4 0 0 0 0 4 0 0 0 0 0 0 0 0 0 0 0 0 0 0],False,"tf.Tensor(
[[ 1.346434    1.2653683   1.05698     0.6135713   1.5564895   0.7073435
   0.8172179   0.14706838  1.6577008  -0.41344777  0.3946907  -0.22420289
   1.4806616   0.49079052  0.9571036   1.0822722   1.2467686   0.09732947]], shape=(1, 18), dtype=float32)"
1689,[1 2 6 5 2 4 0 0 0 0 4 0 0 0 0 0 0 0 0 0 0 0 0 0 0],"tf.Tensor([ 1.2307967   1.1272932   0.8808657   0.90279347  1.4542943  10.        ], shape=(6,), dtype=float32)",0.1,[1 3 6 5 2 4 4 0 0 0 0 0 0 0 0 0 0 0 0 0 0 0 0 0 0],False,"tf.Tensor(
[[1.2307967  1.1272932  0.8808657  0.90279347 1.4542943  0.12253906
  0.4597749  0.46344447 1.2433835  0.05684856 0.46091545 0.10422112
  1.1216973  0.2518093  0.85534143 1.2712526  0.84498173 0.316799  ]], shape=(1, 18), dtype=float32)"
1690,[1 3 6 5 2 4 4 0 0 0 0 0 0 0 0 0 0 0 0 0 0 0 0 0 0],"tf.Tensor([1.5304192 1.21279   1.1771048 1.1464697 1.709066  7.       ], shape=(6,), dtype=float32)",0.0,[2 1 0 0 0 0 0 6 5 2 6 4 0 0 0 0 0 0 0 0 0 0 0 0 0],False,"tf.Tensor(
[[ 1.5304192   1.21279     1.1771048   1.1464697   1.709066    0.34870234
   0.5980453   0.3503877   1.589717   -0.09376172  0.56667167 -0.30782288
   1.6261033   0.16046694  1.1210954   1.587999    0.91806525  0.5444732 ]], shape=(1, 18), dtype=float32)"
1691,[2 1 0 0 0 0 0 6 5 2 6 4 0 0 0 0 0 0 0 0 0 0 0 0 0],"tf.Tensor([1.4339699 1.3469096 1.0458931 0.6360143 1.6029006 3.       ], shape=(6,), dtype=float32)",0.4,[2 2 2 1 1 4 0 0 0 0 1 0 0 0 0 0 0 0 0 0 0 0 0 0 0],False,"tf.Tensor(
[[ 1.4339699   1.3469096   1.0458931   0.6360143   1.6029006   0.78337246
   0.88720876  0.1821093   1.7270432  -0.4407882   0.33793533 -0.20283045
   1.5266687   0.6176873   0.9548115   1.1081766   1.3477147   0.09564589]], shape=(1, 18), dtype=float32)"
1692,[2 2 2 1 1 4 0 0 0 0 1 0 0 0 0 0 0 0 0 0 0 0 0 0 0],"tf.Tensor([ 0.8211176   0.44588166  0.6153174   0.5642993   0.7952483  10.        ], shape=(6,), dtype=float32)",0.0,[2 3 2 1 1 4 0 0 0 0 2 0 0 0 0 0 0 0 0 0 0 0 0 0 0],False,"tf.Tensor(
[[ 0.8211176   0.44588166  0.6153174   0.5642993   0.7952483   0.15226065
   0.34669206  0.37019426  0.68691874 -0.08094659  0.29962382  0.06456191
   0.7432388  -0.00345282  0.42844683  0.7702956   0.46773988  0.30353817]], shape=(1, 18), dtype=float32)"
1693,[2 3 2 1 1 4 0 0 0 0 2 0 0 0 0 0 0 0 0 0 0 0 0 0 0],"tf.Tensor([0.873645  0.4757865 0.6485716 0.640369  0.7738324 7.       ], shape=(6,), dtype=float32)",0.0,[3 1 0 0 0 0 0 2 1 1 3 4 0 0 0 0 0 0 0 0 0 0 0 0 0],False,"tf.Tensor(
[[ 0.873645    0.4757865   0.6485716   0.640369    0.7738324   0.15524016
   0.23515369  0.3648662   0.64933354 -0.09051701  0.3625729   0.02964461
   0.80867887 -0.02204837  0.49827537  0.74839705  0.525979    0.32955962]], shape=(1, 18), dtype=float32)"
1694,[3 1 0 0 0 0 0 2 1 1 3 4 0 0 0 0 0 0 0 0 0 0 0 0 0],"tf.Tensor([1.019174   0.75817496 0.65615463 0.38202116 0.93723196 3.        ], shape=(6,), dtype=float32)",0.2,[3 2 6 2 0 0 0 0 1 6 1 0 0 0 0 0 0 0 0 0 0 0 0 0 0],False,"tf.Tensor(
[[ 1.019174    0.75817496  0.65615463  0.38202116  0.93723196  0.5307587
   0.72103107  0.25704607  1.1612017  -0.22121924  0.23832454  0.06861229
   0.88053393  0.5340934   0.50061315  0.65088403  0.9490535  -0.01184746]], shape=(1, 18), dtype=float32)"
1695,[3 2 6 2 0 0 0 0 1 6 1 0 0 0 0 0 0 0 0 0 0 0 0 0 0],"tf.Tensor([1.781865  1.4110316 1.2091771 0.6073352 1.2228194 3.       ], shape=(6,), dtype=float32)",0.2,[3 3 6 2 1 6 0 0 0 0 6 0 0 0 0 0 0 0 0 0 0 0 0 0 0],False,"tf.Tensor(
[[ 1.781865    1.4110316   1.2091771   0.6073352   1.2228194   0.4085947
   0.94772905  0.37608242  1.9183733  -0.04786292  0.511832   -0.06126436
   1.1274911   0.92451257  0.76568073  1.3066423   1.3305492  -0.18678851]], shape=(1, 18), dtype=float32)"
1696,[3 3 6 2 1 6 0 0 0 0 6 0 0 0 0 0 0 0 0 0 0 0 0 0 0],"tf.Tensor([1.2110021  1.1033828  0.6759238  0.88584095 1.6720588  7.        ], shape=(6,), dtype=float32)",0.0,[4 1 0 0 0 0 0 6 3 3 6 2 0 0 0 0 0 0 0 0 0 0 0 0 0],False,"tf.Tensor(
[[ 1.2110021   1.1033828   0.6759238   0.88584095  1.6720588   0.41058275
   0.71237415  0.13629144  1.2857164  -0.19366553  0.41300967  0.03200304
   1.4489772   0.41002834  0.92706347  1.3348708   1.0038952   0.46861994]], shape=(1, 18), dtype=float32)"
1697,[4 1 0 0 0 0 0 6 3 3 6 2 0 0 0 0 0 0 0 0 0 0 0 0 0],"tf.Tensor([1.6821939  1.570155   0.86112505 0.6530737  1.6360089  3.        ], shape=(6,), dtype=float32)",0.30000000000000004,[4 2 4 3 6 0 0 0 0 6 1 0 0 0 0 0 0 0 0 0 0 0 0 0 0],False,"tf.Tensor(
[[ 1.6821939   1.570155    0.86112505  0.6530737   1.6360089   1.054815
   1.0313516   0.3112075   1.7762401  -0.42884973  0.08695278 -0.07194088
   1.6198719   1.243601    0.9589255   1.0429748   1.7407681   0.02502003]], shape=(1, 18), dtype=float32)"
1698,[4 2 4 3 6 0 0 0 0 6 1 0 0 0 0 0 0 0 0 0 0 0 0 0 0],"tf.Tensor([ 1.7200862  1.5961671  1.0566273  1.0734712  1.4455645 10.       ], shape=(6,), dtype=float32)",0.2,[4 3 4 3 6 6 1 0 0 0 0 0 0 0 0 0 0 0 0 0 0 0 0 0 0],False,"tf.Tensor(
[[ 1.7200862   1.5961671   1.0566273   1.0734712   1.4455645   0.35881832
   0.47002056  0.25810534  1.3871635  -0.05166309  0.47149658 -0.15378806
   1.6130406   0.8863354   0.9283969   1.7530758   0.92293787  0.5163418 ]], shape=(1, 18), dtype=float32)"
1699,[4 3 4 3 6 6 1 0 0 0 0 0 0 0 0 0 0 0 0 0 0 0 0 0 0],"tf.Tensor([ 1.9943466  1.1100926  1.5898329  1.4727336  1.45484   10.       ], shape=(6,), dtype=float32)",0.0,[5 1 0 0 0 0 0 4 3 6 2 6 0 0 0 0 0 0 0 0 0 0 0 0 0],False,"tf.Tensor(
[[ 1.9943466   1.1100926   1.5898329   1.4727336   1.45484    -0.071661
   0.6792236   1.1260161   1.5437826  -0.15126288  0.9298976   0.10072844
   1.4789205  -0.41196877  1.2631503   2.1244943   0.8319806   0.6727357 ]], shape=(1, 18), dtype=float32)"
1700,[5 1 0 0 0 0 0 4 3 6 2 6 0 0 0 0 0 0 0 0 0 0 0 0 0],[1 0 1 0 1 5],0.30000000000000004,[5 2 4 1 5 0 0 0 6 0 5 0 0 0 0 0 0 0 0 0 0 0 0 0 0],False,"tf.Tensor(
[[ 1.8754005   1.345757    1.1118206   0.9606299   1.5865519   0.55620235
   0.83391625  0.6744588   1.5706149  -0.10894918  0.6888531   0.16721134
   1.5803716   1.0383645   0.7929931   1.3160433   1.4481915   0.1166243 ]], shape=(1, 18), dtype=float32)"
1701,[5 2 4 1 5 0 0 0 6 0 5 0 0 0 0 0 0 0 0 0 0 0 0 0 0],"tf.Tensor([ 1.9730872   0.93489337  1.5051645   1.4930389   1.286815   10.        ], shape=(6,), dtype=float32)",0.2,[5 3 4 1 5 6 5 0 0 0 0 0 0 0 0 0 0 0 0 0 0 0 0 0 0],False,"tf.Tensor(
[[ 1.9730872   0.93489337  1.5051645   1.4930389   1.286815    0.5011218
   0.73847836  0.60985935  1.5095342  -0.28476694  0.73235166 -0.21724327
   1.5550863   0.11229171  1.1874965   1.8184819   1.2633591   0.5076661 ]], shape=(1, 18), dtype=float32)"
1702,[5 3 4 1 5 6 5 0 0 0 0 0 0 0 0 0 0 0 0 0 0 0 0 0 0],"tf.Tensor([ 1.79645    1.3485003  1.314715   1.3938656  1.6248608 10.       ], shape=(6,), dtype=float32)",0.0,[6 1 0 0 0 0 0 4 2 1 2 5 0 0 0 0 0 0 0 0 0 0 0 0 0],False,"tf.Tensor(
[[ 1.79645     1.3485003   1.314715    1.3938656   1.6248608   0.11793394
   0.45769656  0.7279612   1.4916747  -0.05600935  0.826047   -0.15883838
   1.7391008   0.11313798  1.1587983   1.7734816   0.8432567   0.6889168 ]], shape=(1, 18), dtype=float32)"
1703,[6 1 0 0 0 0 0 4 2 1 2 5 0 0 0 0 0 0 0 0 0 0 0 0 0],"tf.Tensor([1.4937828  1.1966394  0.81823695 0.60720825 1.3581785  3.        ], shape=(6,), dtype=float32)",0.30000000000000004,[6 2 5 4 3 0 0 0 0 5 2 0 0 0 0 0 0 0 0 0 0 0 0 0 0],False,"tf.Tensor(
[[ 1.4937828   1.1966394   0.81823695  0.60720825  1.3581785   0.65812296
   0.7034201   0.5890784   1.4052414  -0.28429776  0.2911942   0.01637873
   1.3239188   0.7087093   0.77239716  0.9472108   1.1703621   0.15765691]], shape=(1, 18), dtype=float32)"
1704,[6 2 5 4 3 0 0 0 0 5 2 0 0 0 0 0 0 0 0 0 0 0 0 0 0],"tf.Tensor([2.0235536 1.6010189 1.2145004 0.9815862 1.3125231 3.       ], shape=(6,), dtype=float32)",0.2,[6 3 5 4 3 5 2 0 0 0 0 0 0 0 0 0 0 0 0 0 0 0 0 0 0],False,"tf.Tensor(
[[ 2.0235536   1.6010189   1.2145004   0.9815862   1.3125231   0.55710304
   0.78856325  0.40702888  1.7440225  -0.04354282  0.4195117  -0.04721711
   1.4777088   1.2885816   0.8562399   1.5203514   1.4275452   0.12449379]], shape=(1, 18), dtype=float32)"
1705,[6 3 5 4 3 5 2 0 0 0 0 0 0 0 0 0 0 0 0 0 0 0 0 0 0],"tf.Tensor([ 2.004963   1.1954063  1.3945626  1.312357   1.8794307 10.       ], shape=(6,), dtype=float32)",0.0,[7 1 0 0 0 0 0 5 4 2 6 3 0 0 0 0 0 0 0 0 0 0 0 0 0],False,"tf.Tensor(
[[ 2.004963    1.1954063   1.3945626   1.312357    1.8794307   0.31922185
   0.7438747   0.8598982   1.7325122  -0.18102747  0.6428273  -0.00899613
   1.7090653   0.01088634  1.037927    1.9214435   1.0403353   0.68590224]], shape=(1, 18), dtype=float32)"
1706,[7 1 0 0 0 0 0 5 4 2 6 3 0 0 0 0 0 0 0 0 0 0 0 0 0],"tf.Tensor([2.0769126 1.6920892 1.1781684 0.8937691 1.814482  3.       ], shape=(6,), dtype=float32)",0.4,[7 2 6 6 6 1 0 0 0 0 1 0 0 0 0 0 0 0 0 0 0 0 0 0 0],False,"tf.Tensor(
[[ 2.0769126   1.6920892   1.1781684   0.8937691   1.814482    1.0656374
   1.1758528   0.5461078   2.1213462  -0.37678775  0.19541909 -0.0618177
   1.7517225   1.3597369   1.0338466   1.2386192   1.9420795   0.01884458]], shape=(1, 18), dtype=float32)"
1707,[7 2 6 6 6 1 0 0 0 0 1 0 0 0 0 0 0 0 0 0 0 0 0 0 0],"tf.Tensor([ 2.2082663  1.0573645  1.6922752  1.6550733  1.6165994 10.       ], shape=(6,), dtype=float32)",0.1,[7 3 6 6 6 1 1 0 0 0 0 0 0 0 0 0 0 0 0 0 0 0 0 0 0],False,"tf.Tensor(
[[ 2.2082663   1.0573645   1.6922752   1.6550733   1.6165994   0.10206223
   0.8795119   1.1710305   1.7112638  -0.14441466  0.7640428  -0.13587436
   1.6670814  -0.5479945   1.3968253   2.4974997   0.8285294   0.92034316]], shape=(1, 18), dtype=float32)"
1708,[7 3 6 6 6 1 1 0 0 0 0 0 0 0 0 0 0 0 0 0 0 0 0 0 0],"tf.Tensor([ 2.324598   1.22503    1.8372295  1.6932383  1.7786629 10.       ], shape=(6,), dtype=float32)",0.0,[8 1 0 0 0 0 0 6 6 6 1 1 0 0 0 0 0 0 0 0 0 0 0 0 0],False,"tf.Tensor(
[[ 2.324598    1.22503     1.8372295   1.6932383   1.7786629   0.17400602
   0.92204446  1.1448765   1.9494586  -0.16335851  0.8091138  -0.24609531
   1.7999583  -0.47289836  1.4452511   2.5568173   0.91046995  0.88885045]], shape=(1, 18), dtype=float32)"
1709,[8 1 0 0 0 0 0 6 6 6 1 1 0 0 0 0 0 0 0 0 0 0 0 0 0],"tf.Tensor([2.2916663  1.2701203  0.92448145 1.8055717  1.6315451  7.        ], shape=(6,), dtype=float32)",0.5,[8 2 2 6 2 3 5 0 0 0 0 0 0 0 0 0 0 0 0 0 0 0 0 0 0],False,"tf.Tensor(
[[ 2.2916663   1.2701203   0.92448145  1.8055717   1.6315451   0.8869037
   1.0430505   0.73397946  1.3633888  -0.56920785  0.682605    0.09607229
   2.0552933   1.0756788   0.851684    1.7913507   1.7513037   0.7123842 ]], shape=(1, 18), dtype=float32)"
1710,[8 2 2 6 2 3 5 0 0 0 0 0 0 0 0 0 0 0 0 0 0 0 0 0 0],"tf.Tensor([2.2737734 1.4193478 1.560903  1.4228939 1.595049  3.       ], shape=(6,), dtype=float32)",0.0,[8 3 2 6 2 3 5 0 0 0 0 0 0 0 0 0 0 0 0 0 0 0 0 0 0],False,"tf.Tensor(
[[ 2.2737734   1.4193478   1.560903    1.4228939   1.595049    0.5722224
   0.6428022   0.8818991   1.9871607  -0.08854347  0.7749942  -0.24010919
   1.6860055   0.47795692  0.92792034  1.8110574   1.116876    0.53059185]], shape=(1, 18), dtype=float32)"
1711,[8 3 2 6 2 3 5 0 0 0 0 0 0 0 0 0 0 0 0 0 0 0 0 0 0],"tf.Tensor([2.3078275 1.3912712 1.6656764 1.418626  1.6272389 3.       ], shape=(6,), dtype=float32)",0.0,[9 1 0 0 0 0 0 2 6 2 3 5 0 0 0 0 0 0 0 0 0 0 0 0 0],False,"tf.Tensor(
[[ 2.3078275   1.3912712   1.6656764   1.418626    1.6272389   0.58823234
   0.6540669   0.88019913  2.09878    -0.08683979  0.80405605 -0.2776275
   1.6820012   0.40247005  0.95756006  1.8547207   1.0786893   0.5226973 ]], shape=(1, 18), dtype=float32)"
1712,[9 1 0 0 0 0 0 2 6 2 3 5 0 0 0 0 0 0 0 0 0 0 0 0 0],"tf.Tensor([2.326429  1.6333032 1.3495203 1.1924949 2.0194516 3.       ], shape=(6,), dtype=float32)",0.5,[9 2 1 4 4 1 3 0 0 0 0 0 0 0 0 0 0 0 0 0 0 0 0 0 0],False,"tf.Tensor(
[[ 2.326429    1.6333032   1.3495203   1.1924949   2.0194516   0.7874944
   0.78725     0.73370713  2.0756502  -0.19718778  0.6525432   0.07811001
   1.9055883   1.038664    0.8366828   1.3708172   1.8122464   0.25783494]], shape=(1, 18), dtype=float32)"
1713,[9 2 1 4 4 1 3 0 0 0 0 0 0 0 0 0 0 0 0 0 0 0 0 0 0],"tf.Tensor([ 2.1046758   0.99762833  1.4458196   1.3472034   1.2191802  10.        ], shape=(6,), dtype=float32)",0.0,[9 3 1 4 4 1 3 0 0 0 0 0 0 0 0 0 0 0 0 0 0 0 0 0 0],False,"tf.Tensor(
[[ 2.1046758   0.99762833  1.4458196   1.3472034   1.2191802   0.5538754
   0.77729416  0.91809404  1.8444389  -0.12010986  0.74039686  0.01206256
   1.3538299   0.14395142  0.7892529   2.012801    0.71863943  0.742193  ]], shape=(1, 18), dtype=float32)"
1714,[9 3 1 4 4 1 3 0 0 0 0 0 0 0 0 0 0 0 0 0 0 0 0 0 0],"tf.Tensor([ 2.1809986  1.0639342  1.5352429  1.3456484  1.2778893 10.       ], shape=(6,), dtype=float32)",0.0,[10 1 0 0 0 0 0 1 4 4 1 3 0 0 0 0 0 0 0 0 0 0 0 0 0],False,"tf.Tensor(
[[ 2.1809986   1.0639342   1.5352429   1.3456484   1.2778893   0.556961
   0.7745566   0.958186    1.9706769  -0.08649214  0.78359604 -0.01355002
   1.3831437   0.16998217  0.81595683  2.0182278   0.7378589   0.7060114 ]], shape=(1, 18), dtype=float32)"
1715,[10 1 0 0 0 0 0 1 4 4 1 3 0 0 0 0 0 0 0 0 0 0 0 0 0],"tf.Tensor([2.2220716 1.4133912 1.1276041 1.2109724 1.9433094 7.       ], shape=(6,), dtype=float32)",0.5,[10 2 5 6 1 6 5 0 0 0 0 0 0 0 0 0 0 0 0 0 0 0 0 0 0],False,"tf.Tensor(
[[ 2.2220716   1.4133912   1.1276041   1.2109724   1.9433094   0.93993276
   1.0360923   0.6080415   1.8769796  -0.35598996  0.5021185   0.20591526
   1.9422685   1.1782236   0.635378    1.4553373   1.8397222   0.33106208]], shape=(1, 18), dtype=float32)"
1716,[10 2 5 6 1 6 5 0 0 0 0 0 0 0 0 0 0 0 0 0 0 0 0 0 0],"tf.Tensor([2.6258516 1.6933936 1.5563258 1.6284277 2.246537  3.       ], shape=(6,), dtype=float32)",0.0,[10 3 5 6 1 6 5 0 0 0 0 0 0 0 0 0 0 0 0 0 0 0 0 0 0],False,"tf.Tensor(
[[ 2.6258516   1.6933936   1.5563258   1.6284277   2.246537    0.72870135
   0.80667955  0.98863804  2.2004163  -0.26066533  0.6311586  -0.1160911
   2.1785686   0.53996634  1.008154    2.0864663   1.5367386   0.77262306]], shape=(1, 18), dtype=float32)"
1717,[10 3 5 6 1 6 5 0 0 0 0 0 0 0 0 0 0 0 0 0 0 0 0 0 0],"tf.Tensor([2.686507  1.6821592 1.6844245 1.6560959 2.3090768 3.       ], shape=(6,), dtype=float32)",0.0,[11 1 0 0 0 0 0 5 6 1 6 5 0 0 0 0 0 0 0 0 0 0 0 0 0],False,"tf.Tensor(
[[ 2.686507    1.6821592   1.6844245   1.6560959   2.3090768   0.73815465
   0.859154    1.0072515   2.3063369  -0.27506945  0.651402   -0.16829507
   2.224764    0.4601808   1.053359    2.1694245   1.5492845   0.7705449 ]], shape=(1, 18), dtype=float32)"
1718,[11 1 0 0 0 0 0 5 6 1 6 5 0 0 0 0 0 0 0 0 0 0 0 0 0],"tf.Tensor([2.7965486 2.1727855 1.5152527 1.3263696 2.2827752 3.       ], shape=(6,), dtype=float32)",0.5,[11 2 6 3 4 3 6 0 0 0 0 0 0 0 0 0 0 0 0 0 0 0 0 0 0],False,"tf.Tensor(
[[ 2.7965486   2.1727855   1.5152527   1.3263696   2.2827752   1.1476154
   1.0708624   0.96321595  2.5708737  -0.37676662  0.5225446  -0.1461773
   2.2975922   1.4537054   1.2244068   1.5635262   2.2051706   0.24009255]], shape=(1, 18), dtype=float32)"
1719,[11 2 6 3 4 3 6 0 0 0 0 0 0 0 0 0 0 0 0 0 0 0 0 0 0],"tf.Tensor([ 2.6874716  1.7502228  1.52743    1.9660902  2.1522126 10.       ], shape=(6,), dtype=float32)",0.0,[11 3 6 3 4 3 6 0 0 0 0 0 0 0 0 0 0 0 0 0 0 0 0 0 0],False,"tf.Tensor(
[[ 2.6874716   1.7502228   1.52743     1.9660902   2.1522126   0.78144026
   0.80766135  0.8805673   2.0737545  -0.35535488  0.71874714 -0.27145863
   2.356031    0.49021485  1.2120309   2.4427      1.5056913   1.0116273 ]], shape=(1, 18), dtype=float32)"
1720,[11 3 6 3 4 3 6 0 0 0 0 0 0 0 0 0 0 0 0 0 0 0 0 0 0],"tf.Tensor([ 2.7051659  1.767369   1.6193084  1.9638857  2.2156138 10.       ], shape=(6,), dtype=float32)",0.0,[12 1 0 0 0 0 0 6 3 4 3 6 0 0 0 0 0 0 0 0 0 0 0 0 0],False,"tf.Tensor(
[[ 2.7051659   1.767369    1.6193084   1.9638857   2.2156138   0.7718429
   0.83189774  0.8768943   2.1695344  -0.33857164  0.7491397  -0.3103334
   2.3872223   0.46774134  1.2329614   2.4848373   1.4762669   0.99668777]], shape=(1, 18), dtype=float32)"
1721,[12 1 0 0 0 0 0 6 3 4 3 6 0 0 0 0 0 0 0 0 0 0 0 0 0],"tf.Tensor([ 2.9032497  1.8514314  1.2478647  1.4040874  2.1617546 11.       ], shape=(6,), dtype=float32)",0.5,[12 2 2 2 4 5 1 0 0 0 0 0 0 0 0 0 0 0 0 0 0 0 0 0 0],False,"tf.Tensor(
[[ 2.9032497   1.8514314   1.2478647   1.4040874   2.1617546   1.309227
   1.3315129   1.0941751   2.2764142  -0.49446002  0.53194577  0.13842757
   2.3485925   1.6653876   1.1356436   1.6857045   2.3503933   0.29845232]], shape=(1, 18), dtype=float32)"
1722,[12 2 2 2 4 5 1 0 0 0 0 0 0 0 0 0 0 0 0 0 0 0 0 0 0],"tf.Tensor([ 2.4557443  0.9194537  1.3705335  1.564048   1.726746  10.       ], shape=(6,), dtype=float32)",0.0,[12 3 2 2 4 5 1 0 0 0 0 0 0 0 0 0 0 0 0 0 0 0 0 0 0],False,"tf.Tensor(
[[ 2.4557443   0.9194537   1.3705335   1.564048    1.726746    0.7140349
   1.000393    1.1449264   1.8965414  -0.50912994  0.6651467   0.39456642
   1.6559603  -0.14205936  0.8571029   2.419373    1.0392507   1.0750812 ]], shape=(1, 18), dtype=float32)"
1723,[12 3 2 2 4 5 1 0 0 0 0 0 0 0 0 0 0 0 0 0 0 0 0 0 0],[1 1 1 1 1 6],0.0,[13 1 0 0 0 0 0 2 2 4 5 1 0 0 0 0 0 0 0 0 0 0 0 0 0],False,"tf.Tensor(
[[ 2.523527    0.980075    1.4745531   1.5437788   1.7917931   0.71960753
   0.97399265  1.156619    2.0400589  -0.4618385   0.6762899   0.37098387
   1.6902641  -0.15490693  0.8889556   2.4208674   1.0494473   1.0555676 ]], shape=(1, 18), dtype=float32)"
1724,[13 1 0 0 0 0 0 2 2 4 5 1 0 0 0 0 0 0 0 0 0 0 0 0 0],"tf.Tensor([ 2.7713199  1.7978477  1.3642681  1.5041946  2.0959697 11.       ], shape=(6,), dtype=float32)",0.5,[13 2 1 5 6 4 1 0 0 0 0 0 0 0 0 0 0 0 0 0 0 0 0 0 0],False,"tf.Tensor(
[[ 2.7713199   1.7978477   1.3642681   1.5041946   2.0959697   1.0670519
   1.3308647   0.58204514  2.166685   -0.35140872  0.12123325  0.38860306
   2.157221    1.7506526   0.8932599   2.1250708   2.235415    0.5471523 ]], shape=(1, 18), dtype=float32)"
1725,[13 2 1 5 6 4 1 0 0 0 0 0 0 0 0 0 0 0 0 0 0 0 0 0 0],"tf.Tensor([ 2.7416985  1.0436206  1.7952074  1.7092803  1.7840118 10.       ], shape=(6,), dtype=float32)",0.0,[13 3 1 5 6 4 1 0 0 0 0 0 0 0 0 0 0 0 0 0 0 0 0 0 0],False,"tf.Tensor(
[[ 2.7416985   1.0436206   1.7952074   1.7092803   1.7840118   0.65023863
   1.0340842   1.4402099   2.2683225  -0.48561135  0.8809619   0.3245842
   1.7484034  -0.39576307  1.0523216   2.8346543   0.94161445  1.0793124 ]], shape=(1, 18), dtype=float32)"
1726,[13 3 1 5 6 4 1 0 0 0 0 0 0 0 0 0 0 0 0 0 0 0 0 0 0],"tf.Tensor([ 2.7750363  1.0484861  1.898193   1.7056683  1.8324318 10.       ], shape=(6,), dtype=float32)",0.0,[14 1 0 0 0 0 0 1 5 6 4 1 0 0 0 0 0 0 0 0 0 0 0 0 0],True,"tf.Tensor(
[[ 2.7750363   1.0484861   1.898193    1.7056683   1.8324318   0.658351
   1.0548276   1.4290165   2.3973815  -0.4416253   0.8938484   0.27658105
   1.7672904  -0.4275511   1.103853    2.8590424   0.9168782   1.0685719 ]], shape=(1, 18), dtype=float32)"
1727,[1 1 0 0 0 0 0 4 2 5 6 6 0 0 0 0 0 0 0 0 0 0 0 0 0],"tf.Tensor([1.4110161  1.6332196  0.9834293  0.60978264 1.5951453  3.        ], shape=(6,), dtype=float32)",0.4,[1 2 4 2 5 6 0 0 0 0 2 0 0 0 0 0 0 0 0 0 0 0 0 0 0],False,"tf.Tensor(
[[ 1.4110161   1.6332196   0.9834293   0.60978264  1.5951453   0.58265275
   0.9779242   0.28449664  1.6058763  -0.3695861   0.6265738   0.27455103
   1.5993092   1.2343582   0.8022454   0.97601616  1.5501162  -0.20140547]], shape=(1, 18), dtype=float32)"
1728,[1 2 4 2 5 6 0 0 0 0 2 0 0 0 0 0 0 0 0 0 0 0 0 0 0],"tf.Tensor([ 1.2094386  0.90324    1.1747266  1.182397   1.2206194 10.       ], shape=(6,), dtype=float32)",0.1,[1 3 4 2 5 6 2 0 0 0 0 0 0 0 0 0 0 0 0 0 0 0 0 0 0],False,"tf.Tensor(
[[ 1.2094386   0.90324     1.1747266   1.182397    1.2206194  -0.03843456
   0.7439996   0.47534993  1.1763978  -0.2546013   0.6585892   0.08505218
   1.1681036  -0.37874496  1.1260499   1.7911375   0.7236025   0.46088377]], shape=(1, 18), dtype=float32)"
1729,[1 3 4 2 5 6 2 0 0 0 0 0 0 0 0 0 0 0 0 0 0 0 0 0 0],"tf.Tensor([ 1.428117   1.0658371  1.2730054  1.1470774  1.4420048 10.       ], shape=(6,), dtype=float32)",0.0,[2 1 0 0 0 0 0 4 2 5 6 6 0 0 0 0 0 0 0 0 0 0 0 0 0],False,"tf.Tensor(
[[ 1.428117    1.0658371   1.2730054   1.1470774   1.4420048   0.09887052
   0.70642793  0.50345     1.4419613  -0.1885104   0.69779897 -0.06591732
   1.3746353  -0.16464971  1.143679    1.7051266   0.8235498   0.45761526]], shape=(1, 18), dtype=float32)"
1730,[2 1 0 0 0 0 0 4 2 5 6 6 0 0 0 0 0 0 0 0 0 0 0 0 0],"tf.Tensor([1.5545821  1.5831202  1.0193001  0.66671664 1.6144998  3.        ], shape=(6,), dtype=float32)",0.4,[2 2 3 1 4 4 0 0 0 0 6 0 0 0 0 0 0 0 0 0 0 0 0 0 0],False,"tf.Tensor(
[[ 1.5545821   1.5831202   1.0193001   0.66671664  1.6144998   0.6734489
   1.079075    0.3165179   1.7111915  -0.36643633  0.62915254  0.23451735
   1.634415    1.2709761   0.8117245   1.061726    1.6157107  -0.16875477]], shape=(1, 18), dtype=float32)"
1731,[2 2 3 1 4 4 0 0 0 0 6 0 0 0 0 0 0 0 0 0 0 0 0 0 0],"tf.Tensor([ 0.8963606   0.78824276  0.6481755   0.9796297   0.9963892  10.        ], shape=(6,), dtype=float32)",0.1,[2 3 3 1 4 4 6 0 0 0 0 0 0 0 0 0 0 0 0 0 0 0 0 0 0],False,"tf.Tensor(
[[ 0.8963606   0.78824276  0.6481755   0.9796297   0.9963892   0.13543986
   0.5201082   0.18781668  0.7808891  -0.2360799   0.45279622 -0.03244534
   1.0986296  -0.04894596  0.8537107   1.3414851   0.56756955  0.5402486 ]], shape=(1, 18), dtype=float32)"
1732,[2 3 3 1 4 4 6 0 0 0 0 0 0 0 0 0 0 0 0 0 0 0 0 0 0],"tf.Tensor([1.2647535 1.2267052 1.0172936 1.0324277 1.3974615 7.       ], shape=(6,), dtype=float32)",0.0,[3 1 0 0 0 0 0 3 1 4 2 4 0 0 0 0 0 0 0 0 0 0 0 0 0],False,"tf.Tensor(
[[ 1.2647535   1.2267052   1.0172936   1.0324277   1.3974615   0.29226294
   0.48516315  0.2401335   1.4025607  -0.12470028  0.539907   -0.37159687
   1.4637084   0.20824564  0.94956505  1.3386447   0.7030438   0.49543366]], shape=(1, 18), dtype=float32)"
1733,[3 1 0 0 0 0 0 3 1 4 2 4 0 0 0 0 0 0 0 0 0 0 0 0 0],"tf.Tensor([1.2643803  0.98916185 0.7437457  0.5640948  1.1343153  3.        ], shape=(6,), dtype=float32)",0.30000000000000004,[3 2 6 6 3 0 0 0 0 1 3 0 0 0 0 0 0 0 0 0 0 0 0 0 0],False,"tf.Tensor(
[[ 1.2643803   0.98916185  0.7437457   0.5640948   1.1343153   0.4929817
   0.6386608   0.42236555  1.1698363  -0.08057249  0.39607614  0.10332717
   1.1223679   0.8484607   0.54666734  0.80380297  1.0566523   0.02169084]], shape=(1, 18), dtype=float32)"
1734,[3 2 6 6 3 0 0 0 0 1 3 0 0 0 0 0 0 0 0 0 0 0 0 0 0],"tf.Tensor([ 1.6447433  1.2500942  1.170622   1.0649332  1.5074722 10.       ], shape=(6,), dtype=float32)",0.2,[3 3 6 6 3 1 3 0 0 0 0 0 0 0 0 0 0 0 0 0 0 0 0 0 0],False,"tf.Tensor(
[[ 1.6447433   1.2500942   1.170622    1.0649332   1.5074722   0.12511148
   0.5957247   0.4317072   1.4262717   0.12570842  0.5676208  -0.1754905
   1.4311589   0.45155817  1.0576196   1.8381087   0.83851224  0.42879027]], shape=(1, 18), dtype=float32)"
1735,[3 3 6 6 3 1 3 0 0 0 0 0 0 0 0 0 0 0 0 0 0 0 0 0 0],"tf.Tensor([1.8310028 1.2928749 1.4505428 1.3252697 1.6467369 3.       ], shape=(6,), dtype=float32)",0.0,[4 1 0 0 0 0 0 6 6 5 6 3 0 0 0 0 0 0 0 0 0 0 0 0 0],False,"tf.Tensor(
[[ 1.8310028   1.2928749   1.4505428   1.3252697   1.6467369   0.3262467
   0.5505588   0.5869566   1.7950511   0.07832553  0.64579207 -0.49470967
   1.6374944   0.13315159  1.2618085   1.7840894   0.9014514   0.5543536 ]], shape=(1, 18), dtype=float32)"
1736,[4 1 0 0 0 0 0 6 6 5 6 3 0 0 0 0 0 0 0 0 0 0 0 0 0],"tf.Tensor([1.9718026 1.6861835 1.2280575 1.1313936 1.8346493 3.       ], shape=(6,), dtype=float32)",0.5,[4 2 2 5 6 3 3 0 0 0 0 0 0 0 0 0 0 0 0 0 0 0 0 0 0],False,"tf.Tensor(
[[ 1.9718026   1.6861835   1.2280575   1.1313936   1.8346493   0.7220068
   0.8410532   0.49757513  1.8316019  -0.1567469   0.55804306 -0.1404597
   1.8108062   1.1874167   0.99069655  1.4122686   1.6372024   0.1738278 ]], shape=(1, 18), dtype=float32)"
1737,[4 2 2 5 6 3 3 0 0 0 0 0 0 0 0 0 0 0 0 0 0 0 0 0 0],"tf.Tensor([ 2.1421108  1.2306281  1.5755614  1.5202036  1.2869698 10.       ], shape=(6,), dtype=float32)",0.0,[4 3 2 5 6 3 3 0 0 0 0 0 0 0 0 0 0 0 0 0 0 0 0 0 0],False,"tf.Tensor(
[[ 2.1421108   1.2306281   1.5755614   1.5202036   1.2869698   0.08913347
   0.29947668  1.1567101   1.5967103   0.01843759  0.8409815  -0.31150895
   1.406723   -0.36791825  1.3024027   1.9334584   0.77692944  0.74124503]], shape=(1, 18), dtype=float32)"
1738,[4 3 2 5 6 3 3 0 0 0 0 0 0 0 0 0 0 0 0 0 0 0 0 0 0],"tf.Tensor([ 2.1594312  1.2626121  1.6792666  1.5394983  1.3230098 10.       ], shape=(6,), dtype=float32)",0.0,[5 1 0 0 0 0 0 2 5 6 3 3 0 0 0 0 0 0 0 0 0 0 0 0 0],False,"tf.Tensor(
[[ 2.1594312   1.2626121   1.6792666   1.5394983   1.3230098   0.05736186
   0.29993823  1.1581572   1.6588917   0.03011122  0.8968077  -0.3559692
   1.4744493  -0.37303776  1.3232971   1.9470675   0.75974995  0.7222817 ]], shape=(1, 18), dtype=float32)"
1739,[5 1 0 0 0 0 0 2 5 6 3 3 0 0 0 0 0 0 0 0 0 0 0 0 0],"tf.Tensor([1.9525111 1.191219  1.3071609 1.2353826 1.4532421 7.       ], shape=(6,), dtype=float32)",0.5,[5 2 4 2 3 2 2 0 0 0 0 0 0 0 0 0 0 0 0 0 0 0 0 0 0],False,"tf.Tensor(
[[ 1.9525111   1.191219    1.3071609   1.2353826   1.4532421   0.5782533
   0.96636987  0.5366452   1.4594934  -0.23924083  0.6928494   0.09383735
   1.6207638   1.0240883   0.7972749   1.5557743   1.5900832   0.1591875 ]], shape=(1, 18), dtype=float32)"
1740,[5 2 4 2 3 2 2 0 0 0 0 0 0 0 0 0 0 0 0 0 0 0 0 0 0],"tf.Tensor([ 1.4878211  0.9282101  1.0187069  1.1121273  1.3565214 10.       ], shape=(6,), dtype=float32)",0.0,[5 3 4 2 3 2 2 0 0 0 0 0 0 0 0 0 0 0 0 0 0 0 0 0 0],False,"tf.Tensor(
[[ 1.4878211   0.9282101   1.0187069   1.1121273   1.3565214   0.26434192
   0.49287468  0.5979861   1.208648   -0.14253329  0.49315125 -0.10637663
   1.3274512  -0.01875694  0.8331736   1.5199113   0.73649555  0.6238562 ]], shape=(1, 18), dtype=float32)"
1741,[5 3 4 2 3 2 2 0 0 0 0 0 0 0 0 0 0 0 0 0 0 0 0 0 0],"tf.Tensor([ 1.5527118   0.95575243  1.1124943   1.1401587   1.4078789  10.        ], shape=(6,), dtype=float32)",0.0,[6 1 0 0 0 0 0 4 2 3 2 2 0 0 0 0 0 0 0 0 0 0 0 0 0],False,"tf.Tensor(
[[ 1.5527118   0.95575243  1.1124943   1.1401587   1.4078789   0.28206366
   0.5563677   0.61455446  1.3120706  -0.14943993  0.5189224  -0.13758679
   1.3842293  -0.01152059  0.85990345  1.5830061   0.76642144  0.6092719 ]], shape=(1, 18), dtype=float32)"
1742,[6 1 0 0 0 0 0 4 2 3 2 2 0 0 0 0 0 0 0 0 0 0 0 0 0],"tf.Tensor([ 1.6357749  1.0381151  0.6734816  0.9654369  1.2452674 11.       ], shape=(6,), dtype=float32)",0.4,[6 2 3 4 2 4 0 0 0 3 0 0 0 0 0 0 0 0 0 0 0 0 0 0 0],False,"tf.Tensor(
[[ 1.6357749   1.0381151   0.6734816   0.9654369   1.2452674   0.79755014
   0.85188454  0.5418886   1.2487577  -0.31388152  0.29439726  0.05497754
   1.3637027   1.01035     0.6828785   1.0247836   1.4142841   0.24621141]], shape=(1, 18), dtype=float32)"
1743,[6 2 3 4 2 4 0 0 0 3 0 0 0 0 0 0 0 0 0 0 0 0 0 0 0],"tf.Tensor([1.7538217 1.057311  1.1616281 0.9011883 1.3085598 3.       ], shape=(6,), dtype=float32)",0.1,[6 3 3 4 2 4 3 0 0 0 0 0 0 0 0 0 0 0 0 0 0 0 0 0 0],False,"tf.Tensor(
[[ 1.7538217   1.057311    1.1616281   0.9011883   1.3085598   0.5101261
   0.7714368   0.7214737   1.6922448  -0.18090466  0.45793802 -0.01142828
   1.2439727   0.34785992  0.6895376   1.2541511   1.0825605   0.27971894]], shape=(1, 18), dtype=float32)"
1744,[6 3 3 4 2 4 3 0 0 0 0 0 0 0 0 0 0 0 0 0 0 0 0 0 0],"tf.Tensor([1.8354279 1.1674664 1.3358917 1.167654  1.5842879 3.       ], shape=(6,), dtype=float32)",16.0,[7 1 0 0 0 0 0 3 4 4 2 4 0 0 0 8 0 0 0 0 0 0 0 0 0],False,"tf.Tensor(
[[ 1.8354279   1.1674664   1.3358917   1.167654    1.5842879   0.35210237
   0.5669575   0.7752919   1.6433194  -0.09094946  0.5631728  -0.1725127
   1.5072742   0.12003331  0.87658435  1.5697091   0.9374408   0.5365497 ]], shape=(1, 18), dtype=float32)"
1745,[7 1 0 0 0 0 0 3 4 4 2 4 0 0 0 8 0 0 0 0 0 0 0 0 0],"tf.Tensor([1.430072   1.1715373  0.6302227  1.2291312  0.73324555 7.        ], shape=(6,), dtype=float32)",0.30000000000000004,[7 2 4 4 2 0 0 0 0 3 0 6 0 0 0 8 0 0 0 0 0 0 0 0 0],False,"tf.Tensor(
[[ 1.430072    1.1715373   0.6302227   1.2291312   0.73324555  0.20388392
  -0.30158263  1.0012643   0.64366543 -0.14813995  0.3867612  -0.34499425
   1.1110473  -0.15026881  0.8817389   1.0675921   0.8573297   0.5429846 ]], shape=(1, 18), dtype=float32)"
1746,[7 2 4 4 2 0 0 0 0 3 0 6 0 0 0 8 0 0 0 0 0 0 0 0 0],"tf.Tensor([ 1.4568413   0.88655615  0.74129415  0.9422131   0.84645873 10.        ], shape=(6,), dtype=float32)",0.0,[7 3 4 4 2 0 0 0 0 3 0 2 0 0 0 8 0 0 0 0 0 0 0 0 0],False,"tf.Tensor(
[[ 1.4568413   0.88655615  0.74129415  0.9422131   0.84645873  0.1895717
   0.2544478   1.0083463   0.9092476  -0.08155316  0.33707437  0.06199941
   0.96154594 -0.08472383  0.78939956  1.0267487   0.9631112   0.37614164]], shape=(1, 18), dtype=float32)"
1747,[7 3 4 4 2 0 0 0 0 3 0 2 0 0 0 8 0 0 0 0 0 0 0 0 0],"tf.Tensor([1.1222268  0.9345995  0.38088295 0.8501011  0.7997523  7.        ], shape=(6,), dtype=float32)",0.0,[8 1 0 0 0 0 0 4 4 6 2 1 0 0 0 8 0 0 0 0 0 0 0 0 0],False,"tf.Tensor(
[[ 1.1222268   0.9345995   0.38088295  0.8501011   0.7997523   0.27257788
  -0.09217396  0.91712326  0.5108361  -0.231648    0.12789078 -0.03967839
   1.0117443   0.00305449  0.6079866   0.74948776  0.9417638   0.33522722]], shape=(1, 18), dtype=float32)"
1748,[8 1 0 0 0 0 0 4 4 6 2 1 0 0 0 8 0 0 0 0 0 0 0 0 0],"tf.Tensor([ 1.3978676   1.2511055   0.13092509  1.2066679   0.72917384 11.        ], shape=(6,), dtype=float32)",0.30000000000000004,[8 2 6 3 5 0 0 0 0 5 0 5 0 0 0 8 0 0 0 0 0 0 0 0 0],False,"tf.Tensor(
[[ 1.3978676   1.2511055   0.13092509  1.2066679   0.72917384  0.51658505
  -0.21500185  0.85742694  0.58531135 -0.33397308  0.20420402 -0.01605849
   1.0708122   0.04380085  0.81310123  0.8339338   1.0939317   0.69213045]], shape=(1, 18), dtype=float32)"
1749,[8 2 6 3 5 0 0 0 0 5 0 5 0 0 0 8 0 0 0 0 0 0 0 0 0],"tf.Tensor([ 1.9765254   1.1246728   0.71670187  1.3201138   0.9758787  10.        ], shape=(6,), dtype=float32)",0.1,[8 3 6 3 5 5 0 0 0 1 0 0 0 0 0 8 0 0 0 0 0 0 0 0 0],False,"tf.Tensor(
[[ 1.9765254   1.1246728   0.71670187  1.3201138   0.9758787   0.4972935
   0.21200725  0.98462546  1.1298746  -0.17753936  0.40177375  0.07929626
   1.2107639   0.14025074  0.9447638   1.3358502   1.1760172   0.7433181 ]], shape=(1, 18), dtype=float32)"
1750,[8 3 6 3 5 5 0 0 0 1 0 0 0 0 0 8 0 0 0 0 0 0 0 0 0],"tf.Tensor([ 1.6971222   0.82984936  0.7690239   1.7138698   0.9229325  10.        ], shape=(6,), dtype=float32)",0.0,[9 1 0 0 0 0 0 6 3 6 5 6 0 0 0 8 0 0 0 0 0 0 0 0 0],False,"tf.Tensor(
[[ 1.6971222   0.82984936  0.7690239   1.7138698   0.9229325   0.17709777
   0.14399464  0.94682854  0.64263207 -0.26406464  0.5150543  -0.21567325
   1.3758955  -0.5941736   1.1948481   1.8583939   0.91387874  1.0126842 ]], shape=(1, 18), dtype=float32)"
1751,[9 1 0 0 0 0 0 6 3 6 5 6 0 0 0 8 0 0 0 0 0 0 0 0 0],"tf.Tensor([2.020361  1.4673564 1.1503677 1.2329792 1.3780764 7.       ], shape=(6,), dtype=float32)",0.5,[9 2 5 3 4 5 2 0 0 0 0 0 0 0 0 8 0 0 0 0 0 0 0 0 0],False,"tf.Tensor(
[[ 2.020361    1.4673564   1.1503677   1.2329792   1.3780764   0.5474136
   0.43285477  0.86519086  1.5566411  -0.13333768  0.4060719  -0.19423687
   1.6940585   0.24789883  1.3395302   1.450033    1.2800105   0.6286899 ]], shape=(1, 18), dtype=float32)"
1752,[9 2 5 3 4 5 2 0 0 0 0 0 0 0 0 8 0 0 0 0 0 0 0 0 0],"tf.Tensor([ 1.6522532  0.8298017  0.5161605  1.6705053  0.9178713 10.       ], shape=(6,), dtype=float32)",0.0,[9 3 5 3 4 5 2 0 0 0 0 0 0 0 0 8 0 0 0 0 0 0 0 0 0],False,"tf.Tensor(
[[ 1.6522532   0.8298017   0.5161605   1.6705053   0.9178713   0.41143563
  -0.16175085  0.80888414  0.63101816 -0.19599438  0.37745222 -0.2533576
   1.2922109  -0.40225846  1.0912603   1.6661842   0.8730208   1.0805767 ]], shape=(1, 18), dtype=float32)"
1753,[9 3 5 3 4 5 2 0 0 0 0 0 0 0 0 8 0 0 0 0 0 0 0 0 0],"tf.Tensor([ 1.6726555   0.85864866  0.5591855   1.654934    0.9407041  10.        ], shape=(6,), dtype=float32)",0.0,[10 1 0 0 0 0 0 5 3 4 5 2 0 0 0 8 0 0 0 0 0 0 0 0 0],False,"tf.Tensor(
[[ 1.6726555   0.85864866  0.5591855   1.654934    0.9407041   0.39668757
  -0.14752275  0.81490934  0.71725166 -0.17797978  0.40985036 -0.26696324
   1.284184   -0.39348465  1.1003106   1.6603452   0.86953706  1.0531281 ]], shape=(1, 18), dtype=float32)"
1754,[10 1 0 0 0 0 0 5 3 4 5 2 0 0 0 8 0 0 0 0 0 0 0 0 0],"tf.Tensor([1.8193277 1.1647666 0.4818557 1.5201514 1.1172285 7.       ], shape=(6,), dtype=float32)",0.4,[10 2 6 2 4 2 0 0 0 1 0 0 0 0 0 8 0 0 0 0 0 0 0 0 0],False,"tf.Tensor(
[[ 1.8193277   1.1647666   0.4818557   1.5201514   1.1172285   0.463038
  -0.03015857  0.7772966   0.90638846 -0.01670525  0.23888993 -0.12492
   1.4179364   0.14158607  0.9917068   1.3680508   1.0256665   1.0521291 ]], shape=(1, 18), dtype=float32)"
1755,[10 2 6 2 4 2 0 0 0 1 0 0 0 0 0 8 0 0 0 0 0 0 0 0 0],"tf.Tensor([ 1.4000044   0.77583754  0.4002442   1.5056643   1.0143075  10.        ], shape=(6,), dtype=float32)",0.0,[10 3 6 2 4 2 0 0 0 2 0 0 0 0 0 8 0 0 0 0 0 0 0 0 0],False,"tf.Tensor(
[[ 1.4000044   0.77583754  0.4002442   1.5056643   1.0143075   0.33305952
   0.02257735  0.73992217  0.4966293  -0.17397462  0.18344857 -0.2518295
   1.3762996  -0.312338    1.0276183   1.4868824   0.9888253   0.90565526]], shape=(1, 18), dtype=float32)"
1756,[10 3 6 2 4 2 0 0 0 2 0 0 0 0 0 8 0 0 0 0 0 0 0 0 0],"tf.Tensor([ 1.4820968   0.8712159   0.48569077  1.4358568   1.0463645  10.        ], shape=(6,), dtype=float32)",0.0,[11 1 0 0 0 0 0 6 2 5 4 2 0 0 0 8 0 0 0 0 0 0 0 0 0],False,"tf.Tensor(
[[ 1.4820968   0.8712159   0.48569077  1.4358568   1.0463645   0.388605
   0.08183691  0.74370956  0.6928757  -0.18271576  0.17971382 -0.22470249
   1.3871171  -0.24518035  1.0353934   1.4010952   1.0530626   0.85577774]], shape=(1, 18), dtype=float32)"
1757,[11 1 0 0 0 0 0 6 2 5 4 2 0 0 0 8 0 0 0 0 0 0 0 0 0],"tf.Tensor([1.9383242  1.1995003  0.51011395 1.4785273  1.076703   7.        ], shape=(6,), dtype=float32)",0.4,[11 2 1 1 6 4 0 0 0 5 0 0 0 0 0 8 0 0 0 0 0 0 0 0 0],False,"tf.Tensor(
[[ 1.9383242   1.1995003   0.51011395  1.4785273   1.076703    0.69827896
   0.20770109  0.74315053  1.0619107  -0.135055    0.09648997 -0.05814241
   1.4938308   0.3023519   1.1012619   1.3401294   1.2956953   0.99224985]], shape=(1, 18), dtype=float32)"
1758,[11 2 1 1 6 4 0 0 0 5 0 0 0 0 0 8 0 0 0 0 0 0 0 0 0],"tf.Tensor([ 1.951428    0.91376674  0.5740979   1.7542291   0.6643733  10.        ], shape=(6,), dtype=float32)",0.0,[11 3 1 1 6 4 0 0 0 1 0 0 0 0 0 8 0 0 0 0 0 0 0 0 0],False,"tf.Tensor(
[[ 1.951428    0.91376674  0.5740979   1.7542291   0.6643733   0.597887
  -0.21005327  0.80490273  0.7498247  -0.39427108  0.57703185 -0.03814103
   1.2026527  -0.39416772  1.0324128   1.7230027   0.8429002   1.3090351 ]], shape=(1, 18), dtype=float32)"
1759,[11 3 1 1 6 4 0 0 0 1 0 0 0 0 0 8 0 0 0 0 0 0 0 0 0],[1 0 1 0 0 3],-8.0,[12 1 0 0 0 0 0 1 1 4 6 4 0 0 0 4 0 0 0 0 0 0 0 0 0],False,"tf.Tensor(
[[ 1.7921717   0.8280121   0.48585388  1.7289833   0.95186454  0.61422426
  -0.21988502  0.92954963  0.8616344  -0.28885448  0.41028666 -0.25154418
   1.178639   -0.49209374  1.000955    2.0631466   0.7917225   1.216709  ]], shape=(1, 18), dtype=float32)"
1760,[12 1 0 0 0 0 0 1 1 4 6 4 0 0 0 4 0 0 0 0 0 0 0 0 0],[ 1  0  1  0  0 11],0.2,[12 2 3 3 0 0 0 0 1 0 1 3 0 0 0 4 0 0 0 0 0 0 0 0 0],False,"tf.Tensor(
[[ 2.3333843   1.3692074   0.9714323   1.0232356   1.4330032   1.0282917
   0.9090992   0.734791    1.9570917  -0.22427621  0.05521307  0.31983328
   1.364466    1.1620555   0.9535143   1.55172     1.6139728   0.41488826]], shape=(1, 18), dtype=float32)"
1761,[12 2 3 3 0 0 0 0 1 0 1 3 0 0 0 4 0 0 0 0 0 0 0 0 0],[1 1 1 1 1 9],0.30000000000000004,[12 3 3 3 1 1 3 0 0 0 0 0 0 0 0 4 0 0 0 0 0 0 0 0 0],False,"tf.Tensor(
[[ 2.1097593   1.1080079   0.92638373  1.1463683   1.576717    0.54859704
   0.5041762   1.1897806   1.5104116  -0.13237035  0.3013186   0.29090524
   1.4220185   0.29240143  0.74084604  1.4446974   1.2919674   0.5944691 ]], shape=(1, 18), dtype=float32)"
1762,[12 3 3 3 1 1 3 0 0 0 0 0 0 0 0 4 0 0 0 0 0 0 0 0 0],"tf.Tensor([ 2.124188   1.2362616  0.9679303  1.2543118  1.4539367 10.       ], shape=(6,), dtype=float32)",0.0,[13 1 0 0 0 0 0 3 4 3 6 3 0 0 0 4 0 0 0 0 0 0 0 0 0],False,"tf.Tensor(
[[ 2.124188    1.2362616   0.9679303   1.2543118   1.4539367   0.68012214
   0.45546842  0.91423523  1.5321156  -0.04582862  0.20728604  0.21473968
   1.4584444   0.6775357   0.6710793   1.658343    1.1977667   0.7581414 ]], shape=(1, 18), dtype=float32)"
1763,[13 1 0 0 0 0 0 3 4 3 6 3 0 0 0 4 0 0 0 0 0 0 0 0 0],"tf.Tensor([2.6246793  1.6664805  0.90620923 1.504887   2.0144794  3.        ], shape=(6,), dtype=float32)",0.5,[13 2 6 2 2 1 6 0 0 0 0 0 0 0 0 4 0 0 0 0 0 0 0 0 0],False,"tf.Tensor(
[[ 2.6246793   1.6664805   0.90620923  1.504887    2.0144794   1.077436
   0.711572    0.9229089   2.003466   -0.23082465  0.16247672  0.22454448
   1.919647    1.1017703   0.9681561   1.6486906   1.8777343   0.7892777 ]], shape=(1, 18), dtype=float32)"
1764,[13 2 6 2 2 1 6 0 0 0 0 0 0 0 0 4 0 0 0 0 0 0 0 0 0],"tf.Tensor([ 2.3740666  1.5616541  0.9276202  1.8830955  1.6959963 10.       ], shape=(6,), dtype=float32)",0.0,[13 3 6 2 2 1 6 0 0 0 0 0 0 0 0 4 0 0 0 0 0 0 0 0 0],False,"tf.Tensor(
[[ 2.3740666   1.5616541   0.9276202   1.8830955   1.6959963   0.85206544
   0.6274578   0.7408165   1.55189    -0.10802476  0.15796503 -0.02283155
   1.8632072   0.8950016   1.0069647   2.1258333   1.4924744   1.1608838 ]], shape=(1, 18), dtype=float32)"
1765,[13 3 6 2 2 1 6 0 0 0 0 0 0 0 0 4 0 0 0 0 0 0 0 0 0],"tf.Tensor([ 2.4576037  1.6047525  1.0304847  1.8608974  1.7302219 10.       ], shape=(6,), dtype=float32)",0.0,[14 1 0 0 0 0 0 6 2 2 1 6 0 0 0 4 0 0 0 0 0 0 0 0 0],True,"tf.Tensor(
[[ 2.4576037   1.6047525   1.0304847   1.8608974   1.7302219   0.86632323
   0.6079385   0.7750101   1.6876704  -0.0770452   0.21175085 -0.05134371
   1.8892608   0.9083592   1.0251533   2.1133907   1.4986359   1.1132673 ]], shape=(1, 18), dtype=float32)"
1766,[1 1 0 0 0 0 0 4 4 6 1 6 0 0 0 0 0 0 0 0 0 0 0 0 0],"tf.Tensor([1.4176894 1.1865793 1.0418257 0.9325533 1.2106833 7.       ], shape=(6,), dtype=float32)",0.5,[1 2 4 4 6 1 6 0 0 0 0 0 0 0 0 0 0 0 0 0 0 0 0 0 0],False,"tf.Tensor(
[[ 1.4176894   1.1865793   1.0418257   0.9325533   1.2106833  -0.07220349
   0.22787291  0.75909567  0.9324641   0.11134081  0.9597674   0.14453536
   1.1652572   0.4908688   0.74257004  1.1631542   0.78444916  0.2125707 ]], shape=(1, 18), dtype=float32)"
1767,[1 2 4 4 6 1 6 0 0 0 0 0 0 0 0 0 0 0 0 0 0 0 0 0 0],[ 1  1  1  1  0 12],0.0,[1 3 4 4 6 1 6 0 0 0 0 0 0 0 0 0 0 0 0 0 0 0 0 0 0],False,"tf.Tensor(
[[ 1.7860769   1.4269559   1.2257416   1.3220906   1.6944643   0.41349256
   0.27185592  0.47382924  1.6800857   0.07880145  0.56804127 -0.5126701
   1.6666481   0.20917815  1.2863276   1.5541221   1.0125303   0.6265284 ]], shape=(1, 18), dtype=float32)"
1768,[1 3 4 4 6 1 6 0 0 0 0 0 0 0 0 0 0 0 0 0 0 0 0 0 0],"tf.Tensor([1.8256404 1.4813987 1.3162212 1.3388422 1.7592602 3.       ], shape=(6,), dtype=float32)",16.0,[2 1 0 0 0 0 0 4 4 6 1 6 0 0 0 8 0 0 0 0 0 0 0 0 0],False,"tf.Tensor(
[[ 1.8256404   1.4813987   1.3162212   1.3388422   1.7592602   0.41864842
   0.25607678  0.46715513  1.7668653   0.09286321  0.59904706 -0.56441116
   1.7485217   0.2352346   1.3027369   1.5419724   1.0335788   0.6085064 ]], shape=(1, 18), dtype=float32)"
1769,[2 1 0 0 0 0 0 4 4 6 1 6 0 0 0 8 0 0 0 0 0 0 0 0 0],"tf.Tensor([ 1.0754862   1.2811692   0.70087725  0.8636777   0.84999746 11.        ], shape=(6,), dtype=float32)",0.2,[2 2 6 5 0 0 0 0 0 6 3 1 0 0 0 8 0 0 0 0 0 0 0 0 0],False,"tf.Tensor(
[[ 1.0754862   1.2811692   0.70087725  0.8636777   0.84999746  0.14723207
  -0.3318466   1.0144804   0.6022547  -0.07684617  0.28070307 -0.51456654
   1.095479   -0.11119783  1.078529    0.7518721   1.1229265  -0.02361325]], shape=(1, 18), dtype=float32)"
1770,[2 2 6 5 0 0 0 0 0 6 3 1 0 0 0 8 0 0 0 0 0 0 0 0 0],"tf.Tensor([1.1409619  0.8227718  0.5548386  0.71055144 0.5692866  3.        ], shape=(6,), dtype=float32)",0.0,[2 3 6 5 0 0 0 0 0 1 4 1 0 0 0 8 0 0 0 0 0 0 0 0 0],False,"tf.Tensor(
[[ 1.1409619   0.8227718   0.5548386   0.71055144  0.5692866   0.2590466
   0.07966284  0.62585324  0.79363877 -0.07411634  0.33917025 -0.04162057
   0.69087183  0.1811561   0.40712577  0.6242732   0.63605857  0.30612072]], shape=(1, 18), dtype=float32)"
1771,[2 3 6 5 0 0 0 0 0 1 4 1 0 0 0 8 0 0 0 0 0 0 0 0 0],"tf.Tensor([ 0.9431812   0.747233    0.29136637  0.9263487   0.61461085 10.        ], shape=(6,), dtype=float32)",0.0,[3 1 0 0 0 0 0 6 5 5 4 4 0 0 0 8 0 0 0 0 0 0 0 0 0],False,"tf.Tensor(
[[ 0.9431812   0.747233    0.29136637  0.9263487   0.61461085  0.04407725
  -0.23695874  0.74467474  0.24632075 -0.08452141  0.35680434 -0.12412315
   0.7937709  -0.03501193  0.44527417  0.8078949   0.5531445   0.4301792 ]], shape=(1, 18), dtype=float32)"
1772,[3 1 0 0 0 0 0 6 5 5 4 4 0 0 0 8 0 0 0 0 0 0 0 0 0],"tf.Tensor([1.1897122  1.4862072  0.68427074 1.0731381  1.1726692  7.        ], shape=(6,), dtype=float32)",0.4,[3 2 5 3 1 4 0 0 0 3 0 0 0 0 0 8 0 0 0 0 0 0 0 0 0],False,"tf.Tensor(
[[ 1.1897122   1.4862072   0.68427074  1.0731381   1.1726692   0.343809
  -0.30400214  0.82492113  0.8591545  -0.19165012  0.27126554 -0.785203
   1.29883    -0.03669017  1.108934    1.1067356   1.0967363   0.15296343]], shape=(1, 18), dtype=float32)"
1773,[3 2 5 3 1 4 0 0 0 3 0 0 0 0 0 8 0 0 0 0 0 0 0 0 0],"tf.Tensor([0.92436284 0.91914654 0.11020724 0.809676   0.57891804 7.        ], shape=(6,), dtype=float32)",0.0,[3 3 5 3 1 4 0 0 0 3 0 0 0 0 0 8 0 0 0 0 0 0 0 0 0],False,"tf.Tensor(
[[ 0.92436284  0.91914654  0.11020724  0.809676    0.57891804  0.37170655
  -0.28576458  0.65110826  0.33420485 -0.33503887  0.11764024 -0.20021012
   0.7798891   0.04665746  0.43046924  0.63305306  0.7541197   0.37903848]], shape=(1, 18), dtype=float32)"
1774,[3 3 5 3 1 4 0 0 0 3 0 0 0 0 0 8 0 0 0 0 0 0 0 0 0],"tf.Tensor([0.92558753 0.92225796 0.19281495 0.80409217 0.5554909  7.        ], shape=(6,), dtype=float32)",0.0,[4 1 0 0 0 0 0 5 3 1 1 4 0 0 0 8 0 0 0 0 0 0 0 0 0],False,"tf.Tensor(
[[ 0.92558753  0.92225796  0.19281495  0.80409217  0.5554909   0.34091842
  -0.23385483  0.6697131   0.3886366  -0.2988835   0.1103019  -0.22198498
   0.806813   -0.00955172  0.5264056   0.6141726   0.7936829   0.34290877]], shape=(1, 18), dtype=float32)"
1775,[4 1 0 0 0 0 0 5 3 1 1 4 0 0 0 8 0 0 0 0 0 0 0 0 0],"tf.Tensor([1.0379306 1.35391   0.6462253 0.8929748 0.7563504 2.       ], shape=(6,), dtype=float32)",0.2,[4 2 6 2 0 0 0 0 0 4 3 4 0 0 0 8 0 0 0 0 0 0 0 0 0],False,"tf.Tensor(
[[ 1.0379306   1.35391     0.6462253   0.8929748   0.7563504  -0.04809225
  -0.6300731   0.9954207   0.62781966  0.04728727  0.06899729 -0.97201383
   0.9176705   0.00803084  0.8875138   0.48019463  0.8290109   0.05561773]], shape=(1, 18), dtype=float32)"
1776,[4 2 6 2 0 0 0 0 0 4 3 4 0 0 0 8 0 0 0 0 0 0 0 0 0],"tf.Tensor([1.0354296  0.8547007  0.39270425 0.726827   1.0733763  7.        ], shape=(6,), dtype=float32)",0.1,[4 3 6 2 4 0 0 0 0 2 5 0 0 0 0 8 0 0 0 0 0 0 0 0 0],False,"tf.Tensor(
[[ 1.0354296   0.8547007   0.39270425  0.726827    1.0733763   0.29431427
   0.20597127  0.47060746  0.75156254 -0.08055126  0.30514836  0.016799
   0.99734044  0.39057595  0.50621194  0.76146966  0.9085347   0.23267414]], shape=(1, 18), dtype=float32)"
1777,[4 3 6 2 4 0 0 0 0 2 5 0 0 0 0 8 0 0 0 0 0 0 0 0 0],"tf.Tensor([ 1.1831944   0.76272833  0.36007187  1.1595775   0.90772504 10.        ], shape=(6,), dtype=float32)",0.0,[5 1 0 0 0 0 0 6 2 1 4 2 0 0 0 8 0 0 0 0 0 0 0 0 0],False,"tf.Tensor(
[[ 1.1831944   0.76272833  0.36007187  1.1595775   0.90772504  0.22605689
  -0.1371446   0.35503495  0.5111513   0.03518596  0.2215672  -0.23672411
   1.0980785   0.0615416   0.6994087   1.2340039   0.5776074   0.79932886]], shape=(1, 18), dtype=float32)"
1778,[5 1 0 0 0 0 0 6 2 1 4 2 0 0 0 8 0 0 0 0 0 0 0 0 0],"tf.Tensor([1.2158406 1.2784773 0.5996197 1.0625603 1.0284653 7.       ], shape=(6,), dtype=float32)",0.4,[5 2 6 6 4 2 0 0 0 1 0 0 0 0 0 8 0 0 0 0 0 0 0 0 0],False,"tf.Tensor(
[[ 1.2158406   1.2784773   0.5996197   1.0625603   1.0284653  -0.15918572
  -0.4118116   0.8266171   0.7986351   0.32012013  0.0288631  -0.95733505
   1.0106589   0.15399514  0.9267295   0.60548985  0.7710243   0.29742905]], shape=(1, 18), dtype=float32)"
1779,[5 2 6 6 4 2 0 0 0 1 0 0 0 0 0 8 0 0 0 0 0 0 0 0 0],"tf.Tensor([ 1.6019632   0.9428041   0.65280116  1.3336781   0.8126395  10.        ], shape=(6,), dtype=float32)",0.0,[5 3 6 6 4 2 0 0 0 3 0 0 0 0 0 8 0 0 0 0 0 0 0 0 0],False,"tf.Tensor(
[[ 1.6019632   0.9428041   0.65280116  1.3336781   0.8126395   0.3257228
  -0.07419667  0.99387896  0.62327534 -0.26972586  0.3305336  -0.12875193
   1.1487265  -0.28861028  0.90992343  1.3303658   0.9498643   0.76152843]], shape=(1, 18), dtype=float32)"
1780,[5 3 6 6 4 2 0 0 0 3 0 0 0 0 0 8 0 0 0 0 0 0 0 0 0],"tf.Tensor([1.6543701  1.0851417  0.6851846  1.2065419  0.90704256 7.        ], shape=(6,), dtype=float32)",0.0,[6 1 0 0 0 0 0 6 6 4 4 2 0 0 0 8 0 0 0 0 0 0 0 0 0],False,"tf.Tensor(
[[ 1.6543701   1.0851417   0.6851846   1.2065419   0.90704256  0.39128405
  -0.04359133  1.0558358   0.8148934  -0.3287112   0.33740276 -0.0913127
   1.1819587  -0.13023645  0.82941365  1.1706082   1.0987948   0.57780534]], shape=(1, 18), dtype=float32)"
1781,[6 1 0 0 0 0 0 6 6 4 4 2 0 0 0 8 0 0 0 0 0 0 0 0 0],"tf.Tensor([1.436056   1.3979003  0.47810233 1.3864753  1.0233463  7.        ], shape=(6,), dtype=float32)",0.4,[6 2 5 6 1 3 0 0 0 1 0 0 0 0 0 8 0 0 0 0 0 0 0 0 0],False,"tf.Tensor(
[[ 1.436056    1.3979003   0.47810233  1.3864753   1.0233463   0.42876434
  -0.3828368   0.94864     0.64540917 -0.2610634   0.22926337 -0.5039103
   1.4294846  -0.05697434  1.0338172   1.151919    1.1154459   0.5983131 ]], shape=(1, 18), dtype=float32)"
1782,[6 2 5 6 1 3 0 0 0 1 0 0 0 0 0 8 0 0 0 0 0 0 0 0 0],[ 1  1  1  0  1 10],0.1,[6 3 5 6 1 3 1 0 0 0 0 0 0 0 0 8 0 0 0 0 0 0 0 0 0],False,"tf.Tensor(
[[ 1.1127986   1.0169339   0.33073175  0.94231546  0.7699238   0.2170337
  -0.23452961  1.0206709   0.39675534 -0.22056031  0.14643241 -0.1722304
   1.0089706  -0.06551063  0.65137357  0.80240464  0.9649119   0.31397715]], shape=(1, 18), dtype=float32)"
1783,[6 3 5 6 1 3 1 0 0 0 0 0 0 0 0 8 0 0 0 0 0 0 0 0 0],"tf.Tensor([1.2249347  1.0532365  0.39401308 1.0663394  0.77046037 7.        ], shape=(6,), dtype=float32)",0.0,[7 1 0 0 0 0 0 5 6 5 1 3 0 0 0 8 0 0 0 0 0 0 0 0 0],False,"tf.Tensor(
[[ 1.2249347   1.0532365   0.39401308  1.0663394   0.77046037  0.20360716
  -0.25482583  1.0068054   0.4600901  -0.14814478  0.20906298 -0.23581934
   1.0334911  -0.08887464  0.7384943   0.9123554   0.93250185  0.42143476]], shape=(1, 18), dtype=float32)"
1784,[7 1 0 0 0 0 0 5 6 5 1 3 0 0 0 8 0 0 0 0 0 0 0 0 0],[1 0 1 0 0 1],0.2,[7 2 6 2 0 0 0 0 6 0 6 4 0 0 0 8 0 0 0 0 0 0 0 0 0],False,"tf.Tensor(
[[ 1.4212712   1.2995163   0.48774514  1.2133352   0.9422674   0.33735025
  -0.2671985   1.0967537   0.5722724  -0.3528022   0.22284143 -0.23265594
   1.379958   -0.06376992  0.92413956  1.0101532   1.2219583   0.46305966]], shape=(1, 18), dtype=float32)"
1785,[7 2 6 2 0 0 0 0 6 0 6 4 0 0 0 8 0 0 0 0 0 0 0 0 0],"tf.Tensor([ 1.8327196  1.2383873  0.7770882  1.7891362  1.4184716 10.       ], shape=(6,), dtype=float32)",0.30000000000000004,[7 3 6 2 6 6 4 0 0 0 0 0 0 0 0 8 0 0 0 0 0 0 0 0 0],False,"tf.Tensor(
[[ 1.8327196   1.2383873   0.7770882   1.7891362   1.4184716  -0.10890968
   0.12851483  1.057874    0.95008194  0.15115993  0.75866807 -0.2893945
   1.5258613  -0.15390119  1.2171655   2.0149217   0.8512849   0.92055684]], shape=(1, 18), dtype=float32)"
1786,[7 3 6 2 6 6 4 0 0 0 0 0 0 0 0 8 0 0 0 0 0 0 0 0 0],"tf.Tensor([ 2.0374227   1.1021724   0.92523247  2.2266016   0.7539995  10.        ], shape=(6,), dtype=float32)",0.0,[8 1 0 0 0 0 0 6 1 2 6 3 0 0 0 8 0 0 0 0 0 0 0 0 0],False,"tf.Tensor(
[[ 2.0374227   1.1021724   0.92523247  2.2266016   0.7539995   0.21969919
  -0.25650072  0.8949651   0.76014656 -0.25230905  0.8265446  -0.30949953
   1.4038695  -0.6873483   1.424149    2.241552    0.69877815  1.4160798 ]], shape=(1, 18), dtype=float32)"
1787,[8 1 0 0 0 0 0 6 1 2 6 3 0 0 0 8 0 0 0 0 0 0 0 0 0],"tf.Tensor([1.5641011 1.2296417 0.7294551 1.273909  1.208706  7.       ], shape=(6,), dtype=float32)",0.4,[8 2 2 1 2 6 0 0 0 2 0 0 0 0 0 8 0 0 0 0 0 0 0 0 0],False,"tf.Tensor(
[[ 1.5641011   1.2296417   0.7294551   1.273909    1.208706    0.10382016
  -0.01001604  0.6979023   1.2408943   0.47336274  0.19408546 -0.66993254
   1.2582984   0.20609365  1.1391981   1.0703272   0.8817204   0.65627134]], shape=(1, 18), dtype=float32)"
1788,[8 2 2 1 2 6 0 0 0 2 0 0 0 0 0 8 0 0 0 0 0 0 0 0 0],"tf.Tensor([ 1.0149587   0.71816266  0.20016763  1.2396692   0.5869105  10.        ], shape=(6,), dtype=float32)",0.0,[8 3 2 1 2 6 0 0 0 4 0 0 0 0 0 8 0 0 0 0 0 0 0 0 0],False,"tf.Tensor(
[[ 1.0149587   0.71816266  0.20016763  1.2396692   0.5869105   0.278215
  -0.17934665  0.7422002   0.09143715 -0.39019805  0.16287807 -0.2567369
   1.0411861  -0.38058466  0.7623346   1.1584119   0.8183809   0.67121786]], shape=(1, 18), dtype=float32)"
1789,[8 3 2 1 2 6 0 0 0 4 0 0 0 0 0 8 0 0 0 0 0 0 0 0 0],"tf.Tensor([1.1691942  0.87109685 0.32986787 1.1394444  0.62120825 7.        ], shape=(6,), dtype=float32)",0.0,[9 1 0 0 0 0 0 2 1 3 2 6 0 0 0 8 0 0 0 0 0 0 0 0 0],False,"tf.Tensor(
[[ 1.1691942   0.87109685  0.32986787  1.1394444   0.62120825  0.3931628
  -0.0693042   0.7100422   0.40170646 -0.44404757  0.16328992 -0.19900239
   1.0553392  -0.25795293  0.7534443   1.0321823   0.91264397  0.63454324]], shape=(1, 18), dtype=float32)"
1790,[9 1 0 0 0 0 0 2 1 3 2 6 0 0 0 8 0 0 0 0 0 0 0 0 0],"tf.Tensor([1.4301894  1.0848666  0.6298052  1.0986376  0.90640885 3.        ], shape=(6,), dtype=float32)",0.4,[9 2 4 1 2 5 0 0 0 6 0 0 0 0 0 8 0 0 0 0 0 0 0 0 0],False,"tf.Tensor(
[[ 1.4301894   1.0848666   0.6298052   1.0986376   0.90640885  0.0728207
   0.02395637  0.8078733   1.0355489   0.25239366  0.4114912  -0.32238406
   0.9149112  -0.02899359  0.9122449   1.0136846   0.81451786  0.47206047]], shape=(1, 18), dtype=float32)"
1791,[9 2 4 1 2 5 0 0 0 6 0 0 0 0 0 8 0 0 0 0 0 0 0 0 0],"tf.Tensor([1.4852993 0.9703049 0.3493549 1.1278324 0.7909659 7.       ], shape=(6,), dtype=float32)",0.0,[9 3 4 1 2 5 0 0 0 3 0 0 0 0 0 8 0 0 0 0 0 0 0 0 0],False,"tf.Tensor(
[[ 1.4852993   0.9703049   0.3493549   1.1278324   0.7909659   0.7495901
   0.21536216  0.47388238  0.8858252  -0.5070089   0.10586615 -0.0723697
   1.1561447   0.10878819  0.71490186  1.0133148   1.1234788   0.7440507 ]], shape=(1, 18), dtype=float32)"
1792,[9 3 4 1 2 5 0 0 0 3 0 0 0 0 0 8 0 0 0 0 0 0 0 0 0],"tf.Tensor([1.1478083  0.7828332  0.37840047 1.2144063  0.8536901  7.        ], shape=(6,), dtype=float32)",0.0,[10 1 0 0 0 0 0 4 1 5 2 5 0 0 0 8 0 0 0 0 0 0 0 0 0],False,"tf.Tensor(
[[ 1.1478083   0.7828332   0.37840047  1.2144063   0.8536901   0.37007016
   0.13908699  0.62676406  0.4921646  -0.3474953   0.07559371 -0.25945497
   1.2490593  -0.2824154   0.8499962   1.1813691   0.97473717  0.68221974]], shape=(1, 18), dtype=float32)"
1793,[10 1 0 0 0 0 0 4 1 5 2 5 0 0 0 8 0 0 0 0 0 0 0 0 0],"tf.Tensor([1.770149   1.1686922  0.81041616 1.1092169  0.88094825 7.        ], shape=(6,), dtype=float32)",0.30000000000000004,[10 2 4 3 5 0 0 0 0 3 0 2 0 0 0 8 0 0 0 0 0 0 0 0 0],False,"tf.Tensor(
[[ 1.770149    1.1686922   0.81041616  1.1092169   0.88094825  0.46811318
   0.23809043  0.8411859   1.230298    0.03243657  0.25619286 -0.10562683
   1.2430948   0.23067136  1.0722085   0.9955868   1.154485    0.56477064]], shape=(1, 18), dtype=float32)"
1794,[10 2 4 3 5 0 0 0 0 3 0 2 0 0 0 8 0 0 0 0 0 0 0 0 0],"tf.Tensor([ 1.7383573   0.91953     0.6504933   1.4038978   0.94070905 10.        ], shape=(6,), dtype=float32)",0.1,[10 3 4 3 5 2 0 0 0 2 0 0 0 0 0 8 0 0 0 0 0 0 0 0 0],False,"tf.Tensor(
[[ 1.7383573   0.91953     0.6504933   1.4038978   0.94070905  0.41698706
  -0.04169159  0.9033397   0.84480447 -0.15703332  0.35975036 -0.05918149
   1.2076421  -0.22836047  1.0088085   1.3928465   0.9739385   0.87936795]], shape=(1, 18), dtype=float32)"
1795,[10 3 4 3 5 2 0 0 0 2 0 0 0 0 0 8 0 0 0 0 0 0 0 0 0],"tf.Tensor([ 1.633518    0.87674665  0.5334862   1.4644834   0.9347198  10.        ], shape=(6,), dtype=float32)",0.0,[11 1 0 0 0 0 0 4 3 3 5 2 0 0 0 8 0 0 0 0 0 0 0 0 0],False,"tf.Tensor(
[[ 1.633518    0.87674665  0.5334862   1.4644834   0.9347198   0.4571498
  -0.14380011  0.88179016  0.74166673 -0.21913585  0.34125924 -0.14883307
   1.2250183  -0.3326361   1.028678    1.4566146   0.96595126  0.8803012 ]], shape=(1, 18), dtype=float32)"
1796,[11 1 0 0 0 0 0 4 3 3 5 2 0 0 0 8 0 0 0 0 0 0 0 0 0],[1 0 0 1 1 1],0.30000000000000004,[11 2 1 3 4 0 0 0 2 1 0 0 0 0 0 8 0 0 0 0 0 0 0 0 0],False,"tf.Tensor(
[[ 1.8310766   1.1556745   0.4482561   1.5289743   1.2128797   0.48393482
  -0.04445706  0.7496466   0.9730489   0.0311966   0.24600144 -0.1378985
   1.4148213   0.1691674   0.9654944   1.4010417   1.0059164   1.0643158 ]], shape=(1, 18), dtype=float32)"
1797,[11 2 1 3 4 0 0 0 2 1 0 0 0 0 0 8 0 0 0 0 0 0 0 0 0],"tf.Tensor([ 1.6718538   1.0853958   0.35563356  1.3863701   1.0279566  10.        ], shape=(6,), dtype=float32)",0.1,[11 3 1 3 4 2 0 0 0 1 0 0 0 0 0 8 0 0 0 0 0 0 0 0 0],False,"tf.Tensor(
[[ 1.6718538   1.0853958   0.35563356  1.3863701   1.0279566   0.62087804
  -0.38033974  1.0830219   0.6959787  -0.21536621  0.11250882 -0.1113363
   1.3146065  -0.06923911  0.84351474  1.5315554   1.0665315   0.88342947]], shape=(1, 18), dtype=float32)"
1798,[11 3 1 3 4 2 0 0 0 1 0 0 0 0 0 8 0 0 0 0 0 0 0 0 0],[1 0 0 1 0 7],0.0,[12 1 0 0 0 0 0 1 2 4 3 4 0 0 0 8 0 0 0 0 0 0 0 0 0],False,"tf.Tensor(
[[ 1.653921    0.9114807   0.4381271   1.3770531   0.88597447  0.55314386
  -0.31072053  1.0589063   0.69567174 -0.2261836   0.2845277  -0.03555019
   1.146944   -0.23271263  0.8201968   1.5211543   0.938522    0.880667  ]], shape=(1, 18), dtype=float32)"
1799,[12 1 0 0 0 0 0 1 2 4 3 4 0 0 0 8 0 0 0 0 0 0 0 0 0],"tf.Tensor([1.8574858 1.1683381 0.5742949 1.2067744 1.1083062 3.       ], shape=(6,), dtype=float32)",0.4,[12 2 6 2 5 5 0 0 0 3 0 0 0 0 0 8 0 0 0 0 0 0 0 0 0],False,"tf.Tensor(
[[ 1.8574858   1.1683381   0.5742949   1.2067744   1.1083062   0.610091
   0.16198823  0.7648143   1.2773681  -0.04184359  0.27226698 -0.03007232
   1.2199804   0.36618754  0.8077798   1.0998578   1.1595918   0.6961065 ]], shape=(1, 18), dtype=float32)"
1800,[12 2 6 2 5 5 0 0 0 3 0 0 0 0 0 8 0 0 0 0 0 0 0 0 0],"tf.Tensor([ 1.8474627   0.8442279   0.73393947  1.7600336   1.1552888  10.        ], shape=(6,), dtype=float32)",0.0,[12 3 6 2 5 5 0 0 0 6 0 0 0 0 0 8 0 0 0 0 0 0 0 0 0],False,"tf.Tensor(
[[ 1.8474627   0.8442279   0.73393947  1.7600336   1.1552888   0.49547058
   0.26530272  0.77273077  0.8888269  -0.31971613  0.29164633 -0.18908602
   1.6138908  -0.47818995  1.26919     1.8408393   1.1622581   1.1596112 ]], shape=(1, 18), dtype=float32)"
1801,[12 3 6 2 5 5 0 0 0 6 0 0 0 0 0 8 0 0 0 0 0 0 0 0 0],"tf.Tensor([ 2.2448113   1.1093973   0.88100815  1.6694626   1.1621823  10.        ], shape=(6,), dtype=float32)",0.0,[13 1 0 0 0 0 0 6 2 5 5 5 0 0 0 8 0 0 0 0 0 0 0 0 0],False,"tf.Tensor(
[[ 2.2448113   1.1093973   0.88100815  1.6694626   1.1621823   0.8233875
   0.49326754  0.80007887  1.3578906  -0.47287515  0.30593365 -0.06252213
   1.6553797  -0.03964794  1.1796861   1.6928279   1.5026652   1.0277876 ]], shape=(1, 18), dtype=float32)"
1802,[13 1 0 0 0 0 0 6 2 5 5 5 0 0 0 8 0 0 0 0 0 0 0 0 0],"tf.Tensor([2.3899002 1.4131956 1.0060191 1.4769127 1.519291  7.       ], shape=(6,), dtype=float32)",0.5,[13 2 5 1 4 4 4 0 0 0 0 0 0 0 0 8 0 0 0 0 0 0 0 0 0],False,"tf.Tensor(
[[ 2.3899002   1.4131956   1.0060191   1.4769127   1.519291    0.8005323
   0.5645831   1.0190016   1.6089058  -0.1010816   0.2061723  -0.01241262
   1.9639027   0.56252575  1.2984263   1.5874053   1.5951893   0.8329    ]], shape=(1, 18), dtype=float32)"
1803,[13 2 5 1 4 4 4 0 0 0 0 0 0 0 0 8 0 0 0 0 0 0 0 0 0],"tf.Tensor([ 1.8999382  0.9816139  0.3778494  1.8670601  1.215763  10.       ], shape=(6,), dtype=float32)",0.0,[13 3 5 1 4 4 4 0 0 0 0 0 0 0 0 8 0 0 0 0 0 0 0 0 0],False,"tf.Tensor(
[[ 1.8999382   0.9816139   0.3778494   1.8670601   1.215763    0.6800878
  -0.2609325   0.8464746   0.7687352  -0.3301655   0.25769445 -0.19337553
   1.5748763  -0.08443503  0.95812804  1.9246589   0.9356519   1.4440379 ]], shape=(1, 18), dtype=float32)"
1804,[13 3 5 1 4 4 4 0 0 0 0 0 0 0 0 8 0 0 0 0 0 0 0 0 0],"tf.Tensor([ 1.9670954   1.0187064   0.48005933  1.8608123   1.239203   10.        ], shape=(6,), dtype=float32)",0.0,[14 1 0 0 0 0 0 5 1 4 4 4 0 0 0 8 0 0 0 0 0 0 0 0 0],True,"tf.Tensor(
[[ 1.9670954   1.0187064   0.48005933  1.8608123   1.239203    0.6636779
  -0.25888637  0.8831963   0.8681756  -0.27546313  0.30545184 -0.19086945
   1.5926113  -0.08410197  1.0044647   1.9083037   0.9473953   1.4085019 ]], shape=(1, 18), dtype=float32)"
1805,[1 1 0 0 0 0 0 6 3 4 2 2 0 0 0 0 0 0 0 0 0 0 0 0 0],"tf.Tensor([1.2704779 1.192724  0.8547269 0.6813303 1.2746927 7.       ], shape=(6,), dtype=float32)",0.30000000000000004,[1 2 6 3 2 0 0 0 0 5 6 0 0 0 0 0 0 0 0 0 0 0 0 0 0],False,"tf.Tensor(
[[ 1.2704779   1.192724    0.8547269   0.6813303   1.2746927   0.4422661
   0.2526228   0.41455042  1.1452599  -0.05490722  0.3272006  -0.14326604
   1.2653666   0.4467503   0.9165715   0.8494806   1.0337939   0.21180046]], shape=(1, 18), dtype=float32)"
1806,[1 2 6 3 2 0 0 0 0 5 6 0 0 0 0 0 0 0 0 0 0 0 0 0 0],"tf.Tensor([1.5015321  2.1175325  0.9603995  0.58065575 1.6981561  3.        ], shape=(6,), dtype=float32)",0.1,[1 3 6 3 2 5 0 0 0 0 3 0 0 0 0 0 0 0 0 0 0 0 0 0 0],False,"tf.Tensor(
[[ 1.5015321   2.1175325   0.9603995   0.58065575  1.6981561  -0.03707628
   0.31040946  0.17455487  1.4508389   0.14546897  0.37191582  0.31848782
   1.0381899   1.2972472   0.92411226  1.2327964   1.4307494  -0.12964997]], shape=(1, 18), dtype=float32)"
1807,[1 3 6 3 2 5 0 0 0 0 3 0 0 0 0 0 0 0 0 0 0 0 0 0 0],"tf.Tensor([ 1.0993365   0.89208925  0.84884566  0.90408885  1.540027   10.        ], shape=(6,), dtype=float32)",0.0,[2 1 0 0 0 0 0 6 3 4 2 2 0 0 0 0 0 0 0 0 0 0 0 0 0],False,"tf.Tensor(
[[ 1.0993365   0.89208925  0.84884566  0.90408885  1.540027    0.23399211
   0.747618    0.1717427   1.1603328  -0.16250128  0.52084464 -0.03367885
   1.361936    0.1658655   0.93914527  1.4761424   0.7797353   0.44748956]], shape=(1, 18), dtype=float32)"
1808,[2 1 0 0 0 0 0 6 3 4 2 2 0 0 0 0 0 0 0 0 0 0 0 0 0],[0 1 0 1 1 5],0.30000000000000004,[2 2 4 6 5 0 0 6 0 3 0 0 0 0 0 0 0 0 0 0 0 0 0 0 0],False,"tf.Tensor(
[[ 1.4298669   1.2652817   0.81705266  0.7164947   1.362798    0.5729289
   0.314639    0.46345052  1.2400198  -0.09831345  0.31654522 -0.1362094
   1.3525678   0.62782437  0.8611455   0.921985    1.1144334   0.24733801]], shape=(1, 18), dtype=float32)"
1809,[2 2 4 6 5 0 0 6 0 3 0 0 0 0 0 0 0 0 0 0 0 0 0 0 0],"tf.Tensor([1.6158652 1.4727721 1.1695371 1.3812368 1.8461974 7.       ], shape=(6,), dtype=float32)",0.2,[2 3 4 6 5 6 3 0 0 0 0 0 0 0 0 0 0 0 0 0 0 0 0 0 0],False,"tf.Tensor(
[[ 1.6158652   1.4727721   1.1695371   1.3812368   1.8461974   0.32804078
   0.37379366  0.36724228  1.5370187   0.15707435  0.43668664 -0.28113025
   1.7456702   0.26274663  1.5073075   1.6467394   1.242397    0.5531662 ]], shape=(1, 18), dtype=float32)"
1810,[2 3 4 6 5 6 3 0 0 0 0 0 0 0 0 0 0 0 0 0 0 0 0 0 0],"tf.Tensor([ 2.1210418  1.2538588  1.6338795  1.4296813  1.720122  10.       ], shape=(6,), dtype=float32)",0.0,[3 1 0 0 0 0 0 3 4 5 6 5 0 0 0 0 0 0 0 0 0 0 0 0 0],False,"tf.Tensor(
[[ 2.1210418   1.2538588   1.6338795   1.4296813   1.720122    0.22395849
   0.7266682   0.9423803   1.941415   -0.0987338   0.7577386  -0.20392449
   1.6170307  -0.27854648  1.3990788   2.0893376   1.0069737   0.65832907]], shape=(1, 18), dtype=float32)"
1811,[3 1 0 0 0 0 0 3 4 5 6 5 0 0 0 0 0 0 0 0 0 0 0 0 0],"tf.Tensor([1.7088722  1.3554488  1.193282   0.92099136 1.6177975  3.        ], shape=(6,), dtype=float32)",0.5,[3 2 2 2 4 1 6 0 0 0 0 0 0 0 0 0 0 0 0 0 0 0 0 0 0],False,"tf.Tensor(
[[ 1.7088722   1.3554488   1.193282    0.92099136  1.6177975   0.49914783
   1.0296092   0.33451167  1.6229788  -0.185146    0.76377213  0.17136256
   1.6027541   1.1481744   0.824211    1.3650563   1.5084679  -0.01534205]], shape=(1, 18), dtype=float32)"
1812,[3 2 2 2 4 1 6 0 0 0 0 0 0 0 0 0 0 0 0 0 0 0 0 0 0],"tf.Tensor([1.458429  1.2263762 1.0689577 1.1383915 1.2086207 7.       ], shape=(6,), dtype=float32)",0.0,[3 3 2 2 4 1 6 0 0 0 0 0 0 0 0 0 0 0 0 0 0 0 0 0 0],False,"tf.Tensor(
[[ 1.458429    1.2263762   1.0689577   1.1383915   1.2086207   0.29261273
  -0.00912782  0.44173622  1.2707565   0.12962955  0.5420576  -0.5249901
   1.369924    0.23178242  0.95933485  1.1022933   0.7367294   0.5068103 ]], shape=(1, 18), dtype=float32)"
1813,[3 3 2 2 4 1 6 0 0 0 0 0 0 0 0 0 0 0 0 0 0 0 0 0 0],[0 0 0 0 1 8],0.0,[4 1 0 0 0 0 0 2 2 4 1 6 0 0 0 0 0 0 0 0 0 0 0 0 0],False,"tf.Tensor(
[[ 1.5122559   1.2111031   1.186518    1.1813165   1.2268504   0.26803112
   0.01785069  0.4786632   1.3233508   0.133174    0.59479564 -0.5573881
   1.412979    0.17641501  1.0000019   1.1742357   0.7329095   0.50280106]], shape=(1, 18), dtype=float32)"
1814,[4 1 0 0 0 0 0 2 2 4 1 6 0 0 0 0 0 0 0 0 0 0 0 0 0],"tf.Tensor([1.2905276 1.0651315 0.8013019 0.6669214 1.1912137 7.       ], shape=(6,), dtype=float32)",0.30000000000000004,[4 2 3 5 3 0 0 0 0 6 6 0 0 0 0 0 0 0 0 0 0 0 0 0 0],False,"tf.Tensor(
[[ 1.2905276   1.0651315   0.8013019   0.6669214   1.1912137   0.2585984
   0.58933383  0.546262    1.0840409  -0.03173179  0.61549866  0.22178702
   1.1277765   0.774639    0.5731408   0.9591055   0.95365053  0.07691389]], shape=(1, 18), dtype=float32)"
1815,[4 2 3 5 3 0 0 0 0 6 6 0 0 0 0 0 0 0 0 0 0 0 0 0 0],"tf.Tensor([ 2.110039   1.8932796  1.3430977  0.9740212  1.6272155 10.       ], shape=(6,), dtype=float32)",0.2,[4 3 3 5 3 6 6 0 0 0 0 0 0 0 0 0 0 0 0 0 0 0 0 0 0],False,"tf.Tensor(
[[2.110039   1.8932796  1.3430977  0.9740212  1.6272155  0.26798964
  0.77140313 0.38661662 1.6705002  0.09134245 0.49714074 0.10350801
  1.4905304  1.5640483  0.9572832  1.8212389  1.5566833  0.01779616]], shape=(1, 18), dtype=float32)"
1816,[4 3 3 5 3 6 6 0 0 0 0 0 0 0 0 0 0 0 0 0 0 0 0 0 0],"tf.Tensor([2.0263138 1.4746693 1.5953885 1.3867441 1.6295345 3.       ], shape=(6,), dtype=float32)",0.0,[5 1 0 0 0 0 0 3 5 4 1 3 0 0 0 0 0 0 0 0 0 0 0 0 0],False,"tf.Tensor(
[[ 2.0263138   1.4746693   1.5953885   1.3867441   1.6295345   0.1688396
   0.2797829   0.8858731   1.8125983   0.10750838  0.8268556  -0.4079386
   1.672826    0.05224347  1.2310054   1.6726887   0.8813316   0.5865999 ]], shape=(1, 18), dtype=float32)"
1817,[5 1 0 0 0 0 0 3 5 4 1 3 0 0 0 0 0 0 0 0 0 0 0 0 0],"tf.Tensor([1.6880356  1.1191634  0.99000365 1.0411078  1.4537066  7.        ], shape=(6,), dtype=float32)",0.5,[5 2 4 2 3 1 1 0 0 0 0 0 0 0 0 0 0 0 0 0 0 0 0 0 0],False,"tf.Tensor(
[[ 1.6880356   1.1191634   0.99000365  1.0411078   1.4537066   0.47655153
   0.5572573   0.5601151   1.2425853  -0.15958148  0.65971136  0.14928931
   1.4987788   0.74304795  0.648737    1.1862497   1.2929035   0.29002604]], shape=(1, 18), dtype=float32)"
1818,[5 2 4 2 3 1 1 0 0 0 0 0 0 0 0 0 0 0 0 0 0 0 0 0 0],"tf.Tensor([ 1.4570434  0.7811163  1.0020843  1.0648464  1.2536429 10.       ], shape=(6,), dtype=float32)",0.0,[5 3 4 2 3 1 1 0 0 0 0 0 0 0 0 0 0 0 0 0 0 0 0 0 0],False,"tf.Tensor(
[[ 1.4570434   0.7811163   1.0020843   1.0648464   1.2536429   0.29453108
   0.6025433   0.6156551   1.187008   -0.1788412   0.4180863  -0.07552885
   1.2225103  -0.09934473  0.78473526  1.5342977   0.714586    0.6069156 ]], shape=(1, 18), dtype=float32)"
1819,[5 3 4 2 3 1 1 0 0 0 0 0 0 0 0 0 0 0 0 0 0 0 0 0 0],"tf.Tensor([ 1.5348936   0.81218386  1.0916528   1.0847832   1.311118   10.        ], shape=(6,), dtype=float32)",0.0,[6 1 0 0 0 0 0 4 2 3 1 1 0 0 0 0 0 0 0 0 0 0 0 0 0],False,"tf.Tensor(
[[ 1.5348936   0.81218386  1.0916528   1.0847832   1.311118    0.31513113
   0.6603783   0.645013    1.3049184  -0.17741689  0.44393963 -0.09877039
   1.2695353  -0.07794432  0.80401045  1.5899274   0.74677163  0.5852633 ]], shape=(1, 18), dtype=float32)"
1820,[6 1 0 0 0 0 0 4 2 3 1 1 0 0 0 0 0 0 0 0 0 0 0 0 0],[ 1  1  0  0  0 10],0.2,[6 2 1 6 0 0 0 0 0 2 2 2 0 0 0 0 0 0 0 0 0 0 0 0 0],False,"tf.Tensor(
[[ 1.5546286   0.89407766  0.557205    1.082727    1.1829349   0.7308477
   0.771684    0.4995336   1.0955673  -0.2945687   0.36285084  0.0463624
   1.3210938   0.903803    0.5870075   1.0241103   1.2681357   0.3725607 ]], shape=(1, 18), dtype=float32)"
1821,[6 2 1 6 0 0 0 0 0 2 2 2 0 0 0 0 0 0 0 0 0 0 0 0 0],"tf.Tensor([1.8465708 1.2236192 1.3385066 0.7694684 1.1222796 3.       ], shape=(6,), dtype=float32)",0.2,[6 3 1 6 2 2 0 0 0 0 2 0 0 0 0 0 0 0 0 0 0 0 0 0 0],False,"tf.Tensor(
[[ 1.8465708   1.2236192   1.3385066   0.7694684   1.1222796   0.33222425
   0.91772574  0.76788145  1.7330211   0.08238437  0.6438699   0.05199565
   1.1379502   0.93827283  0.53620946  1.3032613   1.1450349  -0.0927421 ]], shape=(1, 18), dtype=float32)"
1822,[6 3 1 6 2 2 0 0 0 0 2 0 0 0 0 0 0 0 0 0 0 0 0 0 0],"tf.Tensor([1.6857319  0.68073153 1.3735784  0.92757183 1.1332369  3.        ], shape=(6,), dtype=float32)",0.0,[7 1 0 0 0 0 0 1 6 4 1 6 0 0 0 0 0 0 0 0 0 0 0 0 0],False,"tf.Tensor(
[[ 1.6857319   0.68073153  1.3735784   0.92757183  1.1332369   0.3958474
   0.70963186  0.7737309   1.7599399  -0.01850964  0.5654458  -0.04465319
   0.96031713 -0.13967496  0.76534337  1.5601027   0.53508055  0.43399435]], shape=(1, 18), dtype=float32)"
1823,[7 1 0 0 0 0 0 1 6 4 1 6 0 0 0 0 0 0 0 0 0 0 0 0 0],"tf.Tensor([2.0316083 1.2510642 1.390316  1.070712  1.7097851 3.       ], shape=(6,), dtype=float32)",0.5,[7 2 1 1 5 1 4 0 0 0 0 0 0 0 0 0 0 0 0 0 0 0 0 0 0],False,"tf.Tensor(
[[ 2.0316083   1.2510642   1.390316    1.070712    1.7097851   0.5743336
   0.86465436  0.66332215  1.7018032  -0.14398013  0.8518603   0.15660013
   1.6756927   0.95471597  0.77281     1.3540578   1.6283569   0.05156821]], shape=(1, 18), dtype=float32)"
1824,[7 2 1 1 5 1 4 0 0 0 0 0 0 0 0 0 0 0 0 0 0 0 0 0 0],"tf.Tensor([ 1.803912   0.9546285  1.2248466  1.3323939  0.7842149 10.       ], shape=(6,), dtype=float32)",0.0,[7 3 1 1 5 1 4 0 0 0 0 0 0 0 0 0 0 0 0 0 0 0 0 0 0],False,"tf.Tensor(
[[ 1.803912    0.9546285   1.2248466   1.3323939   0.7842149   0.40845418
   0.4280725   0.7741816   1.4152234  -0.10199885  0.73624647 -0.10273147
   1.1080192   0.06258988  0.8642016   1.6808451   0.60315114  0.7003823 ]], shape=(1, 18), dtype=float32)"
1825,[7 3 1 1 5 1 4 0 0 0 0 0 0 0 0 0 0 0 0 0 0 0 0 0 0],"tf.Tensor([ 1.8523817  1.0071661  1.2989912  1.3206687  0.8311316 10.       ], shape=(6,), dtype=float32)",0.0,[8 1 0 0 0 0 0 1 1 5 1 4 0 0 0 0 0 0 0 0 0 0 0 0 0],False,"tf.Tensor(
[[ 1.8523817   1.0071661   1.2989912   1.3206687   0.8311316   0.39548716
   0.4274322   0.81187475  1.5210545  -0.06525095  0.78746533 -0.13159443
   1.1451056   0.07374926  0.8674281   1.695629    0.5702704   0.6778216 ]], shape=(1, 18), dtype=float32)"
1826,[8 1 0 0 0 0 0 1 1 5 1 4 0 0 0 0 0 0 0 0 0 0 0 0 0],"tf.Tensor([ 1.8830338  1.0062864  1.0430471  1.0101489  1.3168768 11.       ], shape=(6,), dtype=float32)",0.5,[8 2 5 1 6 1 6 0 0 0 0 0 0 0 0 0 0 0 0 0 0 0 0 0 0],False,"tf.Tensor(
[[ 1.8830338   1.0062864   1.0430471   1.0101489   1.3168768   0.79882026
   1.0432299   0.5603562   1.5943276  -0.28956658  0.41245082  0.16508813
   1.4116163   0.94558364  0.6312321   1.204333    1.6217487   0.13002089]], shape=(1, 18), dtype=float32)"
1827,[8 2 5 1 6 1 6 0 0 0 0 0 0 0 0 0 0 0 0 0 0 0 0 0 0],"tf.Tensor([ 2.1506495  1.4761194  1.4076272  1.8246268  1.5942825 10.       ], shape=(6,), dtype=float32)",0.0,[8 3 5 1 6 1 6 0 0 0 0 0 0 0 0 0 0 0 0 0 0 0 0 0 0],False,"tf.Tensor(
[[ 2.1506495   1.4761194   1.4076272   1.8246268   1.5942825   0.34325784
   0.4445504   0.7838612   1.5387567  -0.12228124  0.81914765 -0.4227323
   1.9564177   0.14161389  1.3099808   2.1717384   0.9926579   0.9327784 ]], shape=(1, 18), dtype=float32)"
1828,[8 3 5 1 6 1 6 0 0 0 0 0 0 0 0 0 0 0 0 0 0 0 0 0 0],"tf.Tensor([ 2.1613934  1.4829912  1.5110749  1.8383422  1.6670961 10.       ], shape=(6,), dtype=float32)",0.0,[9 1 0 0 0 0 0 5 1 6 1 6 0 0 0 0 0 0 0 0 0 0 0 0 0],False,"tf.Tensor(
[[ 2.1613934   1.4829912   1.5110749   1.8383422   1.6670961   0.32928807
   0.4786312   0.77191293  1.6176685  -0.11739737  0.84256166 -0.4825952
   2.0089333   0.09524378  1.3384376   2.2341678   0.9682071   0.9275339 ]], shape=(1, 18), dtype=float32)"
1829,[9 1 0 0 0 0 0 5 1 6 1 6 0 0 0 0 0 0 0 0 0 0 0 0 0],"tf.Tensor([ 2.3185682  1.372808   1.0512962  1.1472815  1.7125927 11.       ], shape=(6,), dtype=float32)",0.5,[9 2 2 6 6 6 6 0 0 0 0 0 0 0 0 0 0 0 0 0 0 0 0 0 0],False,"tf.Tensor(
[[ 2.3185682   1.372808    1.0512962   1.1472815   1.7125927   1.1140789
   1.122727    0.7776571   1.786135   -0.46087807  0.38976702  0.15216024
   1.9329444   1.2195035   0.89195794  1.4697447   1.9350544   0.29087448]], shape=(1, 18), dtype=float32)"
1830,[9 2 2 6 6 6 6 0 0 0 0 0 0 0 0 0 0 0 0 0 0 0 0 0 0],"tf.Tensor([ 2.9174292  1.8306924  1.9773811  1.9670756  1.69761   10.       ], shape=(6,), dtype=float32)",0.0,[9 3 2 6 6 6 6 0 0 0 0 0 0 0 0 0 0 0 0 0 0 0 0 0 0],False,"tf.Tensor(
[[ 2.9174292   1.8306924   1.9773811   1.9670756   1.69761     0.29329002
   0.36583626  1.4535084   2.2546997  -0.04622386  1.1534455  -0.3058204
   1.9443829  -0.04933909  1.4993021   2.391097    1.0878276   0.9269024 ]], shape=(1, 18), dtype=float32)"
1831,[9 3 2 6 6 6 6 0 0 0 0 0 0 0 0 0 0 0 0 0 0 0 0 0 0],"tf.Tensor([ 2.9376087  1.8321455  2.0819387  1.9636588  1.749475  10.       ], shape=(6,), dtype=float32)",0.0,[10 1 0 0 0 0 0 2 6 6 6 6 0 0 0 0 0 0 0 0 0 0 0 0 0],False,"tf.Tensor(
[[ 2.9376087   1.8321455   2.0819387   1.9636588   1.749475    0.29885158
   0.3879297   1.4387666   2.356441   -0.03048963  1.1807712  -0.35589683
   1.9832985  -0.06393838  1.5162603   2.412569    1.0712056   0.90088075]], shape=(1, 18), dtype=float32)"
1832,[10 1 0 0 0 0 0 2 6 6 6 6 0 0 0 0 0 0 0 0 0 0 0 0 0],"tf.Tensor([ 2.8211422  1.9407328  1.7212425  1.5585159  2.243189  11.       ], shape=(6,), dtype=float32)",0.5,[10 2 3 1 5 6 2 0 0 0 0 0 0 0 0 0 0 0 0 0 0 0 0 0 0],False,"tf.Tensor(
[[ 2.8211422   1.9407328   1.7212425   1.5585159   2.243189    0.93600154
   1.7386454   0.7122506   2.4876964  -0.3290974   0.70554066  0.29724485
   2.104759    1.8781447   1.2730393   1.9774917   2.734757   -0.08786744]], shape=(1, 18), dtype=float32)"
1833,[10 2 3 1 5 6 2 0 0 0 0 0 0 0 0 0 0 0 0 0 0 0 0 0 0],[ 1  1  0  1  0 11],0.0,[10 3 3 1 5 6 2 0 0 0 0 0 0 0 0 0 0 0 0 0 0 0 0 0 0],False,"tf.Tensor(
[[ 2.2126284   1.0905408   1.2840881   1.6143994   1.5376726   0.30133998
   0.6986857   1.1285601   1.4193957  -0.44755512  0.82968277  0.29785025
   1.6505046  -0.19532229  0.9367339   2.2670605   0.89468133  1.026511  ]], shape=(1, 18), dtype=float32)"
1834,[10 3 3 1 5 6 2 0 0 0 0 0 0 0 0 0 0 0 0 0 0 0 0 0 0],"tf.Tensor([ 2.2665365  1.0948421  1.3871288  1.6222392  1.5844196 10.       ], shape=(6,), dtype=float32)",0.0,[11 1 0 0 0 0 0 3 1 5 6 2 0 0 0 0 0 0 0 0 0 0 0 0 0],False,"tf.Tensor(
[[ 2.2665365   1.0948421   1.3871288   1.6222392   1.5844196   0.3218402
   0.70739925  1.13199     1.5406297  -0.4324488   0.85796785  0.25183934
   1.6723871  -0.22679037  0.9754801   2.3012295   0.8876371   1.0108584 ]], shape=(1, 18), dtype=float32)"
1835,[11 1 0 0 0 0 0 3 1 5 6 2 0 0 0 0 0 0 0 0 0 0 0 0 0],[1 0 0 1 1 1],0.30000000000000004,[11 2 2 1 4 0 0 0 3 2 0 0 0 0 0 0 0 0 0 0 0 0 0 0 0],False,"tf.Tensor(
[[ 2.5462034   1.7046891   1.1659733   1.3978034   1.7772554   1.0791581
   1.350408    0.5781654   2.0053372  -0.38340804  0.10617102  0.24742928
   1.9179302   1.7406226   1.0044302   1.7543528   2.3045857   0.28688604]], shape=(1, 18), dtype=float32)"
1836,[11 2 2 1 4 0 0 0 3 2 0 0 0 0 0 0 0 0 0 0 0 0 0 0 0],"tf.Tensor([ 2.4623487  1.1977347  1.5157516  1.5261194  1.9440197 10.       ], shape=(6,), dtype=float32)",0.2,[11 3 2 1 4 3 2 0 0 0 0 0 0 0 0 0 0 0 0 0 0 0 0 0 0],False,"tf.Tensor(
[[ 2.4623487   1.1977347   1.5157516   1.5261194   1.9440197   0.84202385
   1.0303202   0.85454744  2.0044427  -0.44027597  0.6469682   0.09934479
   1.9853977   0.42003623  0.83267325  2.109565    1.4735464   0.7319162 ]], shape=(1, 18), dtype=float32)"
1837,[11 3 2 1 4 3 2 0 0 0 0 0 0 0 0 0 0 0 0 0 0 0 0 0 0],"tf.Tensor([ 2.4100287  1.0957735  1.354789   1.4710072  1.5718371 10.       ], shape=(6,), dtype=float32)",0.0,[12 1 0 0 0 0 0 2 1 2 1 4 0 0 0 0 0 0 0 0 0 0 0 0 0],False,"tf.Tensor(
[[ 2.4100287   1.0957735   1.354789    1.4710072   1.5718371   0.69944066
   0.87615025  1.0605284   1.9404055  -0.3232308   0.6803011   0.30441302
   1.6045159   0.13582805  0.820644    2.176546    1.0444747   0.9436695 ]], shape=(1, 18), dtype=float32)"
1838,[12 1 0 0 0 0 0 2 1 2 1 4 0 0 0 0 0 0 0 0 0 0 0 0 0],"tf.Tensor([2.4255292 1.3895293 1.0557213 1.3202825 1.9001348 3.       ], shape=(6,), dtype=float32)",0.5,[12 2 2 2 1 4 2 0 0 0 0 0 0 0 0 0 0 0 0 0 0 0 0 0 0],False,"tf.Tensor(
[[ 2.4255292  1.3895293  1.0557213  1.3202825  1.9001348  0.9205749
   1.1190871  0.9433771  1.9731061 -0.256433   0.4014048  0.2924565
   1.7799623  1.0666864  0.6934075  1.6516981  1.7505879  0.5225088]], shape=(1, 18), dtype=float32)"
1839,[12 2 2 2 1 4 2 0 0 0 0 0 0 0 0 0 0 0 0 0 0 0 0 0 0],[0 1 0 1 1 1],0.0,[12 3 2 2 1 4 2 0 0 0 0 0 0 0 0 0 0 0 0 0 0 0 0 0 0],False,"tf.Tensor(
[[ 2.354541    1.0815667   1.2065395   1.3495499   1.88702     0.936104
   1.1113371   0.8844221   2.0288253  -0.39100587  0.4017869   0.36754006
   1.7819021   0.4134862   0.61477494  2.0913575   1.2749065   0.9260592 ]], shape=(1, 18), dtype=float32)"
1840,[12 3 2 2 1 4 2 0 0 0 0 0 0 0 0 0 0 0 0 0 0 0 0 0 0],"tf.Tensor([2.4218616 1.1222667 1.3018689 1.3448001 1.9371837 3.       ], shape=(6,), dtype=float32)",8.0,[13 1 0 0 0 0 0 2 2 1 4 2 0 0 0 4 0 0 0 0 0 0 0 0 0],False,"tf.Tensor(
[[ 2.4218616   1.1222667   1.3018689   1.3448001   1.9371837   0.9411683
   1.1072212   0.91624403  2.1536124  -0.35340947  0.43343553  0.33306384
   1.7971987   0.42105165  0.6484111   2.093019    1.2886829   0.88734275]], shape=(1, 18), dtype=float32)"
1841,[13 1 0 0 0 0 0 2 2 1 4 2 0 0 0 4 0 0 0 0 0 0 0 0 0],"tf.Tensor([2.2407248  1.2129734  0.69476664 1.3306895  1.7003443  3.        ], shape=(6,), dtype=float32)",0.4,[13 2 2 4 2 1 0 0 0 2 0 0 0 0 0 4 0 0 0 0 0 0 0 0 0],False,"tf.Tensor(
[[ 2.2407248   1.2129734   0.69476664  1.3306895   1.7003443   0.9320538
   0.4446897   0.79357886  1.7018187  -0.11584938  0.07948233  0.3697194
   1.4168797   0.6698892   0.75437176  1.5720091   1.3201655   0.97580296]], shape=(1, 18), dtype=float32)"
1842,[13 2 2 4 2 1 0 0 0 2 0 0 0 0 0 4 0 0 0 0 0 0 0 0 0],[1 1 0 1 1 3],0.0,[13 3 2 4 2 1 0 0 0 6 0 0 0 0 0 4 0 0 0 0 0 0 0 0 0],False,"tf.Tensor(
[[ 2.1437063   1.0302345   1.1310678   1.0231757   1.4591929   0.7030929
   0.7148209   0.9335672   1.6329925  -0.23979141  0.22349912  0.38151813
   1.510759    0.50425476  0.66094774  1.7449512   1.254294    0.5630053 ]], shape=(1, 18), dtype=float32)"
1843,[13 3 2 4 2 1 0 0 0 6 0 0 0 0 0 4 0 0 0 0 0 0 0 0 0],"tf.Tensor([2.3962808 1.0593224 1.5466684 1.094603  1.4255257 3.       ], shape=(6,), dtype=float32)",0.0,[14 1 0 0 0 0 0 2 4 1 2 1 0 0 0 4 0 0 0 0 0 0 0 0 0],True,"tf.Tensor(
[[ 2.3962808   1.0593224   1.5466684   1.094603    1.4255257   0.83299285
   1.2519354   0.78503317  2.0701816  -0.34924582  0.3872785   0.16805294
   1.7158382   0.76138145  0.74944645  1.6463908   1.6623752   0.24666612]], shape=(1, 18), dtype=float32)"
1844,[1 1 0 0 0 0 0 3 2 2 2 1 0 0 0 0 0 0 0 0 0 0 0 0 0],"tf.Tensor([0.8403367  0.7548541  0.50945115 0.43721905 0.8452072  7.        ], shape=(6,), dtype=float32)",0.0,[1 2 0 0 0 0 0 6 2 3 4 4 0 0 0 0 0 0 0 0 0 0 0 0 0],False,"tf.Tensor(
[[ 0.8403367   0.7548541   0.50945115  0.43721905  0.8452072   0.3635888
   0.23005243  0.24007212  0.7894968  -0.02184107  0.23173374 -0.07453148
   0.79159945  0.43620393  0.4668376   0.5141419   0.6815448   0.12776576]], shape=(1, 18), dtype=float32)"
1845,[1 2 0 0 0 0 0 6 2 3 4 4 0 0 0 0 0 0 0 0 0 0 0 0 0],"tf.Tensor([1.3513292  1.3777217  0.88370454 0.39064083 1.5253657  3.        ], shape=(6,), dtype=float32)",0.30000000000000004,[1 3 6 2 4 0 0 0 0 5 1 0 0 0 0 0 0 0 0 0 0 0 0 0 0],False,"tf.Tensor(
[[ 1.3513292   1.3777217   0.88370454  0.39064083  1.5253657   0.7776632
   0.67672455  0.26038656  1.5665019  -0.3334714   0.2823684  -0.10099004
   1.4287176   0.7963465   0.9028029   0.7830452   1.3483981  -0.03617028]], shape=(1, 18), dtype=float32)"
1846,[1 3 6 2 4 0 0 0 0 5 1 0 0 0 0 0 0 0 0 0 0 0 0 0 0],"tf.Tensor([ 1.5999312  1.4454187  1.0384803  0.9093173  1.499811  10.       ], shape=(6,), dtype=float32)",0.0,[2 1 0 0 0 0 0 3 2 2 2 1 0 0 0 0 0 0 0 0 0 0 0 0 0],False,"tf.Tensor(
[[ 1.5999312   1.4454187   1.0384803   0.9093173   1.499811    0.3616563
   0.5472767   0.23841847  1.5332147  -0.03463219  0.47823477 -0.14039165
   1.432704    0.62802815  1.0755193   1.5441312   1.0253944   0.36356217]], shape=(1, 18), dtype=float32)"
1847,[2 1 0 0 0 0 0 3 2 2 2 1 0 0 0 0 0 0 0 0 0 0 0 0 0],"tf.Tensor([0.93471456 0.82868755 0.49223545 0.49080026 0.8886005  7.        ], shape=(6,), dtype=float32)",0.1,[2 2 4 0 0 0 0 0 4 5 3 4 0 0 0 0 0 0 0 0 0 0 0 0 0],False,"tf.Tensor(
[[ 0.93471456  0.82868755  0.49223545  0.49080026  0.8886005   0.4351552
   0.32212362  0.27208823  0.84981245 -0.05887624  0.18074533 -0.03543992
   0.85468966  0.5754919   0.45655063  0.5610646   0.78986746  0.14343649]], shape=(1, 18), dtype=float32)"
1848,[2 2 4 0 0 0 0 0 4 5 3 4 0 0 0 0 0 0 0 0 0 0 0 0 0],"tf.Tensor([ 1.6675998  1.2972965  1.3898883  0.9113657  1.4773899 10.       ], shape=(6,), dtype=float32)",0.4,[2 3 4 4 5 3 4 0 0 0 0 0 0 0 0 0 0 0 0 0 0 0 0 0 0],False,"tf.Tensor(
[[ 1.6675998   1.2972965   1.3898883   0.9113657   1.4773899   0.07682316
   0.8818847   0.3535987   1.2663114  -0.07210755  0.9259496   0.2530673
   1.6459119   1.1242783   0.7105312   1.7568277   1.0876589   0.04968987]], shape=(1, 18), dtype=float32)"
1849,[2 3 4 4 5 3 4 0 0 0 0 0 0 0 0 0 0 0 0 0 0 0 0 0 0],"tf.Tensor([1.8406059 1.2891824 1.365648  1.2886173 1.6120065 3.       ], shape=(6,), dtype=float32)",24.0,[3 1 0 0 0 0 0 4 2 6 2 3 0 0 0 12 0 0 0 0 0 0 0 0 0],False,"tf.Tensor(
[[ 1.8406059   1.2891824   1.365648    1.2886173   1.6120065   0.24871196
   0.3706888   0.69586545  1.665178    0.06900209  0.68369204 -0.33589974
   1.5801897   0.04940616  1.2428155   1.6254576   0.9288893   0.58247447]], shape=(1, 18), dtype=float32)"
1850,[3 1 0 0 0 0 0 4 2 6 2 3 0 0 0 12 0 0 0 0 0 0 0 0 0],"tf.Tensor([0.86822623 1.424696   0.11601561 1.0828384  0.5495758  2.        ], shape=(6,), dtype=float32)",0.2,[3 2 4 2 0 0 0 3 0 6 0 2 0 0 0 12 0 0 0 0 0 0 0 0 0],False,"tf.Tensor(
[[ 0.86822623  1.424696    0.11601561  1.0828384   0.5495758   0.13087569
  -0.99064296  1.1450355  -0.09816092 -0.29592127  0.2478241  -0.6684732
   1.0462353  -0.05872559  0.7764141   0.6614867   0.9666383   0.11894932]], shape=(1, 18), dtype=float32)"
1851,[3 2 4 2 0 0 0 3 0 6 0 2 0 0 0 12 0 0 0 0 0 0 0 0 0],[ 0  1  0  1  1 10],0.1,[3 3 4 2 2 0 0 1 0 4 0 0 0 0 0 12 0 0 0 0 0 0 0 0 0],False,"tf.Tensor(
[[ 0.57431704  1.4423317  -0.36367312  0.7887998   0.86353004  0.48979217
  -0.766256    0.8876506   0.03285515 -0.5027541   0.09459183 -0.33411103
   0.92938846  0.1561327   0.6367073   0.23787901  1.2700639  -0.0739838 ]], shape=(1, 18), dtype=float32)"
1852,[3 3 4 2 2 0 0 1 0 4 0 0 0 0 0 12 0 0 0 0 0 0 0 0 0],"tf.Tensor([ 0.71755207  1.1283196  -0.30137742  0.897915    0.57221234  2.        ], shape=(6,), dtype=float32)",0.0,[4 1 0 0 0 0 0 6 4 3 2 2 0 0 0 12 0 0 0 0 0 0 0 0 0],False,"tf.Tensor(
[[ 0.71755207  1.1283196  -0.30137742  0.897915    0.57221234  0.33503377
  -0.69034165  1.0195606  -0.21134502 -0.52406865  0.01472837 -0.32415575
   0.8548749   0.02365638  0.3116495   0.6091589   0.96346927  0.21688642]], shape=(1, 18), dtype=float32)"
1853,[4 1 0 0 0 0 0 6 4 3 2 2 0 0 0 12 0 0 0 0 0 0 0 0 0],"tf.Tensor([1.0749595 1.7565324 0.2803557 1.1830542 0.8629365 2.       ], shape=(6,), dtype=float32)",0.30000000000000004,[4 2 5 5 1 0 0 0 0 4 0 2 0 0 0 12 0 0 0 0 0 0 0 0 0],False,"tf.Tensor(
[[ 1.0749595   1.7565324   0.2803557   1.1830542   0.8629365  -0.17760904
  -1.2548267   1.4311693   0.08655379 -0.19847202  0.13323417 -1.1902391
   1.1228235   0.04189688  0.8166908   0.538108    1.0209433  -0.01984482]], shape=(1, 18), dtype=float32)"
1854,[4 2 5 5 1 0 0 0 0 4 0 2 0 0 0 12 0 0 0 0 0 0 0 0 0],"tf.Tensor([ 0.7652085   0.96782047 -0.06809907  0.88429016  0.5816345   2.        ], shape=(6,), dtype=float32)",0.0,[4 3 5 5 1 0 0 0 0 1 0 4 0 0 0 12 0 0 0 0 0 0 0 0 0],False,"tf.Tensor(
[[ 0.7652085   0.96782047 -0.06809907  0.88429016  0.5816345   0.24916826
  -0.4820472   1.033209   -0.18742922 -0.5890479   0.0686947  -0.12671319
   0.9817403  -0.07823554  0.38792664  0.6868191   0.929519    0.25211418]], shape=(1, 18), dtype=float32)"
1855,[4 3 5 5 1 0 0 0 0 1 0 4 0 0 0 12 0 0 0 0 0 0 0 0 0],"tf.Tensor([0.87112087 1.0089896  0.11710639 1.0240525  0.60955584 2.        ], shape=(6,), dtype=float32)",0.0,[5 1 0 0 0 0 0 5 5 5 1 4 0 0 0 12 0 0 0 0 0 0 0 0 0],False,"tf.Tensor(
[[ 0.87112087  1.0089896   0.11710639  1.0240525   0.60955584  0.03751564
  -0.51520836  1.1787     -0.100976   -0.34850833  0.22218326 -0.3051889
   0.9353783  -0.22634363  0.52494663  0.8419121   0.88476276  0.22178395]], shape=(1, 18), dtype=float32)"
1856,[5 1 0 0 0 0 0 5 5 5 1 4 0 0 0 12 0 0 0 0 0 0 0 0 0],"tf.Tensor([1.1448139 1.6920136 0.3611298 1.2898427 0.7155442 2.       ], shape=(6,), dtype=float32)",0.30000000000000004,[5 2 3 2 5 0 0 0 0 1 0 3 0 0 0 12 0 0 0 0 0 0 0 0 0],False,"tf.Tensor(
[[ 1.1448139   1.6920136   0.3611298   1.2898427   0.7155442   0.1095369
  -1.1565882   1.4439336   0.16869876 -0.32978693  0.28075418 -0.9973956
   1.223393   -0.1745069   0.956084    0.8359564   1.1526034   0.1094579 ]], shape=(1, 18), dtype=float32)"
1857,[5 2 3 2 5 0 0 0 0 1 0 3 0 0 0 12 0 0 0 0 0 0 0 0 0],"tf.Tensor([ 1.0611897   0.8453361   0.17667449  1.359085    0.91354847 10.        ], shape=(6,), dtype=float32)",0.1,[5 3 3 2 5 3 0 0 0 5 0 0 0 0 0 12 0 0 0 0 0 0 0 0 0],False,"tf.Tensor(
[[ 1.0611897   0.8453361   0.17667449  1.359085    0.91354847  0.14855215
  -0.17792413  0.72848713  0.44319266 -0.06008479  0.2919621  -0.6209831
   0.97745836 -0.39692873  0.73312205  1.3129646   0.83664775  0.5594157 ]], shape=(1, 18), dtype=float32)"
1858,[5 3 3 2 5 3 0 0 0 5 0 0 0 0 0 12 0 0 0 0 0 0 0 0 0],"tf.Tensor([ 1.286527    1.3122951  -0.07387276  1.2668158   0.6169168   2.        ], shape=(6,), dtype=float32)",12.0,[6 1 0 0 0 0 0 3 2 6 5 6 0 0 6 12 0 0 0 0 0 0 0 0 0],False,"tf.Tensor(
[[ 1.286527    1.3122951  -0.07387276  1.2668158   0.6169168   0.44249043
  -0.5550105   1.112933    0.07522698 -0.45929745  0.08297024 -0.25954276
   1.0845582   0.04655015  0.55768985  1.0067468   1.0870436   0.6572637 ]], shape=(1, 18), dtype=float32)"
1859,[6 1 0 0 0 0 0 3 2 6 5 6 0 0 6 12 0 0 0 0 0 0 0 0 0],[0 1 0 0 0 3],0.1,[6 2 2 0 0 0 0 6 0 4 5 2 0 0 6 12 0 0 0 0 0 0 0 0 0],False,"tf.Tensor(
[[ 1.6669497   1.7333982   0.69636446  0.9137454   0.99098927  0.39872426
  -0.21410118  1.2875426   1.261803   -0.09573388  0.1627484  -0.328127
   1.253434    0.1173772   1.1821088   0.56370836  1.5896089   0.05697979]], shape=(1, 18), dtype=float32)"
1860,[6 2 2 0 0 0 0 6 0 4 5 2 0 0 6 12 0 0 0 0 0 0 0 0 0],"tf.Tensor([ 1.6588422  2.0003264  0.2541357  0.8639403  1.140087  11.       ], shape=(6,), dtype=float32)",0.2,[6 3 2 6 2 0 0 0 0 5 5 0 0 0 6 12 0 0 0 0 0 0 0 0 0],False,"tf.Tensor(
[[ 1.6588422   2.0003264   0.2541357   0.8639403   1.140087    0.3637851
  -0.5975378   1.2936474   1.0845045  -0.02039914  0.06885699 -0.34604234
   1.1790216   0.60037977  0.9290709   0.23483832  1.6166946   0.02995335]], shape=(1, 18), dtype=float32)"
1861,[6 3 2 6 2 0 0 0 0 5 5 0 0 0 6 12 0 0 0 0 0 0 0 0 0],"tf.Tensor([ 1.0805217   1.0563116   0.13279048  0.77853274  1.2308545  11.        ], shape=(6,), dtype=float32)",0.0,[7 1 0 0 0 0 0 1 2 4 1 5 0 0 6 12 0 0 0 0 0 0 0 0 0],False,"tf.Tensor(
[[ 1.0805217   1.0563116   0.13279048  0.77853274  1.2308545   0.52943087
   0.3500513   1.0312488   0.7478063  -0.41622558 -0.41677177 -0.0665635
   1.2425172   0.05279594  0.67233175  0.7043076   1.5730977   0.20209666]], shape=(1, 18), dtype=float32)"
1862,[7 1 0 0 0 0 0 1 2 4 1 5 0 0 6 12 0 0 0 0 0 0 0 0 0],"tf.Tensor([ 1.2047995   1.8130133   0.13936281  0.6890121   0.93457896 11.        ], shape=(6,), dtype=float32)",0.30000000000000004,[7 2 1 5 1 0 0 0 0 1 2 0 0 0 6 12 0 0 0 0 0 0 0 0 0],False,"tf.Tensor(
[[ 1.2047995   1.8130133   0.13936281  0.6890121   0.93457896  0.32419905
  -0.6254547   1.384089    0.787767   -0.20660941  0.02273858 -0.41542637
   1.050149    0.2761319   0.7411945   0.15357666  1.5850676  -0.27744538]], shape=(1, 18), dtype=float32)"
1863,[7 2 1 5 1 0 0 0 0 1 2 0 0 0 6 12 0 0 0 0 0 0 0 0 0],"tf.Tensor([ 1.1101263   1.4168235  -0.09645832  0.78786445  1.1621828  11.        ], shape=(6,), dtype=float32)",0.0,[7 3 1 5 1 0 0 0 0 4 1 0 0 0 6 12 0 0 0 0 0 0 0 0 0],False,"tf.Tensor(
[[ 1.1101263   1.4168235  -0.09645832  0.78786445  1.1621828   0.29482436
  -0.22317909  1.2800475   0.5989381  -0.16032037 -0.17097694 -0.18592824
   1.0571179   0.28834948  0.574865    0.43836868  1.5496222  -0.00563578]], shape=(1, 18), dtype=float32)"
1864,[7 3 1 5 1 0 0 0 0 4 1 0 0 0 6 12 0 0 0 0 0 0 0 0 0],[0 0 1 1 1 9],0.0,[8 1 0 0 0 0 0 1 5 6 4 1 0 0 6 12 0 0 0 0 0 0 0 0 0],False,"tf.Tensor(
[[ 1.0321378   1.2479075  -0.00996262  0.717871    0.90520805  0.3944562
  -0.16912843  1.3409271   0.4054995  -0.43512392 -0.29017845  0.00543231
   1.0365767   0.24132437  0.55907035  0.36681685  1.4853357   0.09414393]], shape=(1, 18), dtype=float32)"
1865,[8 1 0 0 0 0 0 1 5 6 4 1 0 0 6 12 0 0 0 0 0 0 0 0 0],"tf.Tensor(
[1.2866163e+00 1.5302722e+00 7.4387603e-03 9.0928137e-01 1.0877072e+00
 1.1000000e+01], shape=(6,), dtype=float32)",0.4,[8 2 4 5 4 2 0 0 0 4 0 0 0 0 6 12 0 0 0 0 0 0 0 0 0],False,"tf.Tensor(
[[ 1.2866163   1.5302722   0.00743876  0.9092814   1.0877072   0.56282526
  -0.37327316  1.1336962   0.62452805 -0.50213325 -0.07231557 -0.1539177
   1.3004897   0.30045384  0.6316061   0.54857755  1.516601    0.20293777]], shape=(1, 18), dtype=float32)"
1866,[8 2 4 5 4 2 0 0 0 4 0 0 0 0 6 12 0 0 0 0 0 0 0 0 0],"tf.Tensor([ 1.359152    1.6073753   0.10955554  0.78377575  1.224894   11.        ], shape=(6,), dtype=float32)",0.0,[8 3 4 5 4 2 0 0 0 2 0 0 0 0 6 12 0 0 0 0 0 0 0 0 0],False,"tf.Tensor(
[[ 1.359152    1.6073753   0.10955554  0.78377575  1.224894    0.68762577
  -0.19672006  1.2481207   0.86522037 -0.46955517 -0.29306725 -0.17897746
   1.3130686   0.2812672   0.70053434  0.5388102   1.6960294   0.07668418]], shape=(1, 18), dtype=float32)"
1867,[8 3 4 5 4 2 0 0 0 2 0 0 0 0 6 12 0 0 0 0 0 0 0 0 0],"tf.Tensor([ 1.3170801   1.5191816   0.08517377  0.909539    1.1970614  11.        ], shape=(6,), dtype=float32)",0.0,[9 1 0 0 0 0 0 4 5 3 4 2 0 0 6 12 0 0 0 0 0 0 0 0 0],False,"tf.Tensor(
[[ 1.3170801   1.5191816   0.08517377  0.909539    1.1970614   0.55470014
  -0.2535077   1.25603     0.6729204  -0.42740145 -0.20110542 -0.14790983
   1.4129632   0.21974662  0.7878969   0.61137474  1.6696827   0.14662024]], shape=(1, 18), dtype=float32)"
1868,[9 1 0 0 0 0 0 4 5 3 4 2 0 0 6 12 0 0 0 0 0 0 0 0 0],"tf.Tensor([ 1.649162    1.9836947   0.02939788  1.2269751   1.3007619  11.        ], shape=(6,), dtype=float32)",0.4,[9 2 6 3 3 3 0 0 0 2 0 0 0 0 6 12 0 0 0 0 0 0 0 0 0],False,"tf.Tensor(
[[ 1.6491621e+00  1.9836947e+00  2.9397875e-02  1.2269751e+00
   1.3007619e+00  4.1874933e-01 -6.3361728e-01  1.4219948e+00
   8.9589638e-01 -1.2272115e-01  1.4592111e-03 -4.8140907e-01
   1.4298155e+00  3.7083304e-01  1.0005933e+00  6.5692806e-01
   1.8106345e+00  2.2351612e-01]], shape=(1, 18), dtype=float32)"
1869,[9 2 6 3 3 3 0 0 0 2 0 0 0 0 6 12 0 0 0 0 0 0 0 0 0],"tf.Tensor([ 1.3464178   1.6434375  -0.11175784  0.89060545  1.1356121  11.        ], shape=(6,), dtype=float32)",0.0,[9 3 6 3 3 3 0 0 0 4 0 0 0 0 6 12 0 0 0 0 0 0 0 0 0],False,"tf.Tensor(
[[ 1.3464178   1.6434375  -0.11175784  0.89060545  1.1356121   0.62257636
  -0.454548    1.1923331   0.647262   -0.4070011  -0.17511672 -0.13632227
   1.3034298   0.4170227   0.6898262   0.46793893  1.6375084   0.18434726]], shape=(1, 18), dtype=float32)"
1870,[9 3 6 3 3 3 0 0 0 4 0 0 0 0 6 12 0 0 0 0 0 0 0 0 0],"tf.Tensor([ 1.3917786   1.6706952  -0.01488774  0.82472426  1.1462569  11.        ], shape=(6,), dtype=float32)",0.0,[10 1 0 0 0 0 0 6 3 1 3 3 0 0 6 12 0 0 0 0 0 0 0 0 0],False,"tf.Tensor(
[[ 1.3917786   1.6706952  -0.01488774  0.82472426  1.1462569   0.6308889
  -0.4350543   1.2244688   0.75847304 -0.41889513 -0.14940423 -0.07024211
   1.3418896   0.45007712  0.7425809   0.36412588  1.7092011   0.11602144]], shape=(1, 18), dtype=float32)"
1871,[10 1 0 0 0 0 0 6 3 1 3 3 0 0 6 12 0 0 0 0 0 0 0 0 0],"tf.Tensor([ 1.7504041   2.1064343   0.18070237  1.2275722   1.3921802  11.        ], shape=(6,), dtype=float32)",0.4,[10 2 5 6 4 1 0 0 0 4 0 0 0 0 6 12 0 0 0 0 0 0 0 0 0],False,"tf.Tensor(
[[ 1.7504041   2.1064343   0.18070237  1.2275722   1.3921802   0.20956215
  -0.63663197  1.4924012   1.1632977   0.12440805 -0.05709784 -0.7040679
   1.3824492   0.44716436  1.1953881   0.5416334   1.8805459   0.17302443]], shape=(1, 18), dtype=float32)"
1872,[10 2 5 6 4 1 0 0 0 4 0 0 0 0 6 12 0 0 0 0 0 0 0 0 0],[0 1 0 1 0 2],0.0,[10 3 5 6 4 1 0 0 0 4 0 0 0 0 6 12 0 0 0 0 0 0 0 0 0],False,"tf.Tensor(
[[ 1.4506304   1.5205923   0.19493416  0.8745555   1.3570387   0.67034036
  -0.01549602  1.2083616   0.92774564 -0.50119764 -0.24580857  0.00712636
   1.5727918   0.2739316   0.8410572   0.6174839   1.8280578   0.1789028 ]], shape=(1, 18), dtype=float32)"
1873,[10 3 5 6 4 1 0 0 0 4 0 0 0 0 6 12 0 0 0 0 0 0 0 0 0],"tf.Tensor([ 1.4605924   1.5808593   0.23947376  0.82706     1.3946347  11.        ], shape=(6,), dtype=float32)",0.0,[11 1 0 0 0 0 0 5 6 2 4 1 0 0 6 12 0 0 0 0 0 0 0 0 0],False,"tf.Tensor(
[[ 1.4605924   1.5808593   0.23947376  0.82706     1.3946347   0.641224
  -0.02628687  1.2753028   0.98878556 -0.47168556 -0.2372376   0.01358075
   1.5979106   0.307113    0.85483015  0.5469989   1.8787006   0.09079131]], shape=(1, 18), dtype=float32)"
1874,[11 1 0 0 0 0 0 5 6 2 4 1 0 0 6 12 0 0 0 0 0 0 0 0 0],"tf.Tensor([ 1.702301    1.9983901  -0.05372507  1.3715047   1.4647741  11.        ], shape=(6,), dtype=float32)",0.4,[11 2 4 1 1 1 0 0 0 2 0 0 0 0 6 12 0 0 0 0 0 0 0 0 0],False,"tf.Tensor(
[[ 1.702301    1.9983901  -0.05372507  1.3715047   1.4647741   0.48237008
  -0.6432795   1.526919    0.78637546 -0.10929634 -0.20881051 -0.47473252
   1.6992126   0.396824    1.1853268   0.7756378   2.0210352   0.3445685 ]], shape=(1, 18), dtype=float32)"
1875,[11 2 4 1 1 1 0 0 0 2 0 0 0 0 6 12 0 0 0 0 0 0 0 0 0],"tf.Tensor([ 1.2626321   1.5146414  -0.13524151  0.8746019   1.1249213  11.        ], shape=(6,), dtype=float32)",0.0,[11 3 4 1 1 1 0 0 0 5 0 0 0 0 6 12 0 0 0 0 0 0 0 0 0],False,"tf.Tensor(
[[ 1.2626321   1.5146414  -0.13524151  0.8746019   1.1249213   0.58546156
  -0.40228266  1.0751309   0.6276835  -0.36852616 -0.1505794  -0.16965258
   1.2030594   0.3991481   0.60889435  0.49144575  1.5170127   0.20990156]], shape=(1, 18), dtype=float32)"
1876,[11 3 4 1 1 1 0 0 0 5 0 0 0 0 6 12 0 0 0 0 0 0 0 0 0],"tf.Tensor([ 1.3288072   1.4293169   0.12645721  0.8304782   1.0539632  11.        ], shape=(6,), dtype=float32)",0.0,[12 1 0 0 0 0 0 4 1 2 1 1 0 0 6 12 0 0 0 0 0 0 0 0 0],False,"tf.Tensor(
[[ 1.3288072   1.4293169   0.12645721  0.8304782   1.0539632   0.6556913
  -0.21634339  1.027351    0.85246456 -0.4002325  -0.19355977 -0.12369496
   1.21363     0.42083055  0.7074756   0.43219116  1.4902173   0.27787495]], shape=(1, 18), dtype=float32)"
1877,[12 1 0 0 0 0 0 4 1 2 1 1 0 0 6 12 0 0 0 0 0 0 0 0 0],[ 1  0  1  1  1 12],0.4,[12 2 1 5 3 2 0 0 5 0 0 0 0 0 6 12 0 0 0 0 0 0 0 0 0],False,"tf.Tensor(
[[ 1.3881203   1.8136824  -0.10048127  0.91700196  1.3327609   0.38536298
  -0.5622184   1.354477    0.7860536  -0.12147404 -0.07894789 -0.2933367
   1.3023412   0.5153674   0.7232885   0.39034885  1.7292634   0.01447611]], shape=(1, 18), dtype=float32)"
1878,[12 2 1 5 3 2 0 0 5 0 0 0 0 0 6 12 0 0 0 0 0 0 0 0 0],[ 0  1  1  1  0 12],0.1,[12 3 1 5 3 2 5 0 0 0 0 0 0 0 6 12 0 0 0 0 0 0 0 0 0],False,"tf.Tensor(
[[ 1.6677603   1.8925331   0.189394    1.5331867   1.4780257   0.408498
  -0.49970275  1.8250566   0.5092576  -0.37347665 -0.18686694 -0.4672891
   1.9759109  -0.05392142  1.3161641   1.1568793   2.0819461   0.29220656]], shape=(1, 18), dtype=float32)"
1879,[12 3 1 5 3 2 5 0 0 0 0 0 0 0 6 12 0 0 0 0 0 0 0 0 0],[1 1 0 1 0 1],4.0,[13 1 0 0 0 0 0 1 1 5 3 2 0 2 6 12 0 0 0 0 0 0 0 0 0],False,"tf.Tensor(
[[ 1.9428858   1.97143     0.08517891  1.5183305   1.5721838   0.85715866
  -0.43139842  1.1631377   1.2655641  -0.26618385 -0.11383932 -0.6131739
   1.6393807   0.48199907  0.79245245  1.2468376   1.6358207   0.788144  ]], shape=(1, 18), dtype=float32)"
1880,[13 1 0 0 0 0 0 1 1 5 3 2 0 2 6 12 0 0 0 0 0 0 0 0 0],[ 0  0  0  0  1 10],0.1,[13 2 5 0 0 0 0 6 2 3 3 0 0 2 6 12 0 0 0 0 0 0 0 0 0],False,"tf.Tensor(
[[ 2.0716941   1.7316911   0.424881    1.0854886   1.1424005   0.5901557
   0.11385877  1.0957239   1.586569   -0.14960708  0.39593577  0.02593861
   1.204248    0.7165595   0.8525096   0.7490908   1.7153989   0.2680173 ]], shape=(1, 18), dtype=float32)"
1881,[13 2 5 0 0 0 0 6 2 3 3 0 0 2 6 12 0 0 0 0 0 0 0 0 0],"tf.Tensor([ 2.35974     2.0596972   0.16676058  1.2641813   1.7894286  11.        ], shape=(6,), dtype=float32)",0.30000000000000004,[13 3 5 6 2 3 0 0 0 6 0 0 0 2 6 12 0 0 0 0 0 0 0 0 0],False,"tf.Tensor(
[[ 2.35974     2.0596972   0.16676058  1.2641813   1.7894286   0.8166688
  -0.01855548  1.3012265   1.3701742  -0.3699893  -0.18815589  0.095788
   1.4287999   0.9904583   0.93749887  0.64973295  2.1053824   0.45388156]], shape=(1, 18), dtype=float32)"
1882,[13 3 5 6 2 3 0 0 0 6 0 0 0 2 6 12 0 0 0 0 0 0 0 0 0],"tf.Tensor([ 2.2544475  1.8099214  0.7287077  1.0621853  1.2129213 11.       ], shape=(6,), dtype=float32)",0.0,[14 1 0 0 0 0 0 5 3 2 4 5 0 2 6 12 0 0 0 0 0 0 0 0 0],True,"tf.Tensor(
[[ 2.2544475   1.8099214   0.7287077   1.0621853   1.2129213   0.6991339
   0.1216155   1.7004217   1.4890333  -0.4069043   0.26425612  0.19056025
   1.5681727   0.7027058   0.9856226   0.6867006   2.2332213  -0.05517213]], shape=(1, 18), dtype=float32)"
1883,[1 1 0 0 0 0 0 6 5 6 4 1 0 0 0 0 0 0 0 0 0 0 0 0 0],"tf.Tensor([1.7487054 1.3113602 1.0781865 1.2315339 1.4224558 7.       ], shape=(6,), dtype=float32)",0.5,[1 2 6 5 6 4 1 0 0 0 0 0 0 0 0 0 0 0 0 0 0 0 0 0 0],False,"tf.Tensor(
[[ 1.7487054   1.3113602   1.0781865   1.2315339   1.4224558   0.3942168
   0.1966562   0.5559403   1.2396239   0.0696028   0.6992184  -0.22968084
   1.5079863   0.6315589   0.92471826  1.2642756   1.1473815   0.40059087]], shape=(1, 18), dtype=float32)"
1884,[1 2 6 5 6 4 1 0 0 0 0 0 0 0 0 0 0 0 0 0 0 0 0 0 0],"tf.Tensor([ 1.7813529  1.0516304  1.5186476  1.4390926  1.6253003 10.       ], shape=(6,), dtype=float32)",0.0,[1 3 6 5 6 4 1 0 0 0 0 0 0 0 0 0 0 0 0 0 0 0 0 0 0],False,"tf.Tensor(
[[ 1.7813529   1.0516304   1.5186476   1.4390926   1.6253003   0.12187158
   0.93426293  0.72926486  1.7356133  -0.21913186  0.6654327  -0.03830032
   1.4908248  -0.48711652  1.4436299   2.2376733   0.95643485  0.6363017 ]], shape=(1, 18), dtype=float32)"
1885,[1 3 6 5 6 4 1 0 0 0 0 0 0 0 0 0 0 0 0 0 0 0 0 0 0],"tf.Tensor([ 1.8497633  1.0448554  1.5821875  1.4267632  1.6694714 10.       ], shape=(6,), dtype=float32)",0.0,[2 1 0 0 0 0 0 6 5 6 4 1 0 0 0 0 0 0 0 0 0 0 0 0 0],False,"tf.Tensor(
[[ 1.8497633   1.0448554   1.5821875   1.4267632   1.6694714   0.14053935
   0.9637114   0.76041216  1.8108709  -0.2186414   0.6992819  -0.070345
   1.549795   -0.48102385  1.4548744   2.2456493   0.960052    0.64013195]], shape=(1, 18), dtype=float32)"
1886,[2 1 0 0 0 0 0 6 5 6 4 1 0 0 0 0 0 0 0 0 0 0 0 0 0],"tf.Tensor([1.8571045 1.3581693 1.0372946 1.2723686 1.4441667 7.       ], shape=(6,), dtype=float32)",0.5,[2 2 3 4 2 4 5 0 0 0 0 0 0 0 0 0 0 0 0 0 0 0 0 0 0],False,"tf.Tensor(
[[ 1.8571045   1.3581693   1.0372946   1.2723686   1.4441667   0.54191333
   0.31145763  0.56710774  1.3389342  -0.00542064  0.64681834 -0.18896168
   1.5919826   0.7582194   0.89983976  1.307122    1.2888044   0.42696506]], shape=(1, 18), dtype=float32)"
1887,[2 2 3 4 2 4 5 0 0 0 0 0 0 0 0 0 0 0 0 0 0 0 0 0 0],[1 0 1 0 0 8],0.0,[2 3 3 4 2 4 5 0 0 0 0 0 0 0 0 0 0 0 0 0 0 0 0 0 0],False,"tf.Tensor(
[[ 1.4371086   1.1301799   1.1223338   1.0231775   1.3271385   0.21053264
   0.2658718   0.5263273   1.3617709   0.06875263  0.56297386 -0.32281724
   1.3165884   0.14553516  0.90703416  1.2370781   0.69927907  0.45227033]], shape=(1, 18), dtype=float32)"
1888,[2 3 3 4 2 4 5 0 0 0 0 0 0 0 0 0 0 0 0 0 0 0 0 0 0],"tf.Tensor([1.5034906 1.1777394 1.2083992 1.0165325 1.4214684 3.       ], shape=(6,), dtype=float32)",16.0,[3 1 0 0 0 0 0 3 4 2 4 5 0 0 0 8 0 0 0 0 0 0 0 0 0],False,"tf.Tensor(
[[ 1.5034906   1.1777394   1.2083992   1.0165325   1.4214684   0.24835584
   0.2821917   0.5261165   1.4978437   0.08234332  0.56545526 -0.35931322
   1.3780957   0.16806969  0.9391657   1.2255588   0.7647767   0.4193802 ]], shape=(1, 18), dtype=float32)"
1889,[3 1 0 0 0 0 0 3 4 2 4 5 0 0 0 8 0 0 0 0 0 0 0 0 0],"tf.Tensor([ 1.045912    1.2405065   0.7919455   1.02636     0.95091695 10.        ], shape=(6,), dtype=float32)",0.4,[3 2 4 3 3 3 0 0 0 3 0 0 0 0 0 8 0 0 0 0 0 0 0 0 0],False,"tf.Tensor(
[[ 1.045912    1.2405065   0.7919455   1.02636     0.95091695  0.13629481
  -0.11791109  0.71995723  0.98407304  0.04631567  0.28685933 -0.94223
   1.0200598  -0.24722879  0.9958803   1.0843809   0.7548264   0.15181687]], shape=(1, 18), dtype=float32)"
1890,[3 2 4 3 3 3 0 0 0 3 0 0 0 0 0 8 0 0 0 0 0 0 0 0 0],"tf.Tensor([1.0834026  0.89609486 0.14954466 0.95873433 0.56014115 7.        ], shape=(6,), dtype=float32)",0.0,[3 3 4 3 3 3 0 0 0 2 0 0 0 0 0 8 0 0 0 0 0 0 0 0 0],False,"tf.Tensor(
[[ 1.0834026   0.89609486  0.14954466  0.95873433  0.56014115  0.3643284
  -0.30197084  0.72608757  0.28629622 -0.31684834  0.17091757 -0.12781307
   0.81556314 -0.00758911  0.5211542   0.79773414  0.75888216  0.5385487 ]], shape=(1, 18), dtype=float32)"
1891,[3 3 4 3 3 3 0 0 0 2 0 0 0 0 0 8 0 0 0 0 0 0 0 0 0],"tf.Tensor([ 1.0389904   0.8168416   0.23210199  0.9815931   0.5240761  10.        ], shape=(6,), dtype=float32)",0.0,[4 1 0 0 0 0 0 4 3 5 3 3 0 0 0 8 0 0 0 0 0 0 0 0 0],False,"tf.Tensor(
[[ 1.0389904   0.8168416   0.23210199  0.9815931   0.5240761   0.28556648
  -0.26339224  0.75772315  0.22254068 -0.30663824  0.19992812 -0.1428043
   0.8275282  -0.11608997  0.554918    0.8630768   0.7089758   0.53040195]], shape=(1, 18), dtype=float32)"
1892,[4 1 0 0 0 0 0 4 3 5 3 3 0 0 0 8 0 0 0 0 0 0 0 0 0],[1 1 0 1 1 5],0.4,[4 2 3 2 5 3 0 0 0 3 0 0 0 0 0 8 0 0 0 0 0 0 0 0 0],False,"tf.Tensor(
[[ 1.0945239   1.1473058   0.46980536  1.0125636   0.6996224   0.25742167
  -0.43408188  0.8131362   0.47389567 -0.1926305   0.27929977 -0.46961936
   1.0276656  -0.05620443  0.7888467   0.8069171   0.8438883   0.32566208]], shape=(1, 18), dtype=float32)"
1893,[4 2 3 2 5 3 0 0 0 3 0 0 0 0 0 8 0 0 0 0 0 0 0 0 0],"tf.Tensor([ 1.3311156   0.96722287  0.26430896  1.3316426   0.4796796  10.        ], shape=(6,), dtype=float32)",0.0,[4 3 3 2 5 3 0 0 0 2 0 0 0 0 0 8 0 0 0 0 0 0 0 0 0],False,"tf.Tensor(
[[ 1.3311156   0.96722287  0.26430896  1.3316426   0.4796796   0.27342024
  -0.37584135  0.8607198   0.1917181  -0.2467519   0.32213175 -0.18764192
   0.970938   -0.13483074  0.719623    1.1442528   0.73542345  0.83682317]], shape=(1, 18), dtype=float32)"
1894,[4 3 3 2 5 3 0 0 0 2 0 0 0 0 0 8 0 0 0 0 0 0 0 0 0],"tf.Tensor([ 1.3042632   0.78747535  0.36600357  1.3720665   0.5099919  10.        ], shape=(6,), dtype=float32)",0.0,[5 1 0 0 0 0 0 3 2 5 5 3 0 0 0 8 0 0 0 0 0 0 0 0 0],False,"tf.Tensor(
[[ 1.3042632   0.78747535  0.36600357  1.3720665   0.5099919   0.24483663
  -0.3299283   0.8097709   0.2174547  -0.2990073   0.4360308  -0.20991129
   0.93787754 -0.3425444   0.7390131   1.2917588   0.64785457  0.8356168 ]], shape=(1, 18), dtype=float32)"
1895,[5 1 0 0 0 0 0 3 2 5 5 3 0 0 0 8 0 0 0 0 0 0 0 0 0],[1 1 1 0 0 3],0.30000000000000004,[5 2 5 5 6 0 0 0 0 0 1 5 0 0 0 8 0 0 0 0 0 0 0 0 0],False,"tf.Tensor(
[[ 1.273348    0.93490016  0.5999152   1.1294556   0.66784805  0.21523926
  -0.13701348  0.6450363   0.6880359  -0.0185343   0.35345948 -0.30643043
   1.0006707  -0.0703218   0.7951904   0.9792336   0.63772035  0.638224  ]], shape=(1, 18), dtype=float32)"
1896,[5 2 5 5 6 0 0 0 0 0 1 5 0 0 0 8 0 0 0 0 0 0 0 0 0],"tf.Tensor([ 1.8717623  0.8625286  0.9054036  1.7609967  0.9838475 10.       ], shape=(6,), dtype=float32)",0.2,[5 3 5 5 6 1 5 0 0 0 0 0 0 0 0 8 0 0 0 0 0 0 0 0 0],False,"tf.Tensor(
[[ 1.8717623   0.8625286   0.9054036   1.7609967   0.9838475   0.13082585
   0.2307101   0.9402246   0.9885913  -0.06436794  0.6772322  -0.3127533
   1.1575774  -0.65415555  1.2559909   2.089855    0.74250436  1.0519463 ]], shape=(1, 18), dtype=float32)"
1897,[5 3 5 5 6 1 5 0 0 0 0 0 0 0 0 8 0 0 0 0 0 0 0 0 0],[ 1  1  0  0  1 10],0.0,[6 1 0 0 0 0 0 5 5 6 6 3 0 0 0 8 0 0 0 0 0 0 0 0 0],False,"tf.Tensor(
[[ 2.0912507   0.9218877   0.8803383   1.9320172   0.8112064   0.6997585
  -0.32847813  0.66625637  1.0438935  -0.17165367  0.5512199  -0.41722605
   1.3260126  -0.5074643   1.4073946   1.9519655   0.69825435  1.424867  ]], shape=(1, 18), dtype=float32)"
1898,[6 1 0 0 0 0 0 5 5 6 6 3 0 0 0 8 0 0 0 0 0 0 0 0 0],"tf.Tensor([ 1.6485567  1.2608547  0.7687191  1.4173487  1.0332719 10.       ], shape=(6,), dtype=float32)",0.4,[6 2 3 5 3 1 0 0 0 4 0 0 0 0 0 8 0 0 0 0 0 0 0 0 0],False,"tf.Tensor(
[[ 1.6485567   1.2608547   0.7687191   1.4173487   1.0332719   0.425214
  -0.07082213  0.73711044  0.9579604  -0.2585791   0.41955912 -0.40322846
   1.4035224  -0.07169433  1.0405211   1.4093065   0.9249861   0.7933009 ]], shape=(1, 18), dtype=float32)"
1899,[6 2 3 5 3 1 0 0 0 4 0 0 0 0 0 8 0 0 0 0 0 0 0 0 0],"tf.Tensor([1.1392612  1.0516043  0.23955731 0.9456765  0.76867616 7.        ], shape=(6,), dtype=float32)",0.0,[6 3 3 5 3 1 0 0 0 1 0 0 0 0 0 8 0 0 0 0 0 0 0 0 0],False,"tf.Tensor(
[[ 1.1392612   1.0516043   0.23955731  0.9456765   0.76867616  0.29933167
  -0.29169586  0.99177635  0.34609032 -0.3432113   0.15439926 -0.07857378
   1.0523967   0.02518799  0.5806647   0.77043474  0.9851637   0.37080845]], shape=(1, 18), dtype=float32)"
1900,[6 3 3 5 3 1 0 0 0 1 0 0 0 0 0 8 0 0 0 0 0 0 0 0 0],"tf.Tensor([ 1.1448218  0.9045442  0.3151396  1.0681475  0.718301  10.       ], shape=(6,), dtype=float32)",0.0,[7 1 0 0 0 0 0 3 5 4 3 1 0 0 0 8 0 0 0 0 0 0 0 0 0],False,"tf.Tensor(
[[ 1.1448218   0.9045442   0.3151396   1.0681475   0.718301    0.24653444
  -0.28975827  0.9565247   0.3663083  -0.1914343   0.2161248  -0.20599881
   0.9613291  -0.1741052   0.68887085  0.9750278   0.850754    0.46042487]], shape=(1, 18), dtype=float32)"
1901,[7 1 0 0 0 0 0 3 5 4 3 1 0 0 0 8 0 0 0 0 0 0 0 0 0],"tf.Tensor([1.3705168  1.1861899  0.20559828 1.3455893  0.669806   7.        ], shape=(6,), dtype=float32)",0.30000000000000004,[7 2 2 6 1 0 0 0 0 2 0 1 0 0 0 8 0 0 0 0 0 0 0 0 0],False,"tf.Tensor(
[[ 1.3705168   1.1861899   0.20559828  1.3455893   0.669806    0.333372
  -0.49707726  0.99717367  0.2335101  -0.29632336  0.23174399 -0.25038728
   1.1390765  -0.03307887  0.765177    1.0958468   0.89970756  0.74161613]], shape=(1, 18), dtype=float32)"
1902,[7 2 2 6 1 0 0 0 0 2 0 1 0 0 0 8 0 0 0 0 0 0 0 0 0],"tf.Tensor([1.0458455  0.99416995 0.2728973  0.90820146 0.7946052  2.        ], shape=(6,), dtype=float32)",0.0,[7 3 2 6 1 0 0 0 0 3 0 4 0 0 0 8 0 0 0 0 0 0 0 0 0],False,"tf.Tensor(
[[ 1.0458455   0.99416995  0.2728973   0.90820146  0.7946052   0.13221672
  -0.28290993  1.1205826   0.27418384 -0.22667629  0.17300598 -0.13525513
   0.9788416  -0.07198945  0.56501657  0.78247964  0.96714187  0.22790912]], shape=(1, 18), dtype=float32)"
1903,[7 3 2 6 1 0 0 0 0 3 0 4 0 0 0 8 0 0 0 0 0 0 0 0 0],"tf.Tensor([1.18323    0.95387787 0.56197196 0.8826919  0.81131876 2.        ], shape=(6,), dtype=float32)",0.0,[8 1 0 0 0 0 0 2 6 3 1 6 0 0 0 8 0 0 0 0 0 0 0 0 0],False,"tf.Tensor(
[[ 1.18323     0.95387787  0.56197196  0.8826919   0.81131876  0.1109747
  -0.11245896  1.2369361   0.44988233 -0.21453214  0.19822416 -0.01747629
   1.0669029  -0.17516358  0.721832    0.8226397   1.0471146   0.19971338]], shape=(1, 18), dtype=float32)"
1904,[8 1 0 0 0 0 0 2 6 3 1 6 0 0 0 8 0 0 0 0 0 0 0 0 0],"tf.Tensor([1.5665976  1.2018105  0.98385215 1.2366247  0.98035854 7.        ], shape=(6,), dtype=float32)",0.5,[8 2 2 5 2 5 3 0 0 0 0 0 0 0 0 8 0 0 0 0 0 0 0 0 0],False,"tf.Tensor(
[[ 1.5665976   1.2018105   0.98385215  1.2366247   0.98035854  0.23754
  -0.03123273  1.1654928   0.9494499  -0.2718384   0.37098515 -0.40743577
   1.3114632  -0.35099775  1.0154376   1.3102022   1.0071346   0.43485045]], shape=(1, 18), dtype=float32)"
1905,[8 2 2 5 2 5 3 0 0 0 0 0 0 0 0 8 0 0 0 0 0 0 0 0 0],"tf.Tensor([ 1.592767    1.0751562   0.34546143  1.3793831   0.67581564 10.        ], shape=(6,), dtype=float32)",0.0,[8 3 2 5 2 5 3 0 0 0 0 0 0 0 0 8 0 0 0 0 0 0 0 0 0],False,"tf.Tensor(
[[ 1.592767    1.0751562   0.34546143  1.3793831   0.67581564  0.45481616
  -0.5024227   0.8409611   0.78902155 -0.0245032   0.364697   -0.294733
   0.946839   -0.05034916  0.896602    1.1533704   0.83713114  0.8896386 ]], shape=(1, 18), dtype=float32)"
1906,[8 3 2 5 2 5 3 0 0 0 0 0 0 0 0 8 0 0 0 0 0 0 0 0 0],"tf.Tensor([ 1.5756049   1.0922302   0.39830452  1.3413402   0.6957451  10.        ], shape=(6,), dtype=float32)",0.0,[9 1 0 0 0 0 0 2 5 2 5 3 0 0 0 8 0 0 0 0 0 0 0 0 0],False,"tf.Tensor(
[[ 1.5756049   1.0922302   0.39830452  1.3413402   0.6957451   0.426312
  -0.49013028  0.86222255  0.8458343  -0.00501368  0.3743725  -0.32249576
   0.9428913  -0.08400905  0.9358483   1.1084757   0.86045945  0.8038227 ]], shape=(1, 18), dtype=float32)"
1907,[9 1 0 0 0 0 0 2 5 2 5 3 0 0 0 8 0 0 0 0 0 0 0 0 0],"tf.Tensor([ 1.7029539   1.131328    0.70150083  1.6014482   1.0509146  10.        ], shape=(6,), dtype=float32)",0.4,[9 2 6 1 1 4 0 0 0 2 0 0 0 0 0 8 0 0 0 0 0 0 0 0 0],False,"tf.Tensor(
[[ 1.7029539   1.131328    0.70150083  1.6014482   1.0509146   0.3177931
  -0.11432447  0.7156307   1.0148966   0.11407718  0.40316704 -0.5158001
   1.3273393  -0.13391621  1.0820113   1.5023679   0.7928623   0.96359265]], shape=(1, 18), dtype=float32)"
1908,[9 2 6 1 1 4 0 0 0 2 0 0 0 0 0 8 0 0 0 0 0 0 0 0 0],"tf.Tensor([0.95980406 0.73905617 0.21886356 1.081403   1.0100352  7.        ], shape=(6,), dtype=float32)",0.0,[9 3 6 1 1 4 0 0 0 2 0 0 0 0 0 8 0 0 0 0 0 0 0 0 0],False,"tf.Tensor(
[[ 0.95980406  0.73905617  0.21886356  1.081403    1.0100352   0.42713928
   0.13125907  0.5106575   0.46963835 -0.29683614 -0.08819379 -0.31522152
   1.2808948  -0.13502358  0.76218593  1.0574291   0.9884883   0.57728475]], shape=(1, 18), dtype=float32)"
1909,[9 3 6 1 1 4 0 0 0 2 0 0 0 0 0 8 0 0 0 0 0 0 0 0 0],[0 1 1 0 0 0],2.0,[10 1 0 0 0 0 0 6 1 5 1 4 2 0 0 8 0 0 0 0 0 0 0 0 0],False,"tf.Tensor(
[[ 1.0029696   0.7960359   0.2747382   1.0897076   0.9969014   0.3929171
   0.14046353  0.57014656  0.52060074 -0.26828966 -0.06297413 -0.3137516
   1.293478   -0.14478646  0.8049932   1.0416161   1.020325    0.5533684 ]], shape=(1, 18), dtype=float32)"
1910,[10 1 0 0 0 0 0 6 1 5 1 4 2 0 0 8 0 0 0 0 0 0 0 0 0],"tf.Tensor([1.7454815  1.1622776  0.671688   1.2695014  0.80768466 9.        ], shape=(6,), dtype=float32)",0.30000000000000004,[10 2 4 3 5 0 0 0 0 4 0 2 2 0 0 8 0 0 0 0 0 0 0 0 0],False,"tf.Tensor(
[[ 1.7454815   1.1622776   0.671688    1.2695014   0.80768466  0.46396723
   0.2044922   0.82809144  1.0310137   0.0276272   0.12105195 -0.05029459
   1.3723589   0.02662336  1.4187721   1.0077375   1.3804475   0.7253955 ]], shape=(1, 18), dtype=float32)"
1911,[10 2 4 3 5 0 0 0 0 4 0 2 2 0 0 8 0 0 0 0 0 0 0 0 0],"tf.Tensor([ 1.8340231   0.95981383  0.6759644   1.5195612   0.995577   10.        ], shape=(6,), dtype=float32)",0.1,[10 3 4 3 5 2 0 0 0 3 0 0 2 0 0 8 0 0 0 0 0 0 0 0 0],False,"tf.Tensor(
[[ 1.8340231   0.95981383  0.6759644   1.5195612   0.995577    0.47062862
   0.13215256  0.9342809   0.81015694 -0.28219602  0.27229136 -0.03561113
   1.4026353  -0.22962265  1.0784627   1.5246471   1.1469933   0.9723236 ]], shape=(1, 18), dtype=float32)"
1912,[10 3 4 3 5 2 0 0 0 3 0 0 2 0 0 8 0 0 0 0 0 0 0 0 0],"tf.Tensor([ 1.7539495   0.8436332   0.61486655  1.5722873   0.9452311  10.        ], shape=(6,), dtype=float32)",0.0,[11 1 0 0 0 0 0 4 3 1 5 6 2 0 0 8 0 0 0 0 0 0 0 0 0],False,"tf.Tensor(
[[ 1.7539495   0.8436332   0.61486655  1.5722873   0.9452311   0.52681506
   0.05110401  0.77369666  0.8743553  -0.29023197  0.3468788  -0.1373275
   1.2991025  -0.42930967  1.1370465   1.5927833   1.0365963   1.0249705 ]], shape=(1, 18), dtype=float32)"
1913,[11 1 0 0 0 0 0 4 3 1 5 6 2 0 0 8 0 0 0 0 0 0 0 0 0],"tf.Tensor([1.9306175 1.3208312 1.0357682 1.4298877 1.4351453 7.       ], shape=(6,), dtype=float32)",0.5,[11 2 1 1 1 5 5 0 0 0 0 0 2 0 0 8 0 0 0 0 0 0 0 0 0],False,"tf.Tensor(
[[ 1.9306175   1.3208312   1.0357682   1.4298877   1.4351453   0.2750033
   0.30129588  0.9312642   1.5386533   0.40067792  0.21038099 -0.54238284
   1.5798934   0.06371498  1.4435935   1.508145    1.1331162   0.7551426 ]], shape=(1, 18), dtype=float32)"
1914,[11 2 1 1 1 5 5 0 0 0 0 0 2 0 0 8 0 0 0 0 0 0 0 0 0],"tf.Tensor([ 1.6850728   1.0093977   0.27893323  1.636249    0.7658502  10.        ], shape=(6,), dtype=float32)",0.0,[11 3 1 1 1 5 5 0 0 0 0 0 2 0 0 8 0 0 0 0 0 0 0 0 0],False,"tf.Tensor(
[[ 1.6850728   1.0093977   0.27893323  1.636249    0.7658502   0.67628235
  -0.3403271   0.636995    0.7866763  -0.18628392  0.15876585 -0.2733398
   1.083907    0.1129268   0.76274335  1.5633959   0.7175603   1.4109089 ]], shape=(1, 18), dtype=float32)"
1915,[11 3 1 1 1 5 5 0 0 0 0 0 2 0 0 8 0 0 0 0 0 0 0 0 0],"tf.Tensor([ 1.6964991   1.0319797   0.32800835  1.6286155   0.78689957 10.        ], shape=(6,), dtype=float32)",0.0,[12 1 0 0 0 0 0 1 1 1 5 5 2 0 0 8 0 0 0 0 0 0 0 0 0],False,"tf.Tensor(
[[ 1.6964991   1.0319797   0.32800835  1.6286155   0.78689957  0.6566264
  -0.35820782  0.6563087   0.8204496  -0.16564548  0.22605705 -0.2921069
   1.1419938   0.09340423  0.7716253   1.5494695   0.69827545  1.3656515 ]], shape=(1, 18), dtype=float32)"
1916,[12 1 0 0 0 0 0 1 1 1 5 5 2 0 0 8 0 0 0 0 0 0 0 0 0],"tf.Tensor([ 1.8870643   1.1487535   0.59680676  1.4528866   1.3946848  10.        ], shape=(6,), dtype=float32)",0.4,[12 2 2 6 2 3 0 0 0 6 0 0 2 0 0 8 0 0 0 0 0 0 0 0 0],False,"tf.Tensor(
[[ 1.8870643   1.1487535   0.59680676  1.4528866   1.3946848   0.32519937
   0.06058713  0.65762156  1.3685055   0.14157434  0.45626092 -0.20379713
   1.1989931   0.05900407  1.0050493   1.7952887   0.8048543   0.9671795 ]], shape=(1, 18), dtype=float32)"
1917,[12 2 2 6 2 3 0 0 0 6 0 0 2 0 0 8 0 0 0 0 0 0 0 0 0],"tf.Tensor([ 1.9301765   1.1510353   0.81884825  1.3290951   1.1643202  11.        ], shape=(6,), dtype=float32)",0.0,[12 3 2 6 2 3 0 0 0 2 0 0 2 0 0 8 0 0 0 0 0 0 0 0 0],False,"tf.Tensor(
[[ 1.9301765   1.1510353   0.81884825  1.3290951   1.1643202   0.63068706
   0.5289623   0.9941679   1.260836   -0.4592816   0.3008712  -0.0423682
   1.5390007   0.13615125  0.86650115  1.333349    1.5672824   0.4994916 ]], shape=(1, 18), dtype=float32)"
1918,[12 3 2 6 2 3 0 0 0 2 0 0 2 0 0 8 0 0 0 0 0 0 0 0 0],"tf.Tensor([1.5676912 1.0378474 0.5632771 1.2933682 1.1807634 7.       ], shape=(6,), dtype=float32)",0.0,[13 1 0 0 0 0 0 2 6 4 2 3 2 0 0 8 0 0 0 0 0 0 0 0 0],False,"tf.Tensor(
[[ 1.5676912   1.0378474   0.5632771   1.2933682   1.1807634   0.39156473
   0.04403184  1.1510491   0.83901584 -0.3225554   0.21309179 -0.10314302
   1.3804893  -0.31448045  0.957059    1.3209158   1.2902794   0.5454832 ]], shape=(1, 18), dtype=float32)"
1919,[13 1 0 0 0 0 0 2 6 4 2 3 2 0 0 8 0 0 0 0 0 0 0 0 0],"tf.Tensor([2.061665  1.2365308 0.7806241 1.5444369 1.2962383 7.       ], shape=(6,), dtype=float32)",0.4,[13 2 3 3 1 2 0 0 0 3 0 0 2 0 0 8 0 0 0 0 0 0 0 0 0],False,"tf.Tensor(
[[ 2.061665    1.2365308   0.7806241   1.5444369   1.2962383   0.40355575
   0.25332436  1.1900649   1.060917   -0.21438357  0.32873306  0.1884494
   1.7639159   0.06921168  1.1799893   1.3971235   1.4479835   0.88454443]], shape=(1, 18), dtype=float32)"
1920,[13 2 3 3 1 2 0 0 0 3 0 0 2 0 0 8 0 0 0 0 0 0 0 0 0],"tf.Tensor([1.5645021  0.870617   0.46816248 1.3411492  1.1016988  7.        ], shape=(6,), dtype=float32)",0.0,[13 3 3 3 1 2 0 0 0 3 0 0 2 0 0 8 0 0 0 0 0 0 0 0 0],False,"tf.Tensor(
[[ 1.5645021   0.870617    0.46816248  1.3411492   1.1016988   0.54728234
   0.32830498  0.82762754  0.7537793  -0.39267853  0.07228169 -0.01819953
   1.46491    -0.11787437  0.9361072   1.3624147   1.3178883   0.75480294]], shape=(1, 18), dtype=float32)"
1921,[13 3 3 3 1 2 0 0 0 3 0 0 2 0 0 8 0 0 0 0 0 0 0 0 0],"tf.Tensor([1.6070646  0.9249337  0.54403627 1.3153465  1.1379213  7.        ], shape=(6,), dtype=float32)",0.0,[14 1 0 0 0 0 0 3 3 1 1 2 2 0 0 8 0 0 0 0 0 0 0 0 0],True,"tf.Tensor(
[[ 1.6070646   0.9249337   0.54403627  1.3153465   1.1379213   0.53664285
   0.3360839   0.88526297  0.86226076 -0.35240176  0.08730301 -0.03648098
   1.4773788  -0.11243945  0.9745228   1.3315734   1.3640796   0.6849401 ]], shape=(1, 18), dtype=float32)"
1922,[1 1 0 0 0 0 0 3 5 1 5 3 0 0 0 0 0 0 0 0 0 0 0 0 0],"tf.Tensor([1.000395  0.8770679 0.90562   0.6533106 1.0794606 3.       ], shape=(6,), dtype=float32)",0.30000000000000004,[1 2 3 1 3 0 0 0 3 0 3 0 0 0 0 0 0 0 0 0 0 0 0 0 0],False,"tf.Tensor(
[[ 1.000395    0.8770679   0.90562     0.6533106   1.0794606   0.37586433
   0.63228214  0.12916328  1.2143216  -0.1990323   0.39575452 -0.14724395
   0.9430527   0.3619263   0.6542659   0.8996804   0.8546978   0.09201578]], shape=(1, 18), dtype=float32)"
1923,[1 2 3 1 3 0 0 0 3 0 3 0 0 0 0 0 0 0 0 0 0 0 0 0 0],"tf.Tensor([0.86357844 0.6547107  0.6660751  0.7274235  0.9983358  3.        ], shape=(6,), dtype=float32)",0.0,[1 3 3 1 3 0 0 0 2 0 4 0 0 0 0 0 0 0 0 0 0 0 0 0 0],False,"tf.Tensor(
[[ 0.86357844  0.6547107   0.6660751   0.7274235   0.9983358   0.32312232
   0.6264056   0.05505177  0.95177704 -0.11418521  0.31358916 -0.21601221
   0.91387844  0.25992814  0.68247056  0.94132596  0.8434224   0.16243267]], shape=(1, 18), dtype=float32)"
1924,[1 3 3 1 3 0 0 0 2 0 4 0 0 0 0 0 0 0 0 0 0 0 0 0 0],"tf.Tensor([0.8769064  0.7629564  0.6449031  0.73897594 1.0137783  3.        ], shape=(6,), dtype=float32)",0.0,[2 1 0 0 0 0 0 3 5 1 5 3 0 0 0 0 0 0 0 0 0 0 0 0 0],False,"tf.Tensor(
[[ 0.8769064   0.7629564   0.6449031   0.73897594  1.0137783   0.27855587
   0.5930803   0.04330403  0.95192784 -0.09663023  0.34507692 -0.19398484
   0.9208168   0.34499657  0.7298268   0.9042331   0.919983    0.1261538 ]], shape=(1, 18), dtype=float32)"
1925,[2 1 0 0 0 0 0 3 5 1 5 3 0 0 0 0 0 0 0 0 0 0 0 0 0],"tf.Tensor([1.1036924  1.0117266  0.9216447  0.68172115 1.1834971  3.        ], shape=(6,), dtype=float32)",0.4,[2 2 6 3 4 6 0 0 0 0 3 0 0 0 0 0 0 0 0 0 0 0 0 0 0],False,"tf.Tensor(
[[ 1.1036924   1.0117266   0.9216447   0.68172115  1.1834971   0.44439417
   0.6575479   0.14758946  1.30874    -0.20851937  0.3612708  -0.14880049
   1.0228025   0.49572545  0.7086301   0.90090775  1.0077596   0.07394809]], shape=(1, 18), dtype=float32)"
1926,[2 2 6 3 4 6 0 0 0 0 3 0 0 0 0 0 0 0 0 0 0 0 0 0 0],"tf.Tensor([ 1.3398556  0.9843285  1.1028011  1.1584054  1.661518  10.       ], shape=(6,), dtype=float32)",0.1,[2 3 6 3 4 6 3 0 0 0 0 0 0 0 0 0 0 0 0 0 0 0 0 0 0],False,"tf.Tensor(
[[ 1.3398556   0.9843285   1.1028011   1.1584054   1.661518    0.1319656
   0.9400614   0.3956588   1.3571738  -0.23896432  0.61327386  0.0762601
   1.4813904  -0.06357439  1.104601    1.9164206   0.8293125   0.55556375]], shape=(1, 18), dtype=float32)"
1927,[2 3 6 3 4 6 3 0 0 0 0 0 0 0 0 0 0 0 0 0 0 0 0 0 0],"tf.Tensor([ 1.6105782  1.2650117  1.2521547  1.1469909  1.9148767 10.       ], shape=(6,), dtype=float32)",0.0,[3 1 0 0 0 0 0 6 3 4 5 6 0 0 0 0 0 0 0 0 0 0 0 0 0],False,"tf.Tensor(
[[ 1.6105782   1.2650117   1.2521547   1.1469909   1.9148767   0.29452333
   0.8440111   0.41967845  1.7234806  -0.15953808  0.66026586 -0.12263814
   1.742196    0.1993512   1.1500753   1.7744092   0.98580545  0.53099865]], shape=(1, 18), dtype=float32)"
1928,[3 1 0 0 0 0 0 6 3 4 5 6 0 0 0 0 0 0 0 0 0 0 0 0 0],"tf.Tensor([1.7300218 1.5528584 1.1136003 0.6276584 1.7332884 3.       ], shape=(6,), dtype=float32)",0.4,[3 2 2 6 5 5 0 0 0 0 1 0 0 0 0 0 0 0 0 0 0 0 0 0 0],False,"tf.Tensor(
[[ 1.7300218   1.5528584   1.1136003   0.6276584   1.7332884   0.8587225
   1.0937177   0.37434167  1.9361295  -0.3999387   0.47818518  0.01012247
   1.6974592   1.0630567   0.977301    1.1588261   1.6287708  -0.06003403]], shape=(1, 18), dtype=float32)"
1929,[3 2 2 6 5 5 0 0 0 0 1 0 0 0 0 0 0 0 0 0 0 0 0 0 0],[1 0 0 0 0 6],0.0,[3 3 2 6 5 5 0 0 0 0 2 0 0 0 0 0 0 0 0 0 0 0 0 0 0],False,"tf.Tensor(
[[ 1.9496762   0.91013986  1.4916786   1.368455    1.1738964   0.04602494
   0.670484    1.1597896   1.4926239  -0.1871652   0.73155105 -0.01082518
   1.1215111  -0.6489168   1.1905665   2.0786393   0.7417791   0.6717432 ]], shape=(1, 18), dtype=float32)"
1930,[3 3 2 6 5 5 0 0 0 0 2 0 0 0 0 0 0 0 0 0 0 0 0 0 0],"tf.Tensor([ 1.9525347  0.9067577  1.5343521  1.4096396  1.1217833 10.       ], shape=(6,), dtype=float32)",0.0,[4 1 0 0 0 0 0 2 6 5 5 5 0 0 0 0 0 0 0 0 0 0 0 0 0],False,"tf.Tensor(
[[ 1.9525347   0.9067577   1.5343521   1.4096396   1.1217833  -0.02532623
   0.5360195   1.186279    1.4133444  -0.11435735  0.7976401  -0.02648108
   1.1606548  -0.64417017  1.2288513   2.0030754   0.73179895  0.6676085 ]], shape=(1, 18), dtype=float32)"
1931,[4 1 0 0 0 0 0 2 6 5 5 5 0 0 0 0 0 0 0 0 0 0 0 0 0],[0 1 0 1 0 5],0.2,[4 2 5 4 0 0 0 4 0 3 0 4 0 0 0 0 0 0 0 0 0 0 0 0 0],False,"tf.Tensor(
[[ 1.7329422   1.3506197   1.4094769   1.0273359   1.6123227   0.2508082
   0.9279106   0.377091    1.4494128  -0.08572085  0.83319795  0.12090731
   1.6046737   1.1019176   0.86404943  1.6138514   1.383155    0.00366979]], shape=(1, 18), dtype=float32)"
1932,[4 2 5 4 0 0 0 4 0 3 0 4 0 0 0 0 0 0 0 0 0 0 0 0 0],[ 1  1  0  1  1 12],0.2,[4 3 5 4 4 4 0 0 0 6 0 0 0 0 0 0 0 0 0 0 0 0 0 0 0],False,"tf.Tensor(
[[ 1.6338915   1.2730851   0.91953975  0.8468202   1.6553607   0.4797076
   0.69047153  0.58537114  1.4644579  -0.04327625  0.48835987  0.14020927
   1.5404698   0.8621609   0.78530633  1.212845    1.2062982   0.25520453]], shape=(1, 18), dtype=float32)"
1933,[4 3 5 4 4 4 0 0 0 6 0 0 0 0 0 0 0 0 0 0 0 0 0 0 0],"tf.Tensor([1.7614979 1.3844073 1.2699506 1.1133263 1.6306368 3.       ], shape=(6,), dtype=float32)",24.0,[5 1 0 0 0 0 0 2 5 6 4 6 0 0 0 12 0 0 0 0 0 0 0 0 0],False,"tf.Tensor(
[[ 1.7614979   1.3844073   1.2699506   1.1133263   1.6306368   0.39072448
   0.5731493   0.582123    1.8573341   0.00695815  0.5529592  -0.33470616
   1.5210098   0.2708537   1.0910534   1.4982758   0.9662004   0.45734942]], shape=(1, 18), dtype=float32)"
1934,[5 1 0 0 0 0 0 2 5 6 4 6 0 0 0 12 0 0 0 0 0 0 0 0 0],[0 1 1 1 0 3],0.30000000000000004,[5 2 3 5 5 0 0 5 0 0 0 5 0 0 0 12 0 0 0 0 0 0 0 0 0],False,"tf.Tensor(
[[ 1.38461     1.4389184   0.6742589   1.4560667   0.84500897  0.29153195
  -0.5580795   1.0566608   0.5543561  -0.435839    0.4168445  -0.8491366
   1.3407243  -0.3553683   0.9811412   1.322923    0.9540619   0.47512025]], shape=(1, 18), dtype=float32)"
1935,[5 2 3 5 5 0 0 5 0 0 0 5 0 0 0 12 0 0 0 0 0 0 0 0 0],"tf.Tensor([ 1.5657609   1.0290235   0.72475684  1.8346546   0.8799917  10.        ], shape=(6,), dtype=float32)",0.1,[5 3 3 5 5 5 0 0 0 0 0 4 0 0 0 12 0 0 0 0 0 0 0 0 0],False,"tf.Tensor(
[[ 1.5657609   1.0290235   0.72475684  1.8346546   0.8799917   0.03610878
  -0.25641993  1.0116053   0.7087406   0.06872644  0.5544409  -0.81220675
   1.2735413  -0.79004943  1.4142992   1.7148335   0.9935046   0.7596272 ]], shape=(1, 18), dtype=float32)"
1936,[5 3 3 5 5 5 0 0 0 0 0 4 0 0 0 12 0 0 0 0 0 0 0 0 0],"tf.Tensor([ 1.859371   1.2064373  0.6528027  1.9135373  0.7760853 10.       ], shape=(6,), dtype=float32)",0.0,[6 1 0 0 0 0 0 6 3 5 5 3 0 0 0 12 0 0 0 0 0 0 0 0 0],False,"tf.Tensor(
[[ 1.859371    1.2064373   0.6528027   1.9135373   0.7760853   0.1681191
  -0.63298744  1.3729988   0.43463725 -0.34927315  0.7916594  -0.5391625
   1.172272   -0.67017996  0.98646367  1.8978463   0.8668268   0.91315323]], shape=(1, 18), dtype=float32)"
1937,[6 1 0 0 0 0 0 6 3 5 5 3 0 0 0 12 0 0 0 0 0 0 0 0 0],"tf.Tensor([1.4354335  1.5821834  0.5295897  1.4802024  0.95366806 7.        ], shape=(6,), dtype=float32)",0.4,[6 2 6 2 4 3 0 0 0 3 0 0 0 0 0 12 0 0 0 0 0 0 0 0 0],False,"tf.Tensor(
[[ 1.4354335   1.5821834   0.5295897   1.4802024   0.95366806  0.03696634
  -0.7853257   1.221057    0.57042325  0.06656241  0.43909228 -0.8603107
   1.306748   -0.06677669  1.0320729   1.1036552   0.9958315   0.4138695 ]], shape=(1, 18), dtype=float32)"
1938,[6 2 6 2 4 3 0 0 0 3 0 0 0 0 0 12 0 0 0 0 0 0 0 0 0],"tf.Tensor([ 1.2254362   1.1114222  -0.05321199  1.412169    0.74784315 10.        ], shape=(6,), dtype=float32)",0.0,[6 3 6 2 4 3 0 0 0 1 0 0 0 0 0 12 0 0 0 0 0 0 0 0 0],False,"tf.Tensor(
[[ 1.2254362   1.1114222  -0.05321199  1.412169    0.74784315  0.42288628
  -0.37386355  0.80239433  0.14888863 -0.38818097  0.10484396 -0.40359268
   1.1417133  -0.07783908  0.6473886   1.2204626   0.962571    0.81487924]], shape=(1, 18), dtype=float32)"
1939,[6 3 6 2 4 3 0 0 0 1 0 0 0 0 0 12 0 0 0 0 0 0 0 0 0],"tf.Tensor([ 1.2009212  1.0860523  0.046227   1.6300552  0.731272  10.       ], shape=(6,), dtype=float32)",0.0,[7 1 0 0 0 0 0 6 2 3 4 3 0 0 0 12 0 0 0 0 0 0 0 0 0],False,"tf.Tensor(
[[ 1.2009212   1.0860523   0.046227    1.6300552   0.731272    0.13801128
  -0.42784834  0.9074213   0.01084594 -0.27714896  0.34255117 -0.53678834
   1.225933   -0.25639707  0.70449364  1.4258136   0.8715494   0.83900917]], shape=(1, 18), dtype=float32)"
1940,[7 1 0 0 0 0 0 6 2 3 4 3 0 0 0 12 0 0 0 0 0 0 0 0 0],"tf.Tensor([1.3651441  1.5877308  0.44931173 1.4092693  1.0707792  7.        ], shape=(6,), dtype=float32)",0.4,[7 2 3 6 3 4 0 0 0 4 0 0 0 0 0 12 0 0 0 0 0 0 0 0 0],False,"tf.Tensor(
[[ 1.3651441   1.5877308   0.44931173  1.4092693   1.0707792  -0.11358046
  -0.7260551   1.1575891   0.6473017   0.19376951  0.29164195 -1.0280645
   1.2207102   0.0210421   0.99212795  0.9281008   1.0147651   0.33210233]], shape=(1, 18), dtype=float32)"
1941,[7 2 3 6 3 4 0 0 0 4 0 0 0 0 0 12 0 0 0 0 0 0 0 0 0],"tf.Tensor([1.2811247  1.4053812  0.00938601 1.2579428  0.7770282  2.        ], shape=(6,), dtype=float32)",0.0,[7 3 3 6 3 4 0 0 0 2 0 0 0 0 0 12 0 0 0 0 0 0 0 0 0],False,"tf.Tensor(
[[ 1.2811247   1.4053812   0.00938601  1.2579428   0.7770282   0.28928626
  -0.6160138   1.3605524   0.04794504 -0.42550853  0.12395965 -0.22259644
   1.2570331   0.0392669   0.640137    0.95665     1.2205895   0.4702116 ]], shape=(1, 18), dtype=float32)"
1942,[7 3 3 6 3 4 0 0 0 2 0 0 0 0 0 12 0 0 0 0 0 0 0 0 0],"tf.Tensor([1.3228855  1.3314228  0.02227587 1.3804936  0.7185496  2.        ], shape=(6,), dtype=float32)",12.0,[8 1 0 0 0 0 0 3 6 6 3 4 0 0 6 12 0 0 0 0 0 0 0 0 0],False,"tf.Tensor(
[[ 1.3228855   1.3314228   0.02227587  1.3804936   0.7185496   0.24849418
  -0.6007048   1.2989945   0.09801148 -0.28614134  0.19761108 -0.2784464
   1.1997663  -0.06602497  0.74329776  1.0792176   1.1531483   0.58257926]], shape=(1, 18), dtype=float32)"
1943,[8 1 0 0 0 0 0 3 6 6 3 4 0 0 6 12 0 0 0 0 0 0 0 0 0],[1 0 1 0 1 7],0.30000000000000004,[8 2 4 3 4 0 0 0 1 0 4 0 0 0 6 12 0 0 0 0 0 0 0 0 0],False,"tf.Tensor(
[[ 1.6739329   1.8315446   0.25329885  1.2291793   1.0111113   0.435323
  -0.6261599   1.505134    0.6978586  -0.37742493  0.15183118 -0.30009067
   1.3901227   0.12136744  1.0092118   0.7954668   1.6248779   0.27993467]], shape=(1, 18), dtype=float32)"
1944,[8 2 4 3 4 0 0 0 1 0 4 0 0 0 6 12 0 0 0 0 0 0 0 0 0],"tf.Tensor([ 1.4294984   1.4546409   0.10986871  1.2001318   1.5919818  11.        ], shape=(6,), dtype=float32)",0.2,[8 3 4 3 4 1 4 0 0 0 0 0 0 0 6 12 0 0 0 0 0 0 0 0 0],False,"tf.Tensor(
[[ 1.4294984   1.4546409   0.10986871  1.2001318   1.5919818   0.537955
   0.03854654  0.8946443   1.1019111   0.03554546 -0.267892   -0.58631694
   1.4786541   0.17840393  1.0077827   0.9953793   1.6414878   0.3786104 ]], shape=(1, 18), dtype=float32)"
1945,[8 3 4 3 4 1 4 0 0 0 0 0 0 0 6 12 0 0 0 0 0 0 0 0 0],"tf.Tensor([ 1.464052    1.5400794   0.05655545  1.209859    1.4186732  11.        ], shape=(6,), dtype=float32)",0.0,[9 1 0 0 0 0 0 4 3 3 4 4 0 0 6 12 0 0 0 0 0 0 0 0 0],False,"tf.Tensor(
[[ 1.464052    1.5400794   0.05655545  1.209859    1.4186732   0.7765733
  -0.06705648  0.67465526  1.1264817  -0.16452791 -0.28982872 -0.618577
   1.4427239   0.2997884   0.90806973  0.96142524  1.485207    0.57023555]], shape=(1, 18), dtype=float32)"
1946,[9 1 0 0 0 0 0 4 3 3 4 4 0 0 6 12 0 0 0 0 0 0 0 0 0],"tf.Tensor([ 1.8275381   2.049787    0.30434877  1.186431    1.2434045  11.        ], shape=(6,), dtype=float32)",0.4,[9 2 2 1 6 5 0 0 0 3 0 0 0 0 6 12 0 0 0 0 0 0 0 0 0],False,"tf.Tensor(
[[ 1.8275381   2.049787    0.30434877  1.186431    1.2434045   0.32341036
  -0.48344472  1.3586862   1.333113    0.05286537  0.18913545 -0.5518569
   1.2424415   0.37757197  1.1089859   0.68293643  1.6889296   0.229855  ]], shape=(1, 18), dtype=float32)"
1947,[9 2 2 1 6 5 0 0 0 3 0 0 0 0 6 12 0 0 0 0 0 0 0 0 0],"tf.Tensor([ 1.9174832   2.1916387   0.09964982  1.5022781   1.1016711  11.        ], shape=(6,), dtype=float32)",0.0,[9 3 2 1 6 5 0 0 0 5 0 0 0 0 6 12 0 0 0 0 0 0 0 0 0],False,"tf.Tensor(
[[ 1.9174832   2.1916387   0.09964982  1.5022781   1.1016711   0.62298346
  -0.6602244   1.5993243   0.865336   -0.45189193  0.04441574 -0.68153226
   1.2981704   0.04312311  0.98810285  1.1539459   1.725301    0.4476494 ]], shape=(1, 18), dtype=float32)"
1948,[9 3 2 1 6 5 0 0 0 5 0 0 0 0 6 12 0 0 0 0 0 0 0 0 0],"tf.Tensor([ 1.8680393   2.2184925   0.03682591  1.3499769   1.0661806  11.        ], shape=(6,), dtype=float32)",0.0,[10 1 0 0 0 0 0 2 1 2 6 5 0 0 6 12 0 0 0 0 0 0 0 0 0],False,"tf.Tensor(
[[ 1.8680393   2.2184925   0.03682591  1.3499769   1.0661806   0.73225456
  -0.7885895   1.6135471   0.7713944  -0.6241633   0.00326429 -0.518165
   1.3325754   0.1983445   0.8219014   0.9093969   1.7610933   0.37316203]], shape=(1, 18), dtype=float32)"
1949,[10 1 0 0 0 0 0 2 1 2 6 5 0 0 6 12 0 0 0 0 0 0 0 0 0],"tf.Tensor([1.8873833  1.8826064  0.51249903 1.0705584  1.5280522  3.        ], shape=(6,), dtype=float32)",0.4,[10 2 5 2 2 6 0 0 0 5 0 0 0 0 6 12 0 0 0 0 0 0 0 0 0],False,"tf.Tensor(
[[ 1.8873833   1.8826064   0.51249903  1.0705584   1.5280522   0.36775088
   0.0941131   1.0129323   1.8992686   0.28807306  0.1492342  -0.60929906
   1.2109799   0.44505286  1.1422906   0.8416725   1.5995661   0.27123034]], shape=(1, 18), dtype=float32)"
1950,[10 2 5 2 2 6 0 0 0 5 0 0 0 0 6 12 0 0 0 0 0 0 0 0 0],"tf.Tensor([ 1.4958061   1.6848367  -0.0281309   0.93873584  1.0815573  11.        ], shape=(6,), dtype=float32)",0.0,[10 3 5 2 2 6 0 0 0 5 0 0 0 0 6 12 0 0 0 0 0 0 0 0 0],False,"tf.Tensor(
[[ 1.4958061   1.6848367  -0.0281309   0.93873584  1.0815573   0.6854345
  -0.53117007  1.1842896   0.7279564  -0.49640518 -0.04824413 -0.12303278
   1.2684554   0.39342216  0.6996785   0.50744444  1.6206911   0.24603215]], shape=(1, 18), dtype=float32)"
1951,[10 3 5 2 2 6 0 0 0 5 0 0 0 0 6 12 0 0 0 0 0 0 0 0 0],"tf.Tensor([ 1.4961337   1.7363766   0.01547953  0.90049154  1.1181668  11.        ], shape=(6,), dtype=float32)",0.0,[11 1 0 0 0 0 0 5 2 2 2 6 0 0 6 12 0 0 0 0 0 0 0 0 0],False,"tf.Tensor(
[[ 1.4961337   1.7363766   0.01547953  0.90049154  1.1181668   0.6492144
  -0.544504    1.2408906   0.77542454 -0.46506482 -0.03533261 -0.11896846
   1.3077917   0.424754    0.7204858   0.44166556  1.6641569   0.1657984 ]], shape=(1, 18), dtype=float32)"
1952,[11 1 0 0 0 0 0 5 2 2 2 6 0 0 6 12 0 0 0 0 0 0 0 0 0],"tf.Tensor([ 1.9152466   2.2160082   0.49458498  1.1085178   1.239268   11.        ], shape=(6,), dtype=float32)",0.4,[11 2 1 5 6 6 0 0 0 6 0 0 0 0 6 12 0 0 0 0 0 0 0 0 0],False,"tf.Tensor(
[[ 1.9152466   2.2160082   0.49458498  1.1085178   1.239268    0.2709912
  -0.4571835   1.5204214   1.5320678   0.21546176  0.10246028 -0.6836157
   1.328581    0.4551163   1.4029474   0.58008844  1.8485072   0.10981713]], shape=(1, 18), dtype=float32)"
1953,[11 2 1 5 6 6 0 0 0 6 0 0 0 0 6 12 0 0 0 0 0 0 0 0 0],[1 1 1 0 1 4],0.1,[11 3 1 5 6 6 6 0 0 0 0 0 0 0 6 12 0 0 0 0 0 0 0 0 0],False,"tf.Tensor(
[[ 2.1472342   2.4326897   0.1487908   1.5123323   1.3040463   0.7870371
  -0.49053374  1.8840505   1.0525506  -0.6586242  -0.11533147 -0.5435556
   1.4920424   0.07016832  1.0177375   1.2533232   2.037614    0.42611912]], shape=(1, 18), dtype=float32)"
1954,[11 3 1 5 6 6 6 0 0 0 0 0 0 0 6 12 0 0 0 0 0 0 0 0 0],"tf.Tensor([ 2.7667868  2.3327339  0.438928   2.1198218  1.56205   10.       ], shape=(6,), dtype=float32)",0.0,[12 1 0 0 0 0 0 1 5 2 6 6 0 0 6 12 0 0 0 0 0 0 0 0 0],False,"tf.Tensor(
[[ 2.7667868   2.3327339   0.438928    2.1198218   1.56205     1.2593684
  -0.6890143   1.3317069   1.882615   -0.3528368   0.04762425 -0.9727291
   1.6858469   0.19890977  1.2354233   1.9102412   1.721636    1.3399006 ]], shape=(1, 18), dtype=float32)"
1955,[12 1 0 0 0 0 0 1 5 2 6 6 0 0 6 12 0 0 0 0 0 0 0 0 0],"tf.Tensor([2.2984507  2.061938   0.66961485 1.5189868  1.6164019  3.        ], shape=(6,), dtype=float32)",0.4,[12 2 2 4 3 1 0 0 0 2 0 0 0 0 6 12 0 0 0 0 0 0 0 0 0],False,"tf.Tensor(
[[ 2.2984507   2.061938    0.66961485  1.5189868   1.6164019   0.46126425
  -0.04182499  1.208619    1.935199    0.22036955  0.22215985 -0.6985935
   1.4993576   0.2744366   1.444086    1.2599297   1.7516336   0.5872997 ]], shape=(1, 18), dtype=float32)"
1956,[12 2 2 4 3 1 0 0 0 2 0 0 0 0 6 12 0 0 0 0 0 0 0 0 0],"tf.Tensor([ 1.6069202   1.6243579   0.17410216  1.2446347   1.2928586  11.        ], shape=(6,), dtype=float32)",0.0,[12 3 2 4 3 1 0 0 0 1 0 0 0 0 6 12 0 0 0 0 0 0 0 0 0],False,"tf.Tensor(
[[ 1.6069202   1.6243579   0.17410216  1.2446347   1.2928586   0.484169
  -0.26897922  1.3135434   0.7801366  -0.3549907   0.00445217 -0.2611234
   1.483159    0.12376197  0.8845466   0.95625263  1.6623038   0.3750606 ]], shape=(1, 18), dtype=float32)"
1957,[12 3 2 4 3 1 0 0 0 1 0 0 0 0 6 12 0 0 0 0 0 0 0 0 0],"tf.Tensor([ 1.6579115   1.7100691   0.20405543  1.2962886   1.3263738  11.        ], shape=(6,), dtype=float32)",0.0,[13 1 0 0 0 0 0 2 4 6 3 1 0 0 6 12 0 0 0 0 0 0 0 0 0],False,"tf.Tensor(
[[ 1.6579115   1.7100691   0.20405543  1.2962886   1.3263738   0.40328038
  -0.36730292  1.431583    0.78095776 -0.25742394  0.05517593 -0.32230884
   1.4966725   0.13042389  0.9303322   0.97452474  1.6778606   0.33785677]], shape=(1, 18), dtype=float32)"
1958,[13 1 0 0 0 0 0 2 4 6 3 1 0 0 6 12 0 0 0 0 0 0 0 0 0],"tf.Tensor([ 1.8860477   1.7218032   0.17181855  1.1722053   1.2589763  11.        ], shape=(6,), dtype=float32)",0.4,[13 2 3 6 5 6 0 0 0 5 0 0 0 0 6 12 0 0 0 0 0 0 0 0 0],False,"tf.Tensor(
[[ 1.8860477   1.7218032   0.17181855  1.1722053   1.2589763   0.740742
  -0.255632    1.3001109   1.0221925  -0.43657663 -0.02574863  0.02592173
   1.4618953   0.49732298  0.84905225  0.75160205  1.7878954   0.49430302]], shape=(1, 18), dtype=float32)"
1959,[13 2 3 6 5 6 0 0 0 5 0 0 0 0 6 12 0 0 0 0 0 0 0 0 0],"tf.Tensor([ 2.20554     2.2484546   0.34169328  1.4356787   1.4702545  11.        ], shape=(6,), dtype=float32)",0.0,[13 3 3 6 5 6 0 0 0 3 0 0 0 0 6 12 0 0 0 0 0 0 0 0 0],False,"tf.Tensor(
[[ 2.20554     2.2484546   0.34169328  1.4356787   1.4702545   0.72617036
  -0.24067521  1.8125143   1.2434201  -0.58919615 -0.02140902 -0.30088758
   1.6444937   0.12741525  1.071733    1.208238    2.1119947   0.38632992]], shape=(1, 18), dtype=float32)"
1960,[13 3 3 6 5 6 0 0 0 3 0 0 0 0 6 12 0 0 0 0 0 0 0 0 0],"tf.Tensor([ 2.2045023  2.1243355  0.468989   1.5516435  1.4514471 11.       ], shape=(6,), dtype=float32)",0.0,[14 1 0 0 0 0 0 3 6 6 5 6 0 0 6 12 0 0 0 0 0 0 0 0 0],True,"tf.Tensor(
[[ 2.2045023   2.1243355   0.468989    1.5516435   1.4514471   0.54840726
  -0.32657924  1.8829348   1.0977476  -0.478248    0.10154589 -0.31815383
   1.711999   -0.02192045  1.1790682   1.2915615   2.051813    0.4229882 ]], shape=(1, 18), dtype=float32)"
1961,[1 1 0 0 0 0 0 1 2 6 4 5 0 0 0 0 0 0 0 0 0 0 0 0 0],"tf.Tensor([1.1295744 1.1963172 1.0973365 0.7169822 1.1382903 7.       ], shape=(6,), dtype=float32)",0.4,[1 2 1 2 6 5 0 0 0 0 5 0 0 0 0 0 0 0 0 0 0 0 0 0 0],False,"tf.Tensor(
[[ 1.1295744   1.1963172   1.0973365   0.7169822   1.1382903  -0.17315374
   0.4910254   0.33686715  0.88438565  0.01379073  0.8385826   0.3889578
   1.2440269   0.8669429   0.55498755  1.2041383   0.7517265  -0.00806353]], shape=(1, 18), dtype=float32)"
1962,[1 2 1 2 6 5 0 0 0 0 5 0 0 0 0 0 0 0 0 0 0 0 0 0 0],"tf.Tensor([ 1.2001489   0.9686455   1.0361724   1.3603463   0.66365546 10.        ], shape=(6,), dtype=float32)",0.1,[1 3 1 2 6 5 5 0 0 0 0 0 0 0 0 0 0 0 0 0 0 0 0 0 0],False,"tf.Tensor(
[[ 1.2001489   0.9686455   1.0361724   1.3603463   0.66365546 -0.10801972
   0.23349439  0.639456    0.80730015 -0.19689608  0.63657504 -0.09594107
   0.8698067  -0.5537159   1.0795903   1.6479409   0.5362138   0.5817681 ]], shape=(1, 18), dtype=float32)"
1963,[1 3 1 2 6 5 5 0 0 0 0 0 0 0 0 0 0 0 0 0 0 0 0 0 0],"tf.Tensor([ 1.4970512  1.2778556  1.3268038  1.322165   1.0390743 10.       ], shape=(6,), dtype=float32)",0.0,[2 1 0 0 0 0 0 1 2 6 4 5 0 0 0 0 0 0 0 0 0 0 0 0 0],False,"tf.Tensor(
[[ 1.4970512   1.2778556   1.3268038   1.322165    1.0390743  -0.00495904
   0.19960767  0.65316546  1.3075057  -0.0218955   0.7991739  -0.42063695
   1.3306236  -0.16447636  1.1219128   1.5261459   0.5395028   0.5687863 ]], shape=(1, 18), dtype=float32)"
1964,[2 1 0 0 0 0 0 1 2 6 4 5 0 0 0 0 0 0 0 0 0 0 0 0 0],[1 0 0 1 0 1],0.2,[2 2 3 6 0 0 0 0 5 2 0 5 0 0 0 0 0 0 0 0 0 0 0 0 0],False,"tf.Tensor(
[[ 1.3031732   1.2046981   1.10384     0.7492452   1.1965677  -0.02217271
   0.6076323   0.35918552  1.0082114  -0.00236615  0.8185926   0.35136896
   1.3292513   0.99696976  0.58616996  1.2778974   0.88048065  0.01248116]], shape=(1, 18), dtype=float32)"
1965,[2 2 3 6 0 0 0 0 5 2 0 5 0 0 0 0 0 0 0 0 0 0 0 0 0],"tf.Tensor([ 1.6243156  0.9782164  1.7305114  1.0723944  1.5050685 10.       ], shape=(6,), dtype=float32)",0.30000000000000004,[2 3 3 6 5 2 5 0 0 0 0 0 0 0 0 0 0 0 0 0 0 0 0 0 0],False,"tf.Tensor(
[[ 1.6243156   0.9782164   1.7305114   1.0723944   1.5050685  -0.04810613
   1.392539    0.4421783   1.583939   -0.1476714   1.1292565  -0.08266088
   1.5740664   0.54021746  0.7810014   2.0784655   1.0573317  -0.10296682]], shape=(1, 18), dtype=float32)"
1966,[2 3 3 6 5 2 5 0 0 0 0 0 0 0 0 0 0 0 0 0 0 0 0 0 0],"tf.Tensor([2.002215  1.4079819 1.5988983 1.3913779 1.5776578 3.       ], shape=(6,), dtype=float32)",0.0,[3 1 0 0 0 0 0 3 2 6 6 1 0 0 0 0 0 0 0 0 0 0 0 0 0],False,"tf.Tensor(
[[ 2.002215    1.4079819   1.5988983   1.3913779   1.5776578   0.26409134
   0.22946016  0.78216153  1.8453779   0.20798114  0.6809755  -0.5865662
   1.6355671  -0.03487732  1.3985904   1.6054459   0.95815796  0.5848297 ]], shape=(1, 18), dtype=float32)"
1967,[3 1 0 0 0 0 0 3 2 6 6 1 0 0 0 0 0 0 0 0 0 0 0 0 0],"tf.Tensor([ 1.7574809  1.3267369  1.0201045  1.0210947  1.2846272 11.       ], shape=(6,), dtype=float32)",0.5,[3 2 1 4 6 2 4 0 0 0 0 0 0 0 0 0 0 0 0 0 0 0 0 0 0],False,"tf.Tensor(
[[ 1.7574809   1.3267369   1.0201045   1.0210947   1.2846272   0.5526189
   0.70943165  0.32615173  1.2902015  -0.0167449   0.39153045  0.10493701
   1.4293141   1.4171615   0.8097857   1.178606    1.6283492   0.05624878]], shape=(1, 18), dtype=float32)"
1968,[3 2 1 4 6 2 4 0 0 0 0 0 0 0 0 0 0 0 0 0 0 0 0 0 0],"tf.Tensor([ 1.9259391  1.2040197  1.429639   1.4307562  1.0959854 10.       ], shape=(6,), dtype=float32)",0.0,[3 3 1 4 6 2 4 0 0 0 0 0 0 0 0 0 0 0 0 0 0 0 0 0 0],False,"tf.Tensor(
[[ 1.9259391   1.2040197   1.429639    1.4307562   1.0959854   0.10433094
   0.041977    0.98763996  1.4046644   0.09759496  0.7736917  -0.44143176
   1.3145826  -0.26523128  1.2050778   1.6041532   0.68777853  0.68472266]], shape=(1, 18), dtype=float32)"
1969,[3 3 1 4 6 2 4 0 0 0 0 0 0 0 0 0 0 0 0 0 0 0 0 0 0],"tf.Tensor([ 1.9451402  1.2270842  1.5312098  1.4383312  1.129398  10.       ], shape=(6,), dtype=float32)",0.0,[4 1 0 0 0 0 0 1 4 6 2 4 0 0 0 0 0 0 0 0 0 0 0 0 0],False,"tf.Tensor(
[[ 1.9451402   1.2270842   1.5312098   1.4383312   1.129398    0.0901771
   0.04108353  0.9788797   1.4887449   0.10784727  0.82925373 -0.47868925
   1.3666924  -0.2719245   1.2255961   1.6121488   0.66480786  0.6640459 ]], shape=(1, 18), dtype=float32)"
1970,[4 1 0 0 0 0 0 1 4 6 2 4 0 0 0 0 0 0 0 0 0 0 0 0 0],"tf.Tensor([ 1.7337557  1.0846384  1.3493168  1.0255903  1.229215  10.       ], shape=(6,), dtype=float32)",0.5,[4 2 5 3 5 4 6 0 0 0 0 0 0 0 0 0 0 0 0 0 0 0 0 0 0],False,"tf.Tensor(
[[ 1.7337557   1.0846384   1.3493168   1.0255903   1.229215    0.27098915
   0.78425574  0.55973834  1.2567441  -0.09847642  0.8378163   0.12079696
   1.4284561   0.8429243   0.7217708   1.5371442   1.1499772   0.10163864]], shape=(1, 18), dtype=float32)"
1971,[4 2 5 3 5 4 6 0 0 0 0 0 0 0 0 0 0 0 0 0 0 0 0 0 0],"tf.Tensor([1.933606  1.591457  1.2878599 1.3865936 1.8854674 7.       ], shape=(6,), dtype=float32)",0.0,[4 3 5 3 5 4 6 0 0 0 0 0 0 0 0 0 0 0 0 0 0 0 0 0 0],False,"tf.Tensor(
[[ 1.933606    1.591457    1.2878599   1.3865936   1.8854674   0.3461404
   0.37406576  0.60128707  1.7791078   0.04211844  0.6999006  -0.3289315
   1.8540088   0.34242144  1.2836885   1.669       1.0933298   0.6528807 ]], shape=(1, 18), dtype=float32)"
1972,[4 3 5 3 5 4 6 0 0 0 0 0 0 0 0 0 0 0 0 0 0 0 0 0 0],"tf.Tensor([1.9828343 1.6006919 1.3869178 1.4322863 1.9115051 7.       ], shape=(6,), dtype=float32)",0.0,[5 1 0 0 0 0 0 5 3 5 4 6 0 0 0 0 0 0 0 0 0 0 0 0 0],False,"tf.Tensor(
[[ 1.9828343   1.6006919   1.3869178   1.4322863   1.9115051   0.31471992
   0.36056346  0.63594973  1.8162091   0.0588932   0.7537389  -0.36197722
   1.9069893   0.3055747   1.3221327   1.7158163   1.0867848   0.6578133 ]], shape=(1, 18), dtype=float32)"
1973,[5 1 0 0 0 0 0 5 3 5 4 6 0 0 0 0 0 0 0 0 0 0 0 0 0],"tf.Tensor([1.9336995  1.611217   1.0894243  0.78618026 1.7975463  3.        ], shape=(6,), dtype=float32)",0.4,[5 2 4 6 2 1 0 0 0 0 6 0 0 0 0 0 0 0 0 0 0 0 0 0 0],False,"tf.Tensor(
[[ 1.9336995   1.611217    1.0894243   0.78618026  1.7975463   0.85886943
   1.0973022   0.5263573   1.9208137  -0.28363287  0.531078    0.12022182
   1.7834285   1.3201646   0.9042078   1.2594082   1.7211396  -0.00946506]], shape=(1, 18), dtype=float32)"
1974,[5 2 4 6 2 1 0 0 0 0 6 0 0 0 0 0 0 0 0 0 0 0 0 0 0],"tf.Tensor([ 1.8056955  1.1545811  1.2078707  1.1012521  1.4527447 10.       ], shape=(6,), dtype=float32)",0.1,[5 3 4 6 2 1 6 0 0 0 0 0 0 0 0 0 0 0 0 0 0 0 0 0 0],False,"tf.Tensor(
[[ 1.8056955   1.1545811   1.2078707   1.1012521   1.4527447   0.14644332
   0.5552551   0.6010576   1.5663663   0.29423925  0.5355301  -0.25119746
   1.3497326   0.46200415  0.98518664  1.7190659   0.93439853  0.34581727]], shape=(1, 18), dtype=float32)"
1975,[5 3 4 6 2 1 6 0 0 0 0 0 0 0 0 0 0 0 0 0 0 0 0 0 0],"tf.Tensor([2.0392041 1.4483659 1.6171013 1.4249222 1.590227  3.       ], shape=(6,), dtype=float32)",8.0,[6 1 0 0 0 0 0 4 6 2 3 1 0 0 0 4 0 0 0 0 0 0 0 0 0],False,"tf.Tensor(
[[ 2.0392041   1.4483659   1.6171013   1.4249222   1.590227    0.38103202
   0.30851823  0.7364188   1.8665073   0.14498213  0.7108061  -0.6463002
   1.6940644   0.24420145  1.1664397   1.6541893   0.95574826  0.5288554 ]], shape=(1, 18), dtype=float32)"
1976,[6 1 0 0 0 0 0 4 6 2 3 1 0 0 0 4 0 0 0 0 0 0 0 0 0],"tf.Tensor([1.3930573  1.0697184  0.58644533 1.15538    1.0421178  7.        ], shape=(6,), dtype=float32)",0.4,[6 2 4 5 2 3 0 0 0 4 0 0 0 0 0 4 0 0 0 0 0 0 0 0 0],False,"tf.Tensor(
[[ 1.3930573   1.0697184   0.58644533  1.15538     1.0421178   0.4123139
   0.21284159  0.73432505  0.89944464 -0.19453046  0.33832726 -0.17148411
   1.2524074   0.22329155  0.8515679   0.9684254   1.0172441   0.5094509 ]], shape=(1, 18), dtype=float32)"
1977,[6 2 4 5 2 3 0 0 0 4 0 0 0 0 0 4 0 0 0 0 0 0 0 0 0],"tf.Tensor([1.618789   0.9774243  0.8368009  0.8962963  0.81236583 3.        ], shape=(6,), dtype=float32)",0.0,[6 3 4 5 2 3 0 0 0 2 0 0 0 0 0 4 0 0 0 0 0 0 0 0 0],False,"tf.Tensor(
[[ 1.618789    0.9774243   0.8368009   0.8962963   0.81236583  0.48871502
   0.26670587  0.83259636  1.1979314  -0.15605205  0.3464657  -0.05632288
   0.9703422   0.22226563  0.6646618   0.87382966  1.077021    0.28869936]], shape=(1, 18), dtype=float32)"
1978,[6 3 4 5 2 3 0 0 0 2 0 0 0 0 0 4 0 0 0 0 0 0 0 0 0],"tf.Tensor([1.4765416  0.8454652  0.93011457 0.8764836  0.81367034 3.        ], shape=(6,), dtype=float32)",0.0,[7 1 0 0 0 0 0 4 5 2 2 3 0 0 0 4 0 0 0 0 0 0 0 0 0],False,"tf.Tensor(
[[ 1.4765416   0.8454652   0.93011457  0.8764836   0.81367034  0.32436875
   0.33539927  0.9113082   1.078227   -0.10862117  0.28646272 -0.04769653
   1.0117064  -0.05364304  0.80478317  0.91768044  1.0469093   0.2694585 ]], shape=(1, 18), dtype=float32)"
1979,[7 1 0 0 0 0 0 4 5 2 2 3 0 0 0 4 0 0 0 0 0 0 0 0 0],"tf.Tensor([1.5881902 1.0507685 0.8355856 1.0674071 1.110802  7.       ], shape=(6,), dtype=float32)",0.4,[7 2 1 6 4 4 0 0 0 5 0 0 0 0 0 4 0 0 0 0 0 0 0 0 0],False,"tf.Tensor(
[[ 1.5881902   1.0507685   0.8355856   1.0674071   1.110802    0.4182395
   0.4093278   0.78347784  1.134291   -0.15098253  0.38436604 -0.08128581
   1.2703778   0.25445625  0.9147678   1.0555437   1.0512805   0.4859746 ]], shape=(1, 18), dtype=float32)"
1980,[7 2 1 6 4 4 0 0 0 5 0 0 0 0 0 4 0 0 0 0 0 0 0 0 0],"tf.Tensor([ 1.9832329  1.2814665  1.0405962  1.2750905  0.9552343 10.       ], shape=(6,), dtype=float32)",0.1,[7 3 1 6 4 4 5 0 0 0 0 0 0 0 0 4 0 0 0 0 0 0 0 0 0],False,"tf.Tensor(
[[ 1.9832329   1.2814665   1.0405962   1.2750905   0.9552343   0.34393874
   0.23929338  1.1838951   1.2877831  -0.21680066  0.6010292  -0.08893548
   1.1663611   0.07664412  0.81423753  1.4387727   0.99016315  0.5371239 ]], shape=(1, 18), dtype=float32)"
1981,[7 3 1 6 4 4 5 0 0 0 0 0 0 0 0 4 0 0 0 0 0 0 0 0 0],"tf.Tensor([ 2.2345748  1.1822928  1.2978832  1.7206725  0.9226926 10.       ], shape=(6,), dtype=float32)",0.0,[8 1 0 0 0 0 0 1 6 2 4 4 0 0 0 4 0 0 0 0 0 0 0 0 0],False,"tf.Tensor(
[[ 2.2345748   1.1822928   1.2978832   1.7206725   0.9226926   0.5335605
  -0.18566693  0.9186447   1.6126114   0.03331219  0.8335098  -0.45892152
   1.2272284  -0.30598179  1.1596197   1.8719974   0.58951664  1.0732062 ]], shape=(1, 18), dtype=float32)"
1982,[8 1 0 0 0 0 0 1 6 2 4 4 0 0 0 4 0 0 0 0 0 0 0 0 0],"tf.Tensor([1.8029759 1.1146599 1.214019  1.145798  1.3844199 3.       ], shape=(6,), dtype=float32)",0.5,[8 2 1 5 4 1 4 0 0 0 0 0 0 0 0 4 0 0 0 0 0 0 0 0 0],False,"tf.Tensor(
[[ 1.8029759   1.1146599   1.214019    1.145798    1.3844199   0.44173452
   0.36324072  0.68583363  1.4917485  -0.22780076  0.5578663  -0.14316905
   1.4592131   0.03637587  0.9046888   1.2988517   1.0844843   0.53529865]], shape=(1, 18), dtype=float32)"
1983,[8 2 1 5 4 1 4 0 0 0 0 0 0 0 0 4 0 0 0 0 0 0 0 0 0],"tf.Tensor([ 1.9193757   1.0427821   0.99240214  1.5171084   0.9401617  10.        ], shape=(6,), dtype=float32)",0.0,[8 3 1 5 4 1 4 0 0 0 0 0 0 0 0 4 0 0 0 0 0 0 0 0 0],False,"tf.Tensor(
[[ 1.9193757   1.0427821   0.99240214  1.5171084   0.9401617   0.48948884
  -0.1156183   0.67264897  1.3759743   0.11209445  0.59688264 -0.36987957
   1.1666012  -0.1309059   0.9276225   1.884576    0.49712044  1.0605758 ]], shape=(1, 18), dtype=float32)"
1984,[8 3 1 5 4 1 4 0 0 0 0 0 0 0 0 4 0 0 0 0 0 0 0 0 0],"tf.Tensor([ 1.9673806  1.0943228  1.0827942  1.5089799  0.9699926 10.       ], shape=(6,), dtype=float32)",0.0,[9 1 0 0 0 0 0 1 5 4 1 4 0 0 0 4 0 0 0 0 0 0 0 0 0],False,"tf.Tensor(
[[ 1.9673806   1.0943228   1.0827942   1.5089799   0.9699926   0.48873094
  -0.14165665  0.6718243   1.4906676   0.1411303   0.6296537  -0.41477048
   1.1697868  -0.13144869  0.9512324   1.8999647   0.4673961   1.0489999 ]], shape=(1, 18), dtype=float32)"
1985,[9 1 0 0 0 0 0 1 5 4 1 4 0 0 0 4 0 0 0 0 0 0 0 0 0],"tf.Tensor([1.862119  1.055215  1.0246966 1.1322567 1.4917339 7.       ], shape=(6,), dtype=float32)",0.5,[9 2 5 1 4 1 3 0 0 0 0 0 0 0 0 4 0 0 0 0 0 0 0 0 0],False,"tf.Tensor(
[[ 1.862119    1.055215    1.0246966   1.1322567   1.4917339   0.55922467
   0.5858066   0.7018312   1.3740878  -0.3732549   0.52549314  0.1857932
   1.537401    0.30305526  0.73305255  1.337188    1.3196665   0.52850556]], shape=(1, 18), dtype=float32)"
1986,[9 2 5 1 4 1 3 0 0 0 0 0 0 0 0 4 0 0 0 0 0 0 0 0 0],"tf.Tensor([ 1.646777    0.7225069   0.74940646  1.4876031   1.0603611  10.        ], shape=(6,), dtype=float32)",0.0,[9 3 5 1 4 1 3 0 0 0 0 0 0 0 0 4 0 0 0 0 0 0 0 0 0],False,"tf.Tensor(
[[ 1.646777    0.7225069   0.74940646  1.4876031   1.0603611   0.44972703
   0.21177958  0.6404029   0.9191058  -0.15162489  0.38743934 -0.10688534
   1.2971327  -0.19255     0.93213826  1.7907507   0.5828516   1.0961959 ]], shape=(1, 18), dtype=float32)"
1987,[9 3 5 1 4 1 3 0 0 0 0 0 0 0 0 4 0 0 0 0 0 0 0 0 0],[0 0 0 1 0 3],0.0,[10 1 0 0 0 0 0 5 1 4 1 3 0 0 0 4 0 0 0 0 0 0 0 0 0],False,"tf.Tensor(
[[ 1.7203797   0.7678438   0.8626103   1.4802547   1.1003944   0.43581122
   0.23012131  0.68356293  1.0508147  -0.10246586  0.43218368 -0.12732925
   1.3154445  -0.17641336  0.96751565  1.7904091   0.59991676  1.0513358 ]], shape=(1, 18), dtype=float32)"
1988,[10 1 0 0 0 0 0 5 1 4 1 3 0 0 0 4 0 0 0 0 0 0 0 0 0],"tf.Tensor([1.8826548  1.153294   0.63708884 1.0524851  1.2102187  7.        ], shape=(6,), dtype=float32)",0.4,[10 2 2 5 2 3 0 0 0 2 0 0 0 0 0 4 0 0 0 0 0 0 0 0 0],False,"tf.Tensor(
[[ 1.8826548   1.153294    0.63708884  1.0524851   1.2102187   0.8664568
   0.69619644  0.732457    1.293527   -0.3423492   0.14186901  0.14139086
   1.5359206   0.7136462   0.8983463   1.1405302   1.4962939   0.53376746]], shape=(1, 18), dtype=float32)"
1989,[10 2 2 5 2 3 0 0 0 2 0 0 0 0 0 4 0 0 0 0 0 0 0 0 0],"tf.Tensor([1.651458   0.81504846 0.9200006  0.9513887  1.2071425  3.        ], shape=(6,), dtype=float32)",0.1,[10 3 2 5 2 3 2 0 0 0 0 0 0 0 0 4 0 0 0 0 0 0 0 0 0],False,"tf.Tensor(
[[ 1.651458    0.81504846  0.9200006   0.9513887   1.2071425   0.5838412
   0.5894019   0.8929428   1.3826659  -0.24964067  0.23821849  0.0929359
   1.2155223   0.07073409  0.69584364  1.2669966   1.0990627   0.3879128 ]], shape=(1, 18), dtype=float32)"
1990,[10 3 2 5 2 3 2 0 0 0 0 0 0 0 0 4 0 0 0 0 0 0 0 0 0],"tf.Tensor([1.7587653 0.9022427 0.9543449 1.1229134 1.2516074 3.       ], shape=(6,), dtype=float32)",-8.0,[11 1 0 0 0 0 0 2 5 3 2 3 0 0 0 0 0 0 0 0 0 0 0 0 0],False,"tf.Tensor(
[[ 1.7587653   0.9022427   0.9543449   1.1229134   1.2516074   0.6256351
   0.3033753   0.9002005   1.4819397  -0.11621086  0.31715518 -0.04553112
   1.2269729  -0.03317275  0.7547155   1.474859    0.8574901   0.64564073]], shape=(1, 18), dtype=float32)"
1991,[11 1 0 0 0 0 0 2 5 3 2 3 0 0 0 0 0 0 0 0 0 0 0 0 0],"tf.Tensor([2.4720623 1.6259607 1.1561717 1.4270387 2.1649542 7.       ], shape=(6,), dtype=float32)",0.5,[11 2 6 3 1 2 4 0 0 0 0 0 0 0 0 0 0 0 0 0 0 0 0 0 0],False,"tf.Tensor(
[[ 2.4720623   1.6259607   1.1561717   1.4270387   2.1649542   0.9625987
   1.0596896   0.76851636  1.9894074  -0.36056438  0.60553396  0.20557088
   2.1054912   1.337377    0.76936334  1.5823325   2.000621    0.4120362 ]], shape=(1, 18), dtype=float32)"
1992,[11 2 6 3 1 2 4 0 0 0 0 0 0 0 0 0 0 0 0 0 0 0 0 0 0],"tf.Tensor([2.4285858 1.5092392 1.2002887 1.6084323 2.038893  7.       ], shape=(6,), dtype=float32)",0.0,[11 3 6 3 1 2 4 0 0 0 0 0 0 0 0 0 0 0 0 0 0 0 0 0 0],False,"tf.Tensor(
[[ 2.4285858   1.5092392   1.2002887   1.6084323   2.038893    1.000796
   0.96627563  0.7201457   2.0082042  -0.32121328  0.37326184 -0.09363505
   2.1249833   0.790583    0.7961427   2.069408    1.5197196   0.8836155 ]], shape=(1, 18), dtype=float32)"
1993,[11 3 6 3 1 2 4 0 0 0 0 0 0 0 0 0 0 0 0 0 0 0 0 0 0],"tf.Tensor([2.5076547 1.5174778 1.3129716 1.5909809 2.088764  3.       ], shape=(6,), dtype=float32)",8.0,[12 1 0 0 0 0 0 6 3 1 2 4 0 0 0 4 0 0 0 0 0 0 0 0 0],False,"tf.Tensor(
[[ 2.5076547   1.5174778   1.3129716   1.5909809   2.088764    1.0127616
   0.99620974  0.76109064  2.1605248  -0.30552208  0.40786165 -0.1088185
   2.1208584   0.7674884   0.8336267   2.0848148   1.5345277   0.831325  ]], shape=(1, 18), dtype=float32)"
1994,[12 1 0 0 0 0 0 6 3 1 2 4 0 0 0 4 0 0 0 0 0 0 0 0 0],"tf.Tensor([2.2189682 1.4517287 0.7270001 1.4616238 1.651685  7.       ], shape=(6,), dtype=float32)",0.4,[12 2 5 5 6 3 0 0 0 4 0 0 0 0 0 4 0 0 0 0 0 0 0 0 0],False,"tf.Tensor(
[[ 2.2189682   1.4517287   0.7270001   1.4616238   1.651685    0.6928764
   0.54234165  1.1297793   1.3235092  -0.09602209  0.2858562   0.01628746
   1.8089461   0.7949932   1.1742556   1.5055891   1.4243195   0.81832534]], shape=(1, 18), dtype=float32)"
1995,[12 2 5 5 6 3 0 0 0 4 0 0 0 0 0 4 0 0 0 0 0 0 0 0 0],"tf.Tensor([ 2.735467   1.2421777  1.4284923  1.756551   1.4672893 10.       ], shape=(6,), dtype=float32)",0.1,[12 3 5 5 6 3 4 0 0 0 0 0 0 0 0 4 0 0 0 0 0 0 0 0 0],False,"tf.Tensor(
[[ 2.735467    1.2421777   1.4284923   1.756551    1.4672893   0.8344865
   0.85612154  1.1383421   2.0216775  -0.38832992  0.62407094 -0.00608971
   1.7138277   0.1011566   1.1931698   2.2488513   1.4279144   0.9135246 ]], shape=(1, 18), dtype=float32)"
1996,[12 3 5 5 6 3 4 0 0 0 0 0 0 0 0 4 0 0 0 0 0 0 0 0 0],"tf.Tensor([ 2.6103275  0.9868648  1.5921682  2.0240629  1.5427221 10.       ], shape=(6,), dtype=float32)",0.0,[13 1 0 0 0 0 0 5 5 4 6 3 0 0 0 4 0 0 0 0 0 0 0 0 0],False,"tf.Tensor(
[[ 2.6103275   0.9868648   1.5921682   2.0240629   1.5427221   0.75268984
   0.5718471   0.9694498   1.9857467  -0.27812967  0.716588   -0.19837841
   1.7412901  -0.54408354  1.4599546   2.7714257   0.7749521   1.4155668 ]], shape=(1, 18), dtype=float32)"
1997,[13 1 0 0 0 0 0 5 5 4 6 3 0 0 0 4 0 0 0 0 0 0 0 0 0],"tf.Tensor([2.82071   1.8149608 0.9702078 1.7428291 2.0886593 7.       ], shape=(6,), dtype=float32)",0.5,[13 2 2 2 6 6 5 0 0 0 0 0 0 0 0 4 0 0 0 0 0 0 0 0 0],False,"tf.Tensor(
[[ 2.82071     1.8149608   0.9702078   1.7428291   2.0886593   1.1367546
   0.9966668   1.0728947   1.9581889  -0.4422895   0.29110575  0.13926405
   2.2379065   1.2959479   1.1387585   1.8368486   2.143415    0.785944  ]], shape=(1, 18), dtype=float32)"
1998,[13 2 2 2 6 6 5 0 0 0 0 0 0 0 0 4 0 0 0 0 0 0 0 0 0],"tf.Tensor([ 2.608271    0.99158216  1.2916683   2.054453    1.2471616  10.        ], shape=(6,), dtype=float32)",0.0,[13 3 2 2 6 6 5 0 0 0 0 0 0 0 0 4 0 0 0 0 0 0 0 0 0],False,"tf.Tensor(
[[ 2.608271    0.99158216  1.2916683   2.054453    1.2471616   0.7294443
   0.2835191   1.0807892   1.5974005  -0.37858894  0.8616241   0.13168254
   1.6565533  -0.40088543  1.183611    2.6106153   0.73485     1.5704058 ]], shape=(1, 18), dtype=float32)"
1999,[13 3 2 2 6 6 5 0 0 0 0 0 0 0 0 4 0 0 0 0 0 0 0 0 0],"tf.Tensor([ 2.5877252   0.97929835  1.3770442   2.039934    1.3072761  10.        ], shape=(6,), dtype=float32)",0.0,[14 1 0 0 0 0 0 2 2 6 6 5 0 0 0 4 0 0 0 0 0 0 0 0 0],True,"tf.Tensor(
[[ 2.5877252   0.97929835  1.3770442   2.039934    1.3072761   0.71354336
   0.30085057  1.0506073   1.6814343  -0.3540397   0.8728008   0.0741994
   1.6746076  -0.45330033  1.2090664   2.6446173   0.67006665  1.5591908 ]], shape=(1, 18), dtype=float32)"
